Ha-emitters-disk-iteractive_problematic/Halpha-disk_splus_16r175-Mine_PerField.ecsv
# %ECSV 1.0
# ---
# datatype:
# - {name: NUMBER, datatype: int64}
# - {name: ALPHA, datatype: float64}
# - {name: DELTA, datatype: float64}
# - {name: u, datatype: float64}
# - {name: uerr, datatype: float64}
# - {name: g, datatype: float64}
# - {name: gerr, datatype: float64}
# - {name: r, datatype: float64}
# - {name: rerr, datatype: float64}
# - {name: i, datatype: float64}
# - {name: ierr, datatype: float64}
# - {name: z, datatype: float64}
# - {name: zerr, datatype: float64}
# - {name: F378, datatype: float64}
# - {name: F378err, datatype: float64}
# - {name: F395, datatype: float64}
# - {name: F395err, datatype: float64}
# - {name: F410, datatype: float64}
# - {name: F410err, datatype: float64}
# - {name: F430, datatype: float64}
# - {name: F430err, datatype: float64}
# - {name: F515, datatype: float64}
# - {name: F515err, datatype: float64}
# - {name: F660, datatype: float64}
# - {name: F660err, datatype: float64}
# - {name: F861, datatype: float64}
# - {name: F861err, datatype: float64}
# - {name: flags_i, datatype: int64}
# - {name: fwhm_i, datatype: float64}
# - {name: fwhm_psf_i, datatype: float64}
# - {name: ellog_i, datatype: float64}
# - {name: ellip_i, datatype: float64}
# - {name: class_i, datatype: float64}
# - {name: spread_i, datatype: float64}
# - {name: flux_radius_i, datatype: float64}
# - {name: area_i, datatype: int64}
# - {name: mumax_i, datatype: float64}
# - {name: mag_aper2_i, datatype: float64}
# - {name: magerr_apper2_i, datatype: float64}
# - {name: mag_aper4_i, datatype: float64}
# - {name: magerr_apper4_i, datatype: float64}
# - {name: mag_aper6_i, datatype: float64}
# - {name: magerr_apper6_i, datatype: float64}
# - {name: flux_aper6_u, datatype: float64}
# - {name: fluxerr_aper6_u, datatype: float64}
# - {name: flux_aper6_g, datatype: float64}
# - {name: fluxerr_aper6_g, datatype: float64}
# - {name: flux_aper6_r, datatype: float64}
# - {name: fluxerr_aper6_r, datatype: float64}
# - {name: flux_aper6_i, datatype: float64}
# - {name: fluxerr_aper6_i, datatype: float64}
# - {name: flux_aper6_z, datatype: float64}
# - {name: fluxerr_aper6_z, datatype: float64}
# - {name: flux_aper6_F378, datatype: float64}
# - {name: fluxerr_aper6_F378, datatype: float64}
# - {name: flux_aper6_F395, datatype: float64}
# - {name: fluxerr_aper6_F395, datatype: float64}
# - {name: flux_aper6_F410, datatype: float64}
# - {name: fluxerr_aper6_F410, datatype: float64}
# - {name: flux_aper6_F430, datatype: float64}
# - {name: fluxerr_aper6_F430, datatype: float64}
# - {name: flux_aper6_F515, datatype: float64}
# - {name: fluxerr_aper6_F515, datatype: float64}
# - {name: flux_aper6_F660, datatype: float64}
# - {name: fluxerr_aper6_F660, datatype: float64}
# - {name: flux_aper6_F861, datatype: float64}
# - {name: fluxerr_aper6_F861, datatype: float64}
# - {name: x, datatype: float64}
# - {name: y, datatype: float64}
# - {name: field, datatype: string}
# - {name: a_image, datatype: float64}
# - {name: b_image, datatype: float64}
# - {name: theta_image, datatype: float64}
# - {name: kron_radius_i, datatype: float64}
# - {name: flags_r, datatype: int64}
# - {name: fwhm_r, datatype: float64}
# - {name: fwhm_psf_r, datatype: float64}
# - {name: ellog_r, datatype: float64}
# - {name: ellip_r, datatype: float64}
# - {name: class_r, datatype: float64}
# - {name: spread_r, datatype: float64}
# - {name: flux_radius_r, datatype: float64}
# - {name: area_r, datatype: int64}
# - {name: mumax_r, datatype: float64}
# - {name: kron_radius_r, datatype: float64}
# schema: astropy-2.0
NUMBER ALPHA DELTA u uerr g gerr r rerr i ierr z zerr F378 F378err F395 F395err F410 F410err F430 F430err F515 F515err F660 F660err F861 F861err flags_i fwhm_i fwhm_psf_i ellog_i ellip_i class_i spread_i flux_radius_i area_i mumax_i mag_aper2_i magerr_apper2_i mag_aper4_i magerr_apper4_i mag_aper6_i magerr_apper6_i flux_aper6_u fluxerr_aper6_u flux_aper6_g fluxerr_aper6_g flux_aper6_r fluxerr_aper6_r flux_aper6_i fluxerr_aper6_i flux_aper6_z fluxerr_aper6_z flux_aper6_F378 fluxerr_aper6_F378 flux_aper6_F395 fluxerr_aper6_F395 flux_aper6_F410 fluxerr_aper6_F410 flux_aper6_F430 fluxerr_aper6_F430 flux_aper6_F515 fluxerr_aper6_F515 flux_aper6_F660 fluxerr_aper6_F660 flux_aper6_F861 fluxerr_aper6_F861 x y field a_image b_image theta_image kron_radius_i flags_r fwhm_r fwhm_psf_r ellog_r ellip_r class_r spread_r flux_radius_r area_r mumax_r kron_radius_r
[from data line 20]
175737 125.01577357510452 -30.285083379216445 18.803858 0.039917067 17.399483 0.013454632 16.782534 0.0075176526 16.575191 0.007014769 15.975565 0.010272067 18.582798 0.04765413 18.352554 0.06916003 17.701641 0.05574704 17.487621 0.03764068 16.67408 0.021584243 16.00342 0.007224152 16.506382 0.010748263 0 2.9401524 1.43 1.1436791 0.12562889 0.98751974 0.000656735 1.4435062 49 17.707811 16.7669 0.007911605 16.639795 0.011653245 16.610151 0.01616908 6.236587 0.54980403 236.38634 7.0768857 393.23154 5.9695477 400.2575 5.959296 240.88982 6.21075 4.5928254 0.41245776 4.2876425 0.6589664 14.458891 1.9103669 19.720802 1.7337925 36.4963 1.8856155 67.82842 0.73117375 88.742485 2.0299828 1814.2303 9168.866 d262 1.5789008 1.3805453 37.211594 3.5 0 2.9204571 1.55 1.1436791 0.12562889 0.9995879 0.0004778752 1.5849453 56 18.057878 3.5
189401 123.99907894739148 -30.18145466894305 19.8844 0.10652895 17.413115 0.014144772 16.816053 0.00794056 17.063187 0.010319095 16.140753 0.011816677 19.551931 0.11193731 18.968653 0.12082366 18.071178 0.07853555 17.816734 0.05102671 16.552639 0.020081723 16.364616 0.009595858 16.900785 0.014266785 0 4.0778627 1.43 1.1567198 0.13548642 0.9992168 0.02517057 1.9247117 23 18.317818 16.93613 0.008946559 15.555193 0.0049040443 14.498777 0.002871046 29.232145 0.5815702 2439.9902 8.657612 3546.5066 7.9413743 2798.2644 7.39774 2687.6138 7.5417523 27.982224 0.45532146 29.87822 0.72078687 121.338425 2.0942528 179.30351 1.9993584 461.9464 2.4520068 346.75146 0.94705826 733.83563 2.6410527 7563.3716 9854.522 d262 1.106627 0.95669407 -43.37461 3.5 0 5.462197 1.55 1.1567198 0.13548642 0.99981964 0.020128261 2.1614554 23 18.465595 3.5
190756 124.0004491183506 -30.181080757751143 99.0 99.0 18.546207 0.03409422 17.466175 0.012292061 17.716331 0.016256087 17.044096 0.023422854 20.064476 0.28034687 19.337677 1.1983752 18.961876 0.16740996 19.208155 0.16088462 17.492933 0.040432956 17.005045 0.014750354 17.711912 0.025163775 0 4.78421 1.43 1.1561253 0.13504183 0.9680496 0.034108743 2.1709948 25 19.02286 17.46511 0.013383526 16.15596 0.007826583 15.2599325 0.0051521724 3.383238 0.5451703 819.6513 7.521615 1802.8079 6.9165187 1388.1185 6.585475 1029.7974 6.6637797 6.3114996 0.4153647 4.4780617 0.6587986 21.513699 1.9211901 46.08804 1.7788138 164.3174 2.0705802 169.12476 0.81569463 299.1623 2.2460701 7555.626 9856.995 d262 1.2078999 1.0447829 -13.299786 3.5 0 6.7072883 1.55 1.1561253 0.13504183 0.9924364 0.021732049 2.419954 25 19.153807 3.5
