Ha-emitters-disk-iteractive/Halpha-disk_splus_185r195-Mine_PerField.ecsv
# %ECSV 1.0
# ---
# datatype:
# - {name: NUMBER, datatype: int64}
# - {name: ALPHA, datatype: float64}
# - {name: DELTA, datatype: float64}
# - {name: u, datatype: float64}
# - {name: uerr, datatype: float64}
# - {name: g, datatype: float64}
# - {name: gerr, datatype: float64}
# - {name: r, datatype: float64}
# - {name: rerr, datatype: float64}
# - {name: i, datatype: float64}
# - {name: ierr, datatype: float64}
# - {name: z, datatype: float64}
# - {name: zerr, datatype: float64}
# - {name: F378, datatype: float64}
# - {name: F378err, datatype: float64}
# - {name: F395, datatype: float64}
# - {name: F395err, datatype: float64}
# - {name: F410, datatype: float64}
# - {name: F410err, datatype: float64}
# - {name: F430, datatype: float64}
# - {name: F430err, datatype: float64}
# - {name: F515, datatype: float64}
# - {name: F515err, datatype: float64}
# - {name: F660, datatype: float64}
# - {name: F660err, datatype: float64}
# - {name: F861, datatype: float64}
# - {name: F861err, datatype: float64}
# - {name: flags_i, datatype: int64}
# - {name: fwhm_i, datatype: float64}
# - {name: fwhm_psf_i, datatype: float64}
# - {name: ellog_i, datatype: float64}
# - {name: ellip_i, datatype: float64}
# - {name: class_i, datatype: float64}
# - {name: spread_i, datatype: float64}
# - {name: flux_radius_i, datatype: float64}
# - {name: area_i, datatype: int64}
# - {name: mumax_i, datatype: float64}
# - {name: mag_aper2_i, datatype: float64}
# - {name: magerr_apper2_i, datatype: float64}
# - {name: mag_aper4_i, datatype: float64}
# - {name: magerr_apper4_i, datatype: float64}
# - {name: mag_aper6_i, datatype: float64}
# - {name: magerr_apper6_i, datatype: float64}
# - {name: flux_aper6_u, datatype: float64}
# - {name: fluxerr_aper6_u, datatype: float64}
# - {name: flux_aper6_g, datatype: float64}
# - {name: fluxerr_aper6_g, datatype: float64}
# - {name: flux_aper6_r, datatype: float64}
# - {name: fluxerr_aper6_r, datatype: float64}
# - {name: flux_aper6_i, datatype: float64}
# - {name: fluxerr_aper6_i, datatype: float64}
# - {name: flux_aper6_z, datatype: float64}
# - {name: fluxerr_aper6_z, datatype: float64}
# - {name: flux_aper6_F378, datatype: float64}
# - {name: fluxerr_aper6_F378, datatype: float64}
# - {name: flux_aper6_F395, datatype: float64}
# - {name: fluxerr_aper6_F395, datatype: float64}
# - {name: flux_aper6_F410, datatype: float64}
# - {name: fluxerr_aper6_F410, datatype: float64}
# - {name: flux_aper6_F430, datatype: float64}
# - {name: fluxerr_aper6_F430, datatype: float64}
# - {name: flux_aper6_F515, datatype: float64}
# - {name: fluxerr_aper6_F515, datatype: float64}
# - {name: flux_aper6_F660, datatype: float64}
# - {name: fluxerr_aper6_F660, datatype: float64}
# - {name: flux_aper6_F861, datatype: float64}
# - {name: fluxerr_aper6_F861, datatype: float64}
# - {name: x, datatype: float64}
# - {name: y, datatype: float64}
# - {name: field, datatype: string}
# - {name: a_image, datatype: float64}
# - {name: b_image, datatype: float64}
# - {name: theta_image, datatype: float64}
# - {name: kron_radius_i, datatype: float64}
# - {name: flags_r, datatype: int64}
# - {name: fwhm_r, datatype: float64}
# - {name: fwhm_psf_r, datatype: float64}
# - {name: ellog_r, datatype: float64}
# - {name: ellip_r, datatype: float64}
# - {name: class_r, datatype: float64}
# - {name: spread_r, datatype: float64}
# - {name: flux_radius_r, datatype: float64}
# - {name: area_r, datatype: int64}
# - {name: mumax_r, datatype: float64}
# - {name: kron_radius_r, datatype: float64}
# schema: astropy-2.0
NUMBER ALPHA DELTA u uerr g gerr r rerr i ierr z zerr F378 F378err F395 F395err F410 F410err F430 F430err F515 F515err F660 F660err F861 F861err flags_i fwhm_i fwhm_psf_i ellog_i ellip_i class_i spread_i flux_radius_i area_i mumax_i mag_aper2_i magerr_apper2_i mag_aper4_i magerr_apper4_i mag_aper6_i magerr_apper6_i flux_aper6_u fluxerr_aper6_u flux_aper6_g fluxerr_aper6_g flux_aper6_r fluxerr_aper6_r flux_aper6_i fluxerr_aper6_i flux_aper6_z fluxerr_aper6_z flux_aper6_F378 fluxerr_aper6_F378 flux_aper6_F395 fluxerr_aper6_F395 flux_aper6_F410 fluxerr_aper6_F410 flux_aper6_F430 fluxerr_aper6_F430 flux_aper6_F515 fluxerr_aper6_F515 flux_aper6_F660 fluxerr_aper6_F660 flux_aper6_F861 fluxerr_aper6_F861 x y field a_image b_image theta_image kron_radius_i flags_r fwhm_r fwhm_psf_r ellog_r ellip_r class_r spread_r flux_radius_r area_r mumax_r kron_radius_r
[from data line 339]
101051 123.9568582247744 -27.799417352058686 20.42203 0.36441275 20.171602 0.23042497 19.037027 0.05813569 18.391895 0.031236371 18.089306 0.031720616 99.0 99.0 99.0 99.0 19.045385 0.91934663 99.0 99.0 99.0 99.0 18.059042 0.027371952 18.1508 0.042304195 0 3.3877788 1.54 1.2007718 0.16720235 0.962413 0.00062659505 1.682663 28 19.863283 18.708132 0.036014363 18.448767 0.052377608 18.242376 0.06368473 0.31943637 0.4048872 5.131345 4.1982684 23.294922 3.3098354 48.244667 2.8291426 40.4432 2.448102 1.1719751 0.37631968 1.1422677 0.53107864 1.775703 1.1458733 0.5649511 1.1800692 -1.8679754 1.1985935 6.529147 0.38424438 13.309865 1.0562817 7185.0146 7317.175 d231 1.3944105 1.1612618 13.404571 3.5 0 3.6424282 1.78 1.2007718 0.16720235 0.84689933 -0.0029894807 1.7791984 20 20.507177 3.5
106924 124.99577491605666 -27.74000185264436 99.0 99.0 20.089802 0.20791571 19.425158 0.07841426 19.174553 0.057382878 19.128294 0.071903504 99.0 99.0 99.0 99.0 19.41753 0.39950374 99.0 99.0 99.0 99.0 18.817766 0.09644429 19.038412 0.08479376 0 3.2228549 1.54 1.0761735 0.07078183 0.9394784 -0.0022174683 1.5063359 18 20.496403 19.48931 0.069714546 19.310984 0.11324676 19.004934 0.12714523 0.6424833 0.4057841 2.5342903 4.1979675 20.863997 3.3089378 23.901577 2.7983162 13.818493 2.4158216 0.38575074 0.37409493 0.4789219 0.5286725 -0.3276349 1.1420901 -0.66765094 1.1794413 -0.6855969 1.199442 5.843571 0.38342807 4.012854 1.037695 1167.0353 7694.9155 d231 1.1810714 1.097473 -27.535421 3.5 0 4.095244 1.78 1.0761735 0.07078183 0.71849644 -0.00060462457 1.8445688 17 20.899147 3.5
109689 124.34630857125492 -27.714055257200595 99.0 99.0 19.200588 0.096734814 18.601078 0.040744368 18.347204 0.030291524 18.158411 0.0330825 19.392076 0.27393335 99.0 99.0 20.64696 1.9015353 19.36747 0.29696998 18.863546 0.13838431 17.231293 0.015728608 18.238497 0.044598795 0 2.979863 1.54 1.1802405 0.15271509 0.9751021 -0.0023706374 1.7116712 28 19.833424 18.689054 0.035397004 18.454697 0.052609943 18.417439 0.07459519 0.05635491 0.40451568 25.487638 4.225095 35.70966 3.3271456 41.06053 2.8203664 29.38845 2.4347997 1.2991964 0.37683666 -0.2508098 0.5264527 0.703808 1.1434627 2.623633 1.1857514 4.874223 1.2105076 14.101304 0.39603043 9.631054 1.0490012 4929.602 7877.6924 d231 1.5010018 1.2717762 4.3425193 3.5 0 3.7339492 1.78 1.1802405 0.15271509 0.8874742 -0.0009540196 1.8666602 29 20.381798 3.5
60874 101.08398233213178 -29.464461595163712 20.429111 0.079709046 19.891863 0.027842691 19.107649 0.017272769 18.75679 0.015821833 18.637259 0.022117931 20.133406 0.07782382 20.04215 0.11212693 19.473015 0.061601948 19.371151 0.05403313 18.83148 0.030869996 18.319275 0.012927071 18.132612 0.02040191 0 2.492586 1.07 1.2038686 0.1693446 0.7532891 0.004122955 1.4831117 51 19.0212 18.57398 0.015624609 18.356775 0.020922922 18.22678 0.026313368 2.3060424 0.28884986 61.209373 2.0207195 97.41291 2.2158 105.314606 2.551733 59.57663 2.888658 1.2756854 0.17932466 0.9444506 0.2806446 3.2807245 0.62951875 6.7890873 0.6868881 14.650411 0.73995215 15.307602 0.28242832 26.239601 1.238005 9034.193 5482.684 d232 1.632502 1.3560466 -11.365365 3.5 0 2.2072186 1.08 1.2038686 0.1693446 0.9968801 0.0019121009 1.4892104 51 19.330296 3.5
65945 101.30375106479212 -29.40733523858614 21.810434 0.23565038 19.880337 0.028779592 19.113825 0.017437596 18.726402 0.015621291 18.535534 0.02048392 22.036983 0.34936103 21.291668 0.29118702 20.61146 0.13516049 99.0 99.0 19.76855 0.05393608 18.532307 0.014560256 18.602642 0.027396377 0 1.6262416 1.07 1.0590671 0.05577284 0.97895074 -0.001127355 1.0448693 25 18.975618 18.886131 0.019564923 18.803038 0.030383656 18.79291 0.043208994 0.17199597 0.28023127 25.972666 1.9267658 58.69587 2.1385314 62.52255 2.4876025 46.799126 2.8748972 -0.019134108 0.17360868 0.22619839 0.27684236 2.5365205 0.62602925 0.80422175 0.6597994 5.764995 0.70493335 19.439734 0.2910756 16.776787 1.2212936 7782.98 5862.093 d232 1.228548 1.1600285 76.23268 3.5 0 1.8685697 1.08 1.0590671 0.05577284 0.9779144 0.0002817834 1.1267828 25 19.55262 3.5
101328 101.04834082323389 -29.00835739690044 99.0 99.0 20.612919 0.04692655 19.344751 0.020210046 18.64276 0.015116914 18.307161 0.017744388 99.0 99.0 99.0 99.0 99.0 99.0 21.75018 0.31223676 20.458189 0.08812093 18.827936 0.01772466 18.45528 0.025097687 0 1.7319602 1.07 1.0704108 0.06577921 0.98211664 0.003297592 1.1258167 29 18.988018 18.723701 0.017402565 18.65709 0.02688939 18.632463 0.037504315 0.35892737 0.28104046 9.199246 1.8806808 48.428562 2.1178694 72.47941 2.50303 54.275654 2.8833919 -0.12244968 0.17363596 0.010311789 0.27573258 0.39731738 0.6159848 0.2344324 0.6572651 0.74158394 0.6844494 7.597071 0.26557702 20.125017 1.2274143 9254.132 8467.1455 d232 1.2473646 1.165314 79.54651 3.5 0 1.8110096 1.08 1.0704108 0.06577921 0.98213875 0.0038712313 1.166412 27 19.842701 3.5
14335 102.85543882499474 -29.942140031160832 20.455452 0.2081253 19.149294 0.04277437 18.877745 0.02589201 18.74673 0.022689389 18.653797 0.02827888 20.14862 0.21773916 19.738487 0.20303187 19.261251 0.13450195 19.695915 0.17529446 19.197006 0.08874983 18.413654 0.02190294 18.662382 0.03961257 0 1.6407585 1.09 1.1278877 0.11338699 0.97846013 -0.0004195012 1.0593022 19 19.282887 18.942604 0.0339229 18.796415 0.056440655 18.829485 0.08631482 1.5426406 0.66706115 49.57672 8.101177 61.939743 6.2959676 64.35846 5.1151834 39.26248 4.0292234 1.2146286 0.5265754 1.4491572 0.74476564 4.2831078 2.0682776 4.0287776 2.1922743 8.695465 2.303908 11.831284 0.7164002 14.119417 1.9174048 8126.3853 2360.0989 d233 1.2317375 1.0920745 35.89237 3.5 0 1.6582264 1.18 1.1278877 0.11338699 0.9965979 -0.004229501 1.084457 23 19.494217 3.5
56466 102.90714231688116 -29.28875572821729 99.0 99.0 20.854246 0.22066338 19.447077 0.043776933 18.798687 0.025143282 18.414352 0.02443664 99.0 99.0 99.0 99.0 99.0 99.0 20.39977 0.49159274 20.23836 0.23397514 18.65671 0.030175582 18.547838 0.037819423 0 1.8849785 1.09 1.0740229 0.06892115 0.97604907 -0.00092067226 1.1451033 16 19.371643 19.044033 0.03699856 18.835402 0.05850022 18.627636 0.07177456 -1.2028099 0.6649667 6.766321 8.069495 58.75295 6.290838 77.50783 5.1225505 58.983032 4.0425525 0.33698666 0.5250032 0.8513831 0.7432293 4.309195 2.067345 1.056645 2.1871092 5.5742593 2.29894 9.679443 0.7142652 20.081274 1.9232727 7848.21 6638.046 d233 1.100398 1.0245572 53.73782 0.0 0 2.2777686 1.18 1.0740229 0.06892115 0.94862664 -0.0016470635 1.3307651 16 20.11834 3.5
8160 107.13714151198148 -30.085897397776385 21.833662 0.25893486 19.917883 0.043557495 18.933197 0.018058456 18.567171 0.018334217 18.376442 0.02678693 99.0 99.0 21.001692 0.3176499 20.868483 0.2324425 20.702456 0.17753579 19.743715 0.06590972 18.470718 0.01614702 18.41873 0.031087749 0 2.2081742 1.33 1.1084956 0.09787649 0.9907561 -0.001358842 1.3526292 35 19.690792 18.818321 0.021725362 18.699188 0.034640495 18.602417 0.046312265 0.54516613 0.25736505 27.246655 2.5852716 69.29913 2.4963455 80.137054 3.4174294 48.868603 4.2012634 -0.11821826 0.18672387 0.45555595 0.29033217 0.7855388 0.65525174 1.3751683 0.6974567 6.029665 0.7457277 13.542618 0.32186165 16.72613 1.6311342 2158.374 1415.7217 d235 1.3817425 1.2465024 83.500114 3.5 0 2.3502991 1.42 1.1084956 0.09787649 0.9818714 1.0940313e-05 1.4344934 36 20.170113 3.5
13757 107.19446580625544 -30.02824783131428 20.877888 0.11378518 19.727861 0.037903864 19.132006 0.020473836 18.91191 0.023243528 18.846241 0.038688656 20.964354 0.18941188 20.77774 0.26081115 20.061071 0.11783091 20.182007 0.115017004 19.58878 0.05842245 18.53909 0.01693843 18.779558 0.040493477 0 2.3055043 1.33 1.2012943 0.16756451 0.9871257 0.0005455388 1.4339827 31 20.078136 19.154943 0.028432397 19.004343 0.045360547 18.993214 0.065823995 1.2394724 0.2593066 30.944824 2.5954158 56.561535 2.4729965 55.91322 3.3889794 37.30618 4.190752 0.4086946 0.18835899 1.0023975 0.2929578 1.7583748 0.65932405 2.5220873 0.7021391 6.087118 0.74561775 10.993295 0.3169513 15.762961 1.6290997 1831.5707 1791.3593 d235 1.4945774 1.2441393 -81.41326 3.5 0 2.4555278 1.42 1.2012943 0.16756451 0.9822414 0.00151841 1.4648564 34 20.306627 3.5
24853 105.83677590323316 -29.919439313125626 21.05983 0.13363896 19.66432 0.037716735 19.163227 0.021453641 18.990416 0.025276382 18.996967 0.04618306 20.71641 0.15763186 20.24285 0.17212224 19.992432 0.116202146 20.089584 0.11241014 19.55742 0.060091004 18.819748 0.020234529 18.905005 0.046276007 0 2.4776077 1.33 1.1681136 0.14391887 0.94001627 0.00011184174 1.5881711 33 20.185722 19.215406 0.029939719 19.01391 0.045701545 18.960962 0.06397159 0.9785676 0.25869286 37.37576 2.6164253 64.78813 2.4888346 57.599033 3.3929114 39.06157 4.194653 0.9075612 0.1905562 1.2584032 0.29441828 3.9951909 0.66968 4.0805793 0.70930785 7.0879345 0.74987364 9.383415 0.3140686 11.608434 1.62454 9530.432 2501.5303 d235 1.4470397 1.2387834 -4.2407203 3.5 0 2.789474 1.42 1.1681136 0.14391887 0.9778812 -0.00012158145 1.600968 32 20.554867 3.5
28437 105.82529277820684 -29.88374776103569 22.604654 0.52155924 19.815954 0.041876264 18.71551 0.01593411 18.309343 0.015451913 18.087807 0.021974375 21.45237 0.29650322 21.564775 0.53347343 20.645243 0.19872174 20.557917 0.16344813 19.699512 0.0666054 18.060827 0.012632904 18.109629 0.025472503 0 2.4007173 1.33 1.1186817 0.106090665 0.98127866 -0.00089571445 1.442827 37 19.446745 18.567587 0.017878251 18.39707 0.026682341 18.35734 0.03717448 0.55482805 0.2572341 33.504406 2.60282 88.86733 2.5287871 100.43012 3.4377875 68.44775 4.213134 0.31277287 0.18792683 0.3373935 0.28955254 1.9659926 0.6601535 0.92778826 0.69506323 6.196165 0.74592483 29.822956 0.35070094 22.331833 1.6376058 9597.032 2734.7646 d235 1.4711432 1.3150687 -7.4740686 3.5 0 2.6551049 1.42 1.1186817 0.106090665 0.97990084 -0.00030632396 1.515931 43 19.981953 3.5
55367 106.1162616910751 -29.622183540827866 99.0 99.0 20.875862 0.08960454 19.485126 0.026639652 18.692743 0.020247068 18.421827 0.027968995 99.0 99.0 99.0 99.0 21.528591 0.39660415 21.3051 0.29313463 21.249792 0.21786714 18.910763 0.02144077 18.528318 0.03424958 0 2.2168913 1.33 1.064727 0.06079209 0.9805004 -0.0025178893 1.4024198 31 19.737537 18.973143 0.024584282 18.803286 0.037955094 18.762455 0.05347629 0.08626642 0.2559941 6.365108 2.5206356 40.535732 2.4457538 69.15414 3.4052548 52.527763 4.203969 0.38206863 0.18833448 -0.1351893 0.2880135 1.1201946 0.65676033 1.2337021 0.69683707 1.4980973 0.7281897 9.321945 0.3139076 13.0544 1.6262264 7951.918 4455.1694 d235 1.3172045 1.2371289 52.1298 3.5 0 2.5828722 1.42 1.064727 0.06079209 0.9766594 -0.0024255998 1.4433064 30 20.558973 3.5
71574 106.38875780287265 -29.46198625234812 22.339443 0.3807877 19.854832 0.040987164 18.934801 0.017985864 18.56078 0.018161435 18.257164 0.024318788 99.0 99.0 20.896395 0.2768769 20.92186 0.22991802 20.611712 0.15897538 19.872026 0.07202803 18.603668 0.017437281 18.200659 0.026664536 0 2.697585 1.33 1.0627772 0.059068978 0.7992697 0.0052610794 1.5948824 42 19.831099 18.748219 0.0205411 18.550543 0.030432208 18.523848 0.04314712 0.34026167 0.25665373 32.398415 2.6000268 84.39405 2.5216134 86.151024 3.4228072 70.86959 4.2158895 0.09922318 0.1870703 0.54757065 0.2906862 1.4555128 0.65801495 1.7350276 0.6987617 4.3558955 0.7390212 9.324725 0.31380358 26.063673 1.6429305 6402.81 5507.6787 d235 1.4907293 1.4026735 11.633797 3.5 0 3.3041244 1.42 1.0627772 0.059068978 0.6676442 0.009116002 1.7441635 42 20.437328 3.5
95471 107.25885263453009 -29.22865831279715 21.10932 0.13311501 20.386076 0.059588432 19.410017 0.024792867 19.126434 0.02746585 18.549559 0.030419303 20.734577 0.15039235 20.778725 0.24927972 20.777409 0.2029251 21.034275 0.22306162 20.138063 0.08686371 19.104904 0.024302337 18.958847 0.046593256 0 2.8773196 1.33 1.1124705 0.10109973 0.8069083 0.0050344 1.6101401 28 20.27318 19.306486 0.032181613 18.866352 0.040125884 18.626888 0.047301747 1.5244907 0.26004934 42.020008 2.627986 77.35973 2.5084019 78.350975 3.41265 65.75275 4.2101746 0.8489191 0.19012558 0.36039177 0.28960192 3.7458904 0.66792923 3.9562643 0.7080834 7.2721405 0.7498638 9.422769 0.31385952 13.980615 1.6260912 1434.6628 7023.206 d235 1.3028501 1.1711323 -22.858967 3.5 0 2.5629413 1.42 1.1124705 0.10109973 0.9665755 0.0026092327 1.6547194 32 20.646801 3.5
136175 107.00835577854023 -28.83671342443749 19.72179 0.04520813 19.612545 0.035062797 19.071583 0.020044465 19.046413 0.026444053 19.008602 0.045805342 19.684874 0.06703436 19.86092 0.117641754 19.955008 0.10565809 19.652042 0.07754821 19.515966 0.056380004 18.882475 0.021167288 18.987652 0.049337465 0 2.4942229 1.33 1.062765 0.05905825 0.96269435 0.0011754255 1.5019525 25 20.215918 19.303822 0.03212894 19.045366 0.04699266 19.041265 0.06876859 2.7604716 0.263844 36.88405 2.6141882 66.11961 2.4904485 53.49263 3.3873045 33.9665 4.189576 2.041227 0.19514646 1.5993406 0.29602972 2.9259381 0.6647409 3.6417053 0.7072037 5.001272 0.7416735 7.5574093 0.31047764 11.776055 1.624264 2855.469 9596.015 d235 1.3623241 1.2818676 54.14798 3.5 0 2.6319935 1.42 1.062765 0.05905825 0.9748237 0.0016102851 1.6005386 38 20.413918 3.5
422 108.60050734693648 -30.16468945028986 18.967075 0.03253321 17.071703 0.007618533 19.021957 0.024084277 16.908092 0.008294227 16.481476 0.007183266 17.777458 0.021978049 18.769245 0.062340282 17.29003 0.020583378 17.701677 0.025881298 16.890839 0.013439789 16.624722 0.0062387143 16.471113 0.009582388 0 2.5944798 1.49 1.1278757 0.11337745 0.9830936 -0.0058633736 1.2623217 48 17.7454 17.005634 0.007938517 16.901567 0.01060778 16.873867 0.014098317 5.2608933 0.32216313 347.39865 3.8446813 92.08371 3.3142617 379.8861 4.931634 266.7321 4.2296066 6.941638 0.25890583 2.9725387 0.37208125 29.653755 0.98817986 25.588902 1.0444024 60.166866 1.17954 54.732464 0.4662769 110.78879 1.7857085 3015.529 903.7657 d236 1.6018025 1.4201941 2.9277847 3.5 0 3.532694 1.64 1.1278757 0.11337745 0.9855247 0.007697166 2.2198188 32 19.445639 3.5
62956 108.78173657672492 -29.592058735326862 21.126133 0.17810844 19.713898 0.04539489 19.124018 0.026519911 18.853556 0.031222286 18.684555 0.035911184 20.41287 0.14571321 20.30594 0.20404203 20.179905 0.16458474 20.208775 0.16306773 19.481823 0.07577399 18.4684 0.02243109 18.818844 0.05280794 0 2.8688955 1.49 1.049533 0.047195315 0.9773614 0.00010214631 1.4944363 25 20.167986 19.099293 0.03706031 19.01239 0.06310526 19.091726 0.09996886 0.42759407 0.31024328 25.66558 3.374959 51.144638 3.2598743 49.26168 4.5346537 34.21454 4.054918 0.3798411 0.23794374 0.56868464 0.36237073 1.9875685 0.90177107 1.778751 0.9720216 6.006276 1.0402707 13.24566 0.4092633 10.747086 1.6586602 1969.8406 4647.4688 d236 1.3643192 1.2999297 61.646072 3.5 0 2.8609095 1.64 1.049533 0.047195315 0.9803525 4.562088e-05 1.6260425 32 20.527987 3.5
87137 107.4558459769893 -29.36971936219757 20.708208 0.12522735 19.331469 0.034566287 18.752386 0.020553354 18.537964 0.02486718 18.485615 0.031439018 20.281477 0.13042344 20.336143 0.21135779 19.779554 0.118502684 19.595224 0.0986005 19.187977 0.060807977 18.18474 0.017126303 18.391977 0.03808746 0 2.6413796 1.49 1.0598727 0.05649048 0.9797241 -0.0009247363 1.5189961 30 19.728275 18.81261 0.029289171 18.659964 0.04618771 18.645039 0.066712715 0.7472616 0.3110683 38.996994 3.3959596 75.11669 3.2919307 74.333435 4.5662847 45.78669 4.0640874 0.71509725 0.23907676 0.3365653 0.36145017 2.9400058 0.9049501 5.104386 0.9825159 7.5231237 1.0445006 17.118923 0.4149439 15.663042 1.665251 9525.447 6100.066 d236 1.4204568 1.3402145 17.562567 3.5 0 2.8933425 1.64 1.0598727 0.05649048 0.9814771 -0.00030267434 1.6326706 39 20.129272 3.5
