Ha-emitters-disk-iteractive/Halpha-disk_splus_13r16-Mine_PerField.ecsv
# %ECSV 1.0
# ---
# datatype:
# - {name: NUMBER, datatype: int64}
# - {name: ALPHA, datatype: float64}
# - {name: DELTA, datatype: float64}
# - {name: u, datatype: float64}
# - {name: uerr, datatype: float64}
# - {name: g, datatype: float64}
# - {name: gerr, datatype: float64}
# - {name: r, datatype: float64}
# - {name: rerr, datatype: float64}
# - {name: i, datatype: float64}
# - {name: ierr, datatype: float64}
# - {name: z, datatype: float64}
# - {name: zerr, datatype: float64}
# - {name: F378, datatype: float64}
# - {name: F378err, datatype: float64}
# - {name: F395, datatype: float64}
# - {name: F395err, datatype: float64}
# - {name: F410, datatype: float64}
# - {name: F410err, datatype: float64}
# - {name: F430, datatype: float64}
# - {name: F430err, datatype: float64}
# - {name: F515, datatype: float64}
# - {name: F515err, datatype: float64}
# - {name: F660, datatype: float64}
# - {name: F660err, datatype: float64}
# - {name: F861, datatype: float64}
# - {name: F861err, datatype: float64}
# - {name: flags_i, datatype: int64}
# - {name: fwhm_i, datatype: float64}
# - {name: fwhm_psf_i, datatype: float64}
# - {name: ellog_i, datatype: float64}
# - {name: ellip_i, datatype: float64}
# - {name: class_i, datatype: float64}
# - {name: spread_i, datatype: float64}
# - {name: flux_radius_i, datatype: float64}
# - {name: area_i, datatype: int64}
# - {name: mumax_i, datatype: float64}
# - {name: mag_aper2_i, datatype: float64}
# - {name: magerr_apper2_i, datatype: float64}
# - {name: mag_aper4_i, datatype: float64}
# - {name: magerr_apper4_i, datatype: float64}
# - {name: mag_aper6_i, datatype: float64}
# - {name: magerr_apper6_i, datatype: float64}
# - {name: flux_aper6_u, datatype: float64}
# - {name: fluxerr_aper6_u, datatype: float64}
# - {name: flux_aper6_g, datatype: float64}
# - {name: fluxerr_aper6_g, datatype: float64}
# - {name: flux_aper6_r, datatype: float64}
# - {name: fluxerr_aper6_r, datatype: float64}
# - {name: flux_aper6_i, datatype: float64}
# - {name: fluxerr_aper6_i, datatype: float64}
# - {name: flux_aper6_z, datatype: float64}
# - {name: fluxerr_aper6_z, datatype: float64}
# - {name: flux_aper6_F378, datatype: float64}
# - {name: fluxerr_aper6_F378, datatype: float64}
# - {name: flux_aper6_F395, datatype: float64}
# - {name: fluxerr_aper6_F395, datatype: float64}
# - {name: flux_aper6_F410, datatype: float64}
# - {name: fluxerr_aper6_F410, datatype: float64}
# - {name: flux_aper6_F430, datatype: float64}
# - {name: fluxerr_aper6_F430, datatype: float64}
# - {name: flux_aper6_F515, datatype: float64}
# - {name: fluxerr_aper6_F515, datatype: float64}
# - {name: flux_aper6_F660, datatype: float64}
# - {name: fluxerr_aper6_F660, datatype: float64}
# - {name: flux_aper6_F861, datatype: float64}
# - {name: fluxerr_aper6_F861, datatype: float64}
# - {name: x, datatype: float64}
# - {name: y, datatype: float64}
# - {name: field, datatype: string}
# - {name: a_image, datatype: float64}
# - {name: b_image, datatype: float64}
# - {name: theta_image, datatype: float64}
# - {name: kron_radius_i, datatype: float64}
# - {name: flags_r, datatype: int64}
# - {name: fwhm_r, datatype: float64}
# - {name: fwhm_psf_r, datatype: float64}
# - {name: ellog_r, datatype: float64}
# - {name: ellip_r, datatype: float64}
# - {name: class_r, datatype: float64}
# - {name: spread_r, datatype: float64}
# - {name: flux_radius_r, datatype: float64}
# - {name: area_r, datatype: int64}
# - {name: mumax_r, datatype: float64}
# - {name: kron_radius_r, datatype: float64}
# schema: astropy-2.0
NUMBER ALPHA DELTA u uerr g gerr r rerr i ierr z zerr F378 F378err F395 F395err F410 F410err F430 F430err F515 F515err F660 F660err F861 F861err flags_i fwhm_i fwhm_psf_i ellog_i ellip_i class_i spread_i flux_radius_i area_i mumax_i mag_aper2_i magerr_apper2_i mag_aper4_i magerr_apper4_i mag_aper6_i magerr_apper6_i flux_aper6_u fluxerr_aper6_u flux_aper6_g fluxerr_aper6_g flux_aper6_r fluxerr_aper6_r flux_aper6_i fluxerr_aper6_i flux_aper6_z fluxerr_aper6_z flux_aper6_F378 fluxerr_aper6_F378 flux_aper6_F395 fluxerr_aper6_F395 flux_aper6_F410 fluxerr_aper6_F410 flux_aper6_F430 fluxerr_aper6_F430 flux_aper6_F515 fluxerr_aper6_F515 flux_aper6_F660 fluxerr_aper6_F660 flux_aper6_F861 fluxerr_aper6_F861 x y field a_image b_image theta_image kron_radius_i flags_r fwhm_r fwhm_psf_r ellog_r ellip_r class_r spread_r flux_radius_r area_r mumax_r kron_radius_r
[from data line 452]
172262 113.07892573047644 -30.5715615296524 14.920719 0.0036042247 14.382024 0.0017087709 14.289651 0.001526283 14.2816105 0.0016197864 14.333816 0.0020585104 14.577196 0.0036522336 14.349199 0.0046683485 14.385164 0.004042112 14.369226 0.0038179636 14.325157 0.0031980362 14.1476 0.0016769461 14.352331 0.002853753 0 1.982188 1.12 1.0575416 0.054410696 0.87846756 0.0010276538 1.2682843 242 15.323912 14.518613 0.0016664021 14.361683 0.0016567957 14.299221 0.0017613488 249.35133 0.8621293 5038.832 7.9626994 5246.339 7.5068974 4175.5283 6.7721562 2323.5054 5.6087384 164.798 0.56943035 188.30843 0.8297404 506.90375 1.9457681 590.5967 2.1240573 781.8926 2.3535178 591.1079 0.9196437 797.8609 2.4444978 4543.3657 7303.4917 d255 1.7476937 1.6526004 28.604134 3.5 0 2.3793623 1.26 1.0575416 0.054410696 0.98308784 0.0009285423 1.503327 242 15.515032 3.5
175970 112.57469840058118 -30.54433293125988 15.897446 0.00593842 13.87031 0.0013360346 13.127638 0.0008779534 12.9817505 0.00086468336 12.780489 0.0009490132 15.441717 0.005621334 15.201143 0.0071408493 14.619364 0.004530711 14.424947 0.0039186548 13.6149235 0.0022746478 12.972318 0.0009638963 12.61301 0.0012292749 0 2.794953 1.12 1.1878837 0.15816677 0.9995705 0.014827718 1.5823567 405 14.279893 13.126561 0.0008592015 12.945631 0.0008061533 12.881413 0.0008061952 101.55246 0.63508105 7979.9 9.714133 15311.677 11.997321 15411.128 11.440495 10448.105 9.050131 74.86116 0.4265834 85.33147 0.62049305 407.43112 1.7887696 558.03064 2.0765882 1493.1902 3.0974941 1722.6423 1.4867939 3912.9846 4.418788 7385.5703 7479.6455 d255 2.078666 1.7498901 79.12237 3.5 0 2.5225337 1.26 1.1878837 0.15816677 0.99987626 0.0043417155 1.6205485 403 14.50417 3.5
179525 112.60461182347818 -30.52456886143084 15.798761 0.0056267707 13.745396 0.001259506 13.055033 0.0008487752 12.95231 0.00085334864 12.772971 0.0009462091 15.541486 0.0059177503 15.194838 0.007115792 14.507895 0.0042924304 14.318412 0.0037222474 13.609066 0.0022680971 12.879867 0.00092330604 12.590628 0.0012172519 0 2.8362453 1.12 1.0342231 0.03309065 0.99883544 0.016650343 1.5755692 492 14.234079 13.085596 0.00084296067 12.906411 0.00079100986 12.847955 0.0007925953 112.27796 0.65432966 8900.069 10.20113 16421.469 12.393685 15893.443 11.599511 10496.049 9.0674515 67.39082 0.41257688 86.103546 0.62242436 449.35562 1.8566908 607.813 2.1486742 1496.1298 3.100363 1872.7493 1.5465276 3962.9321 4.443573 7217.29 7609.4927 d255 1.9256992 1.8619766 -39.81737 3.5 0 2.6241083 1.26 1.0342231 0.03309065 0.9990979 0.005575637 1.6249559 491 14.399858 3.5
184354 112.85183119233604 -30.49901695945688 14.591746 0.003059578 13.323878 0.0010322912 13.045882 0.00084506726 13.071549 0.0009003955 12.976704 0.0010415963 14.0949745 0.0028909836 13.935447 0.0038209045 13.5992155 0.0027643135 13.523768 0.0025403488 13.181321 0.0018541478 12.962379 0.0009588081 12.886203 0.0013975496 0 2.5447285 1.12 1.1303294 0.115302086 0.9993469 0.012787192 1.478452 374 14.218273 13.251683 0.00091107877 13.077138 0.0008594915 13.014852 0.00086336286 337.5911 0.9726147 13236.05 12.235494 16726.281 12.499768 13628.854 10.834849 8398.766 8.3171 256.61407 0.6851207 273.1871 0.9687007 1041.8798 2.6334682 1275.7507 2.9480398 2226.2866 3.711453 1742.9766 1.4950128 3038.6016 3.9650173 5823.4395 7778.9824 d255 1.9533312 1.728108 57.017723 3.5 0 2.7914894 1.26 1.1303294 0.115302086 0.9998223 0.0066903164 1.5974932 374 14.351948 3.5
186807 112.67011156874948 -30.484095222412005 16.517778 0.008304056 13.90607 0.0013594946 13.0449295 0.00084490544 12.92637 0.0008428314 12.7071705 0.00091602496 16.170311 0.00823557 15.679749 0.009146952 15.001177 0.0054888665 14.651652 0.004381914 13.648588 0.002311542 12.850435 0.0009097464 12.453503 0.0011403707 0 2.9078617 1.12 1.0642909 0.06040728 0.9984027 0.017604485 1.6215521 513 14.210007 13.0426655 0.0008261623 12.858372 0.00077280484 12.796183 0.000771997 57.357735 0.5493873 7695.229 9.558946 16656.607 12.475828 16669.668 11.849846 11657.586 9.456607 37.623074 0.350891 55.027485 0.5438983 284.2946 1.5732712 450.3303 1.9119889 1440.2787 3.04851 1928.1412 1.5679678 4489.6543 4.6942534 6848.5366 7875.3115 d255 2.0171092 1.895261 -12.258038 3.5 0 2.6802847 1.26 1.0642909 0.06040728 0.9997582 0.0062876046 1.651529 513 14.418114 3.5
194425 112.46365818190608 -30.44091393237243 16.219416 0.0070438297 13.936414 0.0013796872 13.128516 0.0008797519 12.9733715 0.00086370914 12.781001 0.00095084036 15.836351 0.006897228 15.507243 0.008351236 14.826597 0.005029533 14.596049 0.0042637996 13.68489 0.0023530226 12.970457 0.00096339564 12.613104 0.0012313143 0 2.677383 1.12 1.0356443 0.03441751 0.998504 0.014315519 1.5692395 448 14.249807 13.139938 0.0008646316 12.955286 0.00080994284 12.896314 0.0008123704 75.11453 0.5853185 7470.9043 9.434414 15284.764 11.987697 15201.084 11.371004 10545.72 9.083858 51.625565 0.38111448 64.987785 0.57019705 334.25067 1.6640517 476.12222 1.9526327 1395.424 3.0062075 1721.7701 1.486454 3883.9856 4.404579 8014.2495 8154.441 d255 1.9495943 1.8824941 -11.279149 3.5 0 2.5907218 1.26 1.0356443 0.03441751 0.99918133 0.0046749027 1.6161102 447 14.381139 3.5
201212 112.7419331476163 -30.401785398831265 14.608378 0.0030881376 13.342219 0.001041632 13.025925 0.00083760725 13.010038 0.00088433234 12.8526945 0.0011021246 14.22746 0.0030834037 14.080519 0.004101013 13.671408 0.00286166 13.600937 0.0026375384 13.1777315 0.0018510508 12.9315605 0.00094552076 12.846086 0.0013744539 0 2.6026027 1.12 1.0798763 0.07396805 0.99861133 0.0128357755 1.5187755 473 14.232559 13.210623 0.0008937375 13.032737 0.0008410555 12.975078 0.00084580947 329.04224 0.96240205 12928.596 12.102209 16986.172 12.5896435 14137.377 11.010614 8702.679 8.429174 224.60724 0.6470968 238.14087 0.9138144 964.5825 2.5454922 1179.2795 2.8463643 2216.56 3.7038813 1787.1715 1.5127095 3127.3955 4.013238 6444.209 8414.823 d255 2.0231502 1.8735018 -74.565865 3.5 0 2.7713678 1.26 1.0798763 0.07396805 0.9984014 0.0066961963 1.6360971 474 14.3912525 3.5
207315 112.87509612329616 -30.370625062677203 14.307025 0.0026682112 14.019114 0.0014353999 13.901871 0.001266238 13.899913 0.0013408269 13.986295 0.0017204923 14.129189 0.0029404578 13.94226 0.0038332127 13.996224 0.0033475216 13.969746 0.0031471252 13.965332 0.0026900345 13.612668 0.001300541 13.9820175 0.0023756379 0 2.0345085 1.12 1.0727547 0.06782043 0.858362 0.0007572933 1.294683 315 14.89456 14.132822 0.0013831222 13.977038 0.0013511671 13.921998 0.0014112745 434.60565 1.0812769 6944.201 9.135946 7409.298 8.670314 5910.1816 7.680376 3188.3232 6.068483 246.40895 0.67327696 270.8708 0.96522677 717.43146 2.2417533 841.56635 2.4581826 1076.9551 2.6872869 958.09955 1.1350807 1112.3492 2.7098582 5692.483 8619.463 d255 1.8306662 1.7065096 15.123364 3.5 0 2.4101565 1.26 1.0727547 0.06782043 0.990872 0.0011153341 1.5451304 315 15.118208 3.5
219853 112.855584944412 -30.29522090310974 17.321365 0.013123916 14.215763 0.0015760432 13.093178 0.000864757 12.86263 0.0008176873 12.616038 0.0008729312 16.934061 0.012559799 16.475382 0.014053083 15.583473 0.007395786 15.164471 0.005655614 13.97562 0.0027033947 12.897496 0.00093044346 12.34093 0.0010815193 0 2.9285195 1.12 1.0578934 0.05472517 0.9912025 0.018296357 1.5989078 459 14.269883 12.987224 0.00080499874 12.794209 0.0007491641 12.728361 0.0007459538 28.227951 0.48461723 5835.1025 8.472737 15810.835 12.177282 17744.166 12.1881485 13314.896 9.986022 19.296797 0.30682734 27.218838 0.46249956 171.57687 1.3459232 286.03772 1.6289077 1080.0911 2.690612 1856.1825 1.5400398 5009.8403 4.9294057 5802.9077 9113.015 d255 1.9940684 1.8849427 -12.061722 3.5 0 2.7664688 1.26 1.0578934 0.05472517 0.99908584 0.004015262 1.5937593 459 14.362729 3.5
238642 112.27564075111856 -30.191330647829616 18.713287 0.031825673 16.560242 0.0051343557 15.742234 0.003130809 15.4070425 0.0028493614 15.236684 0.0033089316 18.667751 0.036725204 18.242273 0.0408536 17.563372 0.022355732 17.298935 0.01794597 16.452906 0.009437301 15.48613 0.003226556 15.14409 0.0042973007 0 1.9060494 1.12 1.2212133 0.18114227 0.91105145 -0.00010250816 1.3780676 162 16.29683 15.650135 0.0029507587 15.45102 0.003121025 15.380489 0.0035845097 8.1704035 0.43425706 704.6433 4.2138386 1436.2833 4.8151703 1542.4248 5.09101 1073.6025 4.8658323 4.314866 0.26531184 5.2900414 0.38623995 29.765585 0.98781574 42.062088 1.0788748 114.74202 1.3165641 178.18102 0.58949536 396.44315 2.0558407 9084.612 9783.206 d255 1.9057554 1.5605426 38.65147 3.5 0 2.3827336 1.26 1.2212133 0.18114227 0.9309597 0.0010111507 1.5736698 160 16.858543 3.5
106473 114.25783111825122 -30.851224080277348 16.190851 0.006433248 15.026971 0.00272755 14.8843155 0.0022123998 14.908947 0.002312043 14.718379 0.0026277266 15.734662 0.009341221 15.58202 0.01005379 15.273541 0.0076140957 15.248725 0.0071598496 14.944184 0.0049465634 14.677307 0.0023129277 14.515083 0.0032711546 0 2.5247962 1.21 1.0388333 0.03738159 0.84399766 0.013263913 1.6629826 177 15.95096 15.041792 0.0022943444 14.825967 0.0024223207 14.762372 0.0028088973 71.100204 0.57942086 2557.466 8.616851 3141.3281 7.7002807 2600.4636 6.725999 1632.5553 5.5127378 52.376827 0.6045833 57.81788 0.72741646 203.0821 2.0148063 239.25792 2.191557 421.07758 2.4712367 357.00467 0.92685676 636.2411 2.5321057 7116.746 5471.6 d256 1.7810056 1.7144288 29.411587 3.5 0 2.6379428 1.37 1.0388333 0.03738159 0.9761967 0.006375685 1.737388 177 16.00575 3.5
157311 113.93121860198409 -30.508277070859847 14.669579 0.0028129371 14.268082 0.0018260375 14.104478 0.0014968275 14.106516 0.0015521619 14.140296 0.001953145 14.426118 0.00457305 14.23767 0.0048344475 14.274863 0.0043822494 14.259402 0.0041619944 14.16673 0.0032924942 13.927293 0.0015843537 14.125971 0.0026743384 0 2.229308 1.21 1.0677866 0.06348324 0.9956226 0.0012926548 1.479619 175 15.136494 14.356901 0.0016121514 14.158023 0.0016184696 14.083316 0.0017652462 288.77466 0.8193108 5052.2134 10.034499 5935.0444 9.145737 4860.4136 7.900393 2721.5374 6.0990806 171.62152 0.8055581 193.25276 0.9638856 499.9934 2.4119751 576.9461 2.6216674 830.01715 2.9064016 706.97876 1.1313668 959.17633 2.7972069 8964.486 7709.024 d256 1.711918 1.6032399 57.16601 3.5 0 2.5184093 1.37 1.0677866 0.06348324 0.985746 0.0015492234 1.6031874 175 15.320267 3.5
173259 117.30974352505042 -30.245836033081662 16.017727 0.009127106 15.229393 0.004866066 14.715266 0.003120567 14.462483 0.0027417238 14.378726 0.0031609286 15.689356 0.01141683 15.484827 0.014709904 15.43092 0.013439462 15.349649 0.012614615 15.032653 0.00844412 14.4536495 0.0031655715 14.404638 0.0045091044 0 2.2519672 1.17 1.0978984 0.08916885 0.9709312 0.0006226844 1.4399399 177 15.501398 14.69793 0.002834139 14.53321 0.0028313983 14.480427 0.0030586566 34.739677 0.400011 749.2689 4.4290414 1349.2616 4.4264803 1451.5417 4.088184 924.5228 3.1092968 22.25981 0.31330892 24.416006 0.45223704 62.758484 1.1274124 72.71031 1.19153 132.99625 1.3399773 174.37152 0.56437576 313.58554 1.4951718 8375.636 9429.938 d258 1.8187962 1.6566162 83.20582 3.5 0 2.5962884 1.38 1.0978984 0.08916885 0.9826857 0.0006187991 1.6187985 175 16.026459 3.5
138180 118.8733088602606 -30.692594079413656 19.447763 0.044722028 15.093345 0.0027453837 13.096862 0.00092208997 12.7409 0.0008144135 12.573484 0.00088991295 19.387432 0.077403784 18.8898 0.075186715 17.622541 0.032217488 16.893734 0.01806084 14.794557 0.0044764234 12.791754 0.0009074357 11.779714 0.00083756103 0 4.74098 1.16 1.1636516 0.1406362 0.9931989 0.03725139 1.9144157 489 14.096581 12.368782 0.00064135727 12.184231 0.0005995837 12.123168 0.00059889746 3.5529807 0.33334282 2260.9568 7.4262085 14191.155 12.141443 27563.414 15.200423 27392.941 13.855504 1.4870938 0.30584666 3.0055947 0.48570374 21.918835 1.3860503 49.347416 1.5683069 447.5254 2.26665 1982.1462 1.6460559 10319.532 6.966231 8772.103 6503.518 d259 2.1686857 1.8636899 84.30713 3.5 0 2.7856586 1.32 1.1636516 0.1406362 0.9851513 0.0076225917 1.5792592 456 14.324236 3.5
220112 118.89152260722226 -30.165631206050257 16.43835 0.006589063 15.196737 0.002901555 14.407026 0.0017466341 13.983325 0.0014913657 13.652661 0.001641903 15.986941 0.007933854 15.799924 0.010030699 15.657527 0.008992255 15.531163 0.007929265 14.964073 0.0049040187 14.0991745 0.0016926414 13.906217 0.002331875 0 2.3558538 1.16 1.0751802 0.06992334 0.9966446 0.0010644447 1.3121052 205 14.803163 14.180192 0.0015243837 14.041417 0.0015594169 13.992754 0.0017094027 59.421448 0.44411907 2098.4297 7.3096743 4222.672 7.7939677 4926.049 7.753776 3485.2744 6.6030974 43.493298 0.40048066 51.882366 0.6165567 140.53094 1.6185712 176.7552 1.7989025 386.8008 2.188879 597.2361 1.0225041 1164.9092 2.9450345 8686.96 9953.54 d259 1.709189 1.5896769 65.20782 3.5 0 2.511015 1.32 1.0751802 0.06992334 0.9830402 0.0006016565 1.4938565 203 15.481478 3.5
63776 121.339026485531 -31.189547432257992 14.809228 0.0030386078 13.998097 0.0015806069 13.822573 0.0013036606 13.73745 0.001317853 13.733684 0.0015986473 14.364369 0.0035788298 14.04463 0.00438408 14.038648 0.0038096183 14.006236 0.0035955033 13.900993 0.0028515288 13.634784 0.0013771933 13.781443 0.0022424709 0 1.9731872 1.22 1.0618111 0.058212876 0.9998035 0.00045910786 1.296542 242 14.663646 13.998003 0.0013634005 13.828 0.0013579777 13.775317 0.0014652575 262.11124 0.851479 6433.6904 10.494698 7453.0776 9.754866 6307.7275 8.510538 3724.572 6.647421 187.89395 0.6896754 230.11993 1.0153108 632.2753 2.5272155 730.09015 2.729347 1047.8989 3.0434005 898.40533 1.216519 1254.3606 2.9634745 4111.1704 3257.616 d260 1.7591255 1.6567217 -18.060545 3.5 0 2.3350372 1.34 1.0618111 0.058212876 0.9903053 0.0013188353 1.4534123 243 14.95949 3.5
121944 120.55016308424084 -30.85249728954805 15.884254 0.0054386444 13.581247 0.0012737436 13.015825 0.0008709834 12.812158 0.0008327537 12.723479 0.00095856667 15.296439 0.005866359 15.554656 0.0096477 14.71093 0.0053838543 15.020414 0.005961594 13.765237 0.002615523 12.409878 0.00076243904 11.842758 0.0009909032 0 3.676284 1.22 1.0966786 0.088155806 0.9679171 0.030915022 2.082486 485 14.148174 12.807109 0.0007703269 12.495046 0.00068241847 12.404799 0.0006774699 102.558266 0.6933231 10516.029 12.379376 21125.137 14.635 22288.459 13.904015 15246.046 10.76915 82.14576 0.5555855 70.94549 0.74952626 383.4913 2.2185657 440.57153 2.384303 1632.3215 3.5488985 3186.1707 2.0554605 7322.7773 5.929707 8539.12 5457.993 d260 2.265355 2.065651 45.723072 3.5 0 3.8290832 1.34 1.0966786 0.088155806 0.964883 0.02288003 2.0664546 483 14.5272455 3.5
152718 120.3971251360228 -30.68124036596008 14.246115 0.0022634608 13.432844 0.001187813 13.299867 0.0010075645 13.319862 0.0010715601 13.324435 0.0012984454 13.797046 0.0026727961 13.425126 0.0031990272 13.434262 0.0027905155 13.415655 0.0026584654 13.331026 0.002142905 13.164952 0.0010959273 13.370304 0.0018284486 0 2.1135254 1.22 1.0494407 0.04711151 0.9904616 0.0017866329 1.433818 338 14.155604 13.584178 0.0011150191 13.401855 0.0010800215 13.343726 0.0011321249 440.4776 0.9994432 10845.008 12.519862 12137.069 11.660613 9386.624 9.7852955 5501.597 7.435551 317.01114 0.82459295 407.04163 1.2462054 1102.4056 3.0269718 1259.0929 3.2683053 1779.1918 3.665182 1388.3857 1.4381684 1867.0059 3.383753 9406.094 6574.2383 d260 1.8740015 1.7857145 38.95525 3.5 0 2.3696818 1.34 1.0494407 0.04711151 0.9987702 0.001723042 1.5613068 338 14.361828 3.5
