Ha-emitters-disk-iteractive/Halpha-disk_splus_175r185-Mine_PerField.ecsv
# %ECSV 1.0
# ---
# datatype:
# - {name: NUMBER, datatype: int64}
# - {name: ALPHA, datatype: float64}
# - {name: DELTA, datatype: float64}
# - {name: u, datatype: float64}
# - {name: uerr, datatype: float64}
# - {name: g, datatype: float64}
# - {name: gerr, datatype: float64}
# - {name: r, datatype: float64}
# - {name: rerr, datatype: float64}
# - {name: i, datatype: float64}
# - {name: ierr, datatype: float64}
# - {name: z, datatype: float64}
# - {name: zerr, datatype: float64}
# - {name: F378, datatype: float64}
# - {name: F378err, datatype: float64}
# - {name: F395, datatype: float64}
# - {name: F395err, datatype: float64}
# - {name: F410, datatype: float64}
# - {name: F410err, datatype: float64}
# - {name: F430, datatype: float64}
# - {name: F430err, datatype: float64}
# - {name: F515, datatype: float64}
# - {name: F515err, datatype: float64}
# - {name: F660, datatype: float64}
# - {name: F660err, datatype: float64}
# - {name: F861, datatype: float64}
# - {name: F861err, datatype: float64}
# - {name: flags_i, datatype: int64}
# - {name: fwhm_i, datatype: float64}
# - {name: fwhm_psf_i, datatype: float64}
# - {name: ellog_i, datatype: float64}
# - {name: ellip_i, datatype: float64}
# - {name: class_i, datatype: float64}
# - {name: spread_i, datatype: float64}
# - {name: flux_radius_i, datatype: float64}
# - {name: area_i, datatype: int64}
# - {name: mumax_i, datatype: float64}
# - {name: mag_aper2_i, datatype: float64}
# - {name: magerr_apper2_i, datatype: float64}
# - {name: mag_aper4_i, datatype: float64}
# - {name: magerr_apper4_i, datatype: float64}
# - {name: mag_aper6_i, datatype: float64}
# - {name: magerr_apper6_i, datatype: float64}
# - {name: flux_aper6_u, datatype: float64}
# - {name: fluxerr_aper6_u, datatype: float64}
# - {name: flux_aper6_g, datatype: float64}
# - {name: fluxerr_aper6_g, datatype: float64}
# - {name: flux_aper6_r, datatype: float64}
# - {name: fluxerr_aper6_r, datatype: float64}
# - {name: flux_aper6_i, datatype: float64}
# - {name: fluxerr_aper6_i, datatype: float64}
# - {name: flux_aper6_z, datatype: float64}
# - {name: fluxerr_aper6_z, datatype: float64}
# - {name: flux_aper6_F378, datatype: float64}
# - {name: fluxerr_aper6_F378, datatype: float64}
# - {name: flux_aper6_F395, datatype: float64}
# - {name: fluxerr_aper6_F395, datatype: float64}
# - {name: flux_aper6_F410, datatype: float64}
# - {name: fluxerr_aper6_F410, datatype: float64}
# - {name: flux_aper6_F430, datatype: float64}
# - {name: fluxerr_aper6_F430, datatype: float64}
# - {name: flux_aper6_F515, datatype: float64}
# - {name: fluxerr_aper6_F515, datatype: float64}
# - {name: flux_aper6_F660, datatype: float64}
# - {name: fluxerr_aper6_F660, datatype: float64}
# - {name: flux_aper6_F861, datatype: float64}
# - {name: fluxerr_aper6_F861, datatype: float64}
# - {name: x, datatype: float64}
# - {name: y, datatype: float64}
# - {name: field, datatype: string}
# - {name: a_image, datatype: float64}
# - {name: b_image, datatype: float64}
# - {name: theta_image, datatype: float64}
# - {name: kron_radius_i, datatype: float64}
# - {name: flags_r, datatype: int64}
# - {name: fwhm_r, datatype: float64}
# - {name: fwhm_psf_r, datatype: float64}
# - {name: ellog_r, datatype: float64}
# - {name: ellip_r, datatype: float64}
# - {name: class_r, datatype: float64}
# - {name: spread_r, datatype: float64}
# - {name: flux_radius_r, datatype: float64}
# - {name: area_r, datatype: int64}
# - {name: mumax_r, datatype: float64}
# - {name: kron_radius_r, datatype: float64}
# schema: astropy-2.0
NUMBER ALPHA DELTA u uerr g gerr r rerr i ierr z zerr F378 F378err F395 F395err F410 F410err F430 F430err F515 F515err F660 F660err F861 F861err flags_i fwhm_i fwhm_psf_i ellog_i ellip_i class_i spread_i flux_radius_i area_i mumax_i mag_aper2_i magerr_apper2_i mag_aper4_i magerr_apper4_i mag_aper6_i magerr_apper6_i flux_aper6_u fluxerr_aper6_u flux_aper6_g fluxerr_aper6_g flux_aper6_r fluxerr_aper6_r flux_aper6_i fluxerr_aper6_i flux_aper6_z fluxerr_aper6_z flux_aper6_F378 fluxerr_aper6_F378 flux_aper6_F395 fluxerr_aper6_F395 flux_aper6_F410 fluxerr_aper6_F410 flux_aper6_F430 fluxerr_aper6_F430 flux_aper6_F515 fluxerr_aper6_F515 flux_aper6_F660 fluxerr_aper6_F660 flux_aper6_F861 fluxerr_aper6_F861 x y field a_image b_image theta_image kron_radius_i flags_r fwhm_r fwhm_psf_r ellog_r ellip_r class_r spread_r flux_radius_r area_r mumax_r kron_radius_r
[from data line 760]
35379 131.68658982835393 -47.80203002718783 99.0 99.0 18.918653 0.05160979 18.102722 0.022226578 17.538538 0.014727624 17.232754 0.016004842 20.544899 0.3752101 19.292868 0.17155302 19.498407 0.20878369 19.43506 0.18439963 18.639997 0.07644057 17.479942 0.017617049 17.352432 0.024258273 0 3.0932772 1.67 1.1689404 0.1445244 0.981174 0.0014687367 1.5571617 38 18.706367 17.773087 0.017793383 17.609917 0.028501382 17.517277 0.038644657 1.6130017 0.677596 64.94462 8.022374 131.95479 7.292231 191.55298 6.8162975 173.10777 6.3499265 1.0799811 0.49929598 1.7147998 0.6918327 2.6841075 1.9237206 3.7974355 2.0383666 8.229687 2.2137434 28.476892 0.9075427 48.310024 2.7265496 5371.03 2089.9397 d445 1.5106299 1.292307 15.527861 3.5 0 3.4999337 1.92 1.1689404 0.1445244 0.9774956 0.0009424099 1.7742718 38 19.551378 3.5
39438 131.21687125394303 -47.779206731580615 20.295515 0.19565368 19.297426 0.070872106 18.423538 0.028693734 17.97643 0.020758701 17.765476 0.02456538 19.290598 0.119281985 19.969704 0.30729297 19.76987 0.2624769 19.828047 0.2564969 18.815092 0.08742418 18.009007 0.026754508 17.830067 0.035608824 0 2.8658278 1.67 1.210928 0.17418706 0.9708303 -0.0008784334 1.5142072 29 19.12614 18.240826 0.026499648 18.057472 0.042635277 18.023842 0.061235882 4.4616723 0.6805709 50.549583 8.009789 115.239136 7.2794385 120.13321 6.773907 65.37435 6.294081 6.8849063 0.508224 1.0274183 0.6900948 2.513805 1.9227072 4.0033827 2.037879 7.6318393 2.2121124 40.83103 0.9153282 24.01829 2.7060664 7437.1045 2233.8545 d445 1.4585704 1.2045063 9.097769 3.5 0 3.1649332 1.92 1.210928 0.17418706 0.9717889 0.00067029166 1.7111276 29 19.869434 3.5
45340 131.5450584623029 -47.74680400005644 20.509714 0.26139587 19.133778 0.06283046 18.289423 0.02609811 17.870327 0.019180972 17.697956 0.02328579 19.871433 0.20737343 20.605558 0.56223917 19.486437 0.2084946 19.522917 0.20091507 18.969988 0.10213398 17.886131 0.024378864 17.779514 0.034364462 0 2.7016566 1.67 1.1736202 0.14793563 0.9678074 -0.0016994651 1.5034707 30 18.996744 18.147472 0.024412548 17.944818 0.038463417 17.887218 0.054067116 1.7734817 0.6775144 47.822975 8.007995 132.0137 7.2894654 136.2424 6.782904 104.81916 6.3136926 3.543555 0.50299317 0.32339787 0.68858683 4.010887 1.9250052 4.9417624 2.0392818 12.22209 2.2180202 33.90306 0.9107797 29.608303 2.710553 5993.824 2451.1135 d445 1.51167 1.2880402 17.31396 3.5 0 3.3375518 1.92 1.1736202 0.14793563 0.97386986 0.00024298637 1.8385521 35 19.751427 3.5
45427 131.4810397831271 -47.74635435187673 20.447365 0.230553 18.998404 0.055715542 18.180485 0.023812884 17.815113 0.018340712 17.638931 0.022192676 19.786789 0.1927156 19.510714 0.21176052 99.0 99.0 19.46949 0.19140714 18.75765 0.084683776 17.680468 0.02067622 17.751328 0.03364511 0 2.7445695 1.67 1.133921 0.1181044 0.9793658 0.0006297427 1.6599694 35 19.077322 18.074877 0.022902196 17.742155 0.03206674 17.627943 0.04267111 1.5367604 0.67660916 62.624107 8.010249 179.54147 7.3111005 172.99068 6.797149 124.055336 6.317387 1.5510582 0.4993811 0.76384056 0.6888834 1.7032048 1.9196546 5.2296033 2.037803 13.916047 2.2181363 39.53869 0.9136679 34.749645 2.712165 6275.6006 2453.5322 d445 1.4288805 1.2601234 -12.160256 3.5 0 3.5464318 1.92 1.133921 0.1181044 0.9770626 0.0045539644 1.896292 38 19.742744 3.5
51972 131.48649704783983 -47.71035810492527 19.694948 0.11894354 18.886246 0.050906103 18.093874 0.022357237 17.700167 0.016832978 17.480236 0.019566193 19.430544 0.14283396 19.862312 0.28824496 19.806068 0.28130752 19.32618 0.16993637 18.724735 0.0831009 17.738478 0.021857146 17.56629 0.02909086 0 2.734282 1.67 1.1360269 0.119739175 0.9821149 -0.0023099482 1.4710064 35 18.930746 17.987606 0.021264346 17.795916 0.03363778 17.743345 0.047413982 6.4045863 0.682509 77.17413 8.02418 170.32468 7.309521 155.54697 6.7910695 101.18394 6.309448 7.183878 0.5084984 1.921819 0.69173723 2.0680022 1.9212698 5.74775 2.039691 10.971284 2.2155523 45.67088 0.918155 38.7586 2.7168376 6252.0967 2689.2122 d445 1.4682747 1.2924647 -7.33624 3.5 0 3.315578 1.92 1.1360269 0.119739175 0.978992 0.0025690715 1.8208625 39 19.713976 3.5
53181 131.50093848793085 -47.70433750492041 19.997097 0.15711777 18.735174 0.04474619 17.936726 0.019707087 17.5657 0.015177106 17.386612 0.018147917 19.056488 0.10358595 19.875944 0.31088263 19.472443 0.20846689 19.093489 0.13878085 18.487562 0.06827965 17.432587 0.01698145 17.459587 0.0267138 0 2.6800761 1.67 1.1373168 0.12073755 0.98223317 0.0004144625 1.6015226 38 18.722599 17.83554 0.018715814 17.574926 0.027639473 17.526142 0.03892393 6.163838 0.6821841 124.77508 8.054772 227.7644 7.343102 189.99532 6.809727 139.81941 6.3281236 7.422719 0.5088318 1.7984929 0.6914202 10.347676 1.9338046 11.017052 2.0473902 11.777462 2.2164176 69.04246 0.9332231 36.905716 2.715146 6188.5693 2728.756 d445 1.4550643 1.2793834 -0.63461566 3.5 0 3.4603837 1.92 1.1373168 0.12073755 0.9676985 0.004468122 1.8899425 41 19.443592 3.5
55529 131.59254077531412 -47.69222579650059 20.882006 0.3526165 19.428009 0.0827103 18.475458 0.030948978 17.95632 0.020644164 17.749203 0.024350211 19.782202 0.19713107 99.0 99.0 19.429844 0.20196648 20.23864 0.38732624 19.041243 0.11014736 18.022858 0.027595935 17.874235 0.037512343 0 2.9064994 1.67 1.1503248 0.13068032 0.97796386 0.0015390015 1.5371858 33 19.184809 18.200962 0.02552777 18.058044 0.04259235 18.021118 0.06106985 1.1800172 0.67667884 32.93718 7.996314 114.63696 7.2773952 120.43499 6.772511 91.259254 6.3054924 2.4260714 0.5011152 -0.1954344 0.68773085 2.7502284 1.922619 -0.65078956 2.0314045 4.2240577 2.2071984 40.76598 0.91508245 30.104239 2.710323 5785.1333 2808.612 d445 1.4419287 1.253497 -3.3306162 3.5 0 3.4990304 1.92 1.1503248 0.13068032 0.9697546 0.0010624052 1.767959 33 19.931644 3.5
55838 131.58971159412883 -47.69000071673489 19.85903 0.13902058 19.032492 0.05826481 18.213816 0.024806097 17.873613 0.019340474 17.676569 0.022990469 19.2339 0.12203928 20.478539 0.5644502 19.575098 0.23112261 19.39512 0.18226628 19.062677 0.112130165 17.637049 0.02024481 17.799625 0.03520481 0 2.827407 1.67 1.1117485 0.10051596 0.9786184 -0.00039648515 1.5030975 33 19.059504 18.146826 0.024369342 17.987438 0.04000106 17.954443 0.057437584 8.165413 0.6842362 51.739845 8.004331 200.48488 7.3246784 128.06268 6.773123 98.15298 6.3055 7.2520604 0.5084134 0.5342364 0.6884991 4.5060115 1.924262 4.820989 2.0375102 8.036911 2.2109118 74.165565 0.93624353 31.930172 2.710323 5797.6113 2823.1663 d445 1.4780043 1.3294413 -1.6553173 3.5 0 3.6976037 1.92 1.1117485 0.10051596 0.925389 0.003226958 1.9321829 40 19.80238 3.5
56199 131.58891501558858 -47.68798520629746 20.598347 0.27267498 19.121965 0.06318222 18.203743 0.024665544 17.734587 0.017365135 17.494207 0.019769393 20.130056 0.27077425 21.304035 1.1622655 19.271778 0.17423964 19.569498 0.2133452 19.098705 0.11582317 17.749166 0.022276556 17.616016 0.03025326 0 2.748355 1.67 1.1241716 0.11045611 0.98170084 -0.00287543 1.5160333 35 18.962847 18.013088 0.021794178 17.805367 0.033946782 17.659666 0.043965347 4.462464 0.6806771 52.936554 8.012608 185.43813 7.322424 168.00943 6.8016505 138.86073 6.3315415 4.8041215 0.5050499 -0.34102154 0.68800104 7.868725 1.9312139 4.227511 2.0385323 10.748455 2.216469 62.52382 0.9295599 36.709038 2.7166588 5801.1323 2836.3564 d445 1.4393246 1.2803425 -5.5469875 3.5 0 3.518681 1.92 1.1241716 0.11045611 0.9661831 -0.0002538854 1.8738598 37 19.805803 3.5
56265 131.5052852323807 -47.68746698978271 20.763805 0.313714 19.23372 0.06936409 18.327213 0.027265318 17.958553 0.020714974 17.77109 0.024827532 19.941322 0.22801846 19.567549 0.22433838 19.599087 0.23470235 19.82419 0.26734704 18.853128 0.093531385 17.922709 0.025437575 17.844343 0.036541194 0 2.7836397 1.67 1.0903528 0.082865655 0.97221625 -0.001933409 1.4806404 34 19.11937 18.242443 0.02645507 18.106224 0.044506747 18.09244 0.065169945 1.7586229 0.6772858 43.780205 8.002835 139.36443 7.291615 112.77791 6.7677073 73.06893 6.2959557 2.6117737 0.5013697 2.400454 0.69281185 6.0218015 1.9274875 2.4903812 2.0349777 7.0731845 2.2107031 41.161606 0.9152739 24.40568 2.7055392 6169.637 2839.225 d445 1.4486346 1.3285925 4.695182 3.5 0 3.5519607 1.92 1.0903528 0.082865655 0.9692871 0.0008872738 1.8460475 35 19.936625 3.5
56600 131.86616605516022 -47.6851976969949 99.0 99.0 19.672817 0.10232589 18.294239 0.026470207 17.49268 0.014264144 17.188936 0.015456073 20.474964 0.36449435 99.0 99.0 99.0 99.0 19.896482 0.28577626 19.58703 0.1787915 17.76444 0.022157105 17.26999 0.022838255 0 3.0947018 1.67 1.0827647 0.07643837 0.920258 0.0053738956 1.9668254 54 18.788166 17.678768 0.016440982 17.306755 0.02177003 17.214453 0.029376388 1.5983001 0.6773676 39.148327 8.002906 153.36218 7.302766 253.17384 6.848373 201.05115 6.361768 2.3146596 0.5010944 -0.41852242 0.68794703 0.74217314 1.9201349 3.6780052 2.0375516 3.427223 2.2068596 35.610703 0.9119709 66.63395 2.7402916 4579.4316 2853.4927 d445 1.6690487 1.5414693 13.259173 3.5 0 3.5825186 1.92 1.0827647 0.07643837 0.936921 0.00590001 2.0689387 49 19.93701 3.5
57684 131.77085609852375 -47.6798133581561 20.487984 0.24581748 19.17497 0.0663063 18.420668 0.029607998 18.03512 0.022125298 17.823366 0.02598379 19.403805 0.14130934 20.081964 0.35880923 19.31566 0.18382232 19.301819 0.17486052 19.070637 0.11317808 17.909016 0.025227336 17.95946 0.04038073 0 2.7303152 1.67 1.088938 0.0816741 0.97334284 -0.0017801027 1.4460686 33 19.197083 18.329987 0.028549686 18.166723 0.047021445 18.12021 0.0668117 4.195253 0.6797415 36.638783 7.994379 159.92549 7.3005276 109.92979 6.76298 77.439514 6.295196 5.838715 0.50620824 1.630652 0.6908465 5.3251805 1.9255189 5.668076 2.0387769 8.456707 2.2114532 50.915546 0.92123663 22.781595 2.7029757 4999.3677 2889.612 d445 1.4329412 1.315907 -14.187867 3.5 0 3.8956132 1.92 1.088938 0.0816741 0.88241935 0.0029678848 1.990561 39 19.947685 3.5
58212 131.76279452591342 -47.676752329995935 20.216055 0.1924636 18.662895 0.04248763 17.848246 0.01852056 17.404934 0.013466479 17.227514 0.016017426 19.027178 0.10215965 20.112864 0.36877602 19.487158 0.2151548 19.247091 0.16094197 18.557919 0.07270513 17.423115 0.017044624 17.217497 0.022114135 0 2.7602282 1.67 1.1582928 0.1366604 0.98293155 0.0010357208 1.6553255 43 18.621422 17.661648 0.016218627 17.340664 0.022454597 17.08872 0.026229668 3.7099764 0.67977035 84.862114 8.032964 250.49858 7.360455 284.25714 6.8655343 241.21513 6.381524 5.0424027 0.50538474 1.5340596 0.6912318 0.52683324 1.9198036 6.835704 2.042269 15.953814 2.2229831 58.13321 0.92665726 77.31656 2.7487526 5034.8677 2909.6992 d445 1.4908787 1.2871346 -9.377199 3.5 0 3.1358385 1.92 1.1582928 0.1366604 0.96570593 0.0030251255 1.8809875 44 19.32394 3.5
63635 130.77770457216636 -47.644898925847016 99.0 99.0 19.312864 0.07056597 18.356312 0.027343692 17.953882 0.02034157 17.76352 0.025239944 99.0 99.0 99.0 99.0 99.0 99.0 99.0 99.0 19.24725 0.12477485 17.944506 0.025289932 17.6576 0.031139584 0 3.7047133 1.67 1.1818576 0.1538744 0.9624105 -0.0016504511 1.8991194 17 19.286709 17.883894 0.019491952 16.752132 0.013406022 15.938919 0.009475621 -1.291068 0.6752249 287.83725 8.161411 789.81067 7.6696734 819.65704 7.1517124 561.02844 6.5338798 0.68982935 0.49828726 -0.38151544 0.6876227 4.4714575 1.9249605 5.354633 2.0391035 54.772156 2.271215 101.20718 0.9537256 220.67961 2.8586886 9378.806 3096.5247 d445 1.0738028 0.9085721 19.0293 0.0 0 4.7278876 1.92 1.1818576 0.1538744 0.96660155 -0.008846188 2.034989 17 20.031706 3.5
86641 132.5810642861808 -47.51800452128853 99.0 99.0 20.107538 0.14600441 18.449238 0.02956624 17.625692 0.015939062 17.273258 0.016607342 99.0 99.0 99.0 99.0 99.0 99.0 99.0 99.0 19.436573 0.14890726 17.897484 0.024386352 17.377298 0.024855668 0 2.5416608 1.67 1.0602401 0.056817472 0.98121727 0.0011276408 1.5143284 37 18.77491 17.881725 0.019444972 17.67764 0.03028351 17.64368 0.0433085 0.87256575 0.6762219 11.510235 7.9809227 111.453575 7.2743673 170.50116 6.799401 150.7318 6.3340125 1.7196606 0.49992046 -0.14449596 0.6876227 1.2980543 1.920086 -4.1368003 2.0310853 1.4288312 2.2032392 34.156258 0.91060615 43.15063 2.7203496 1416.1782 3924.8386 d445 1.4432744 1.3612711 -31.831806 3.5 0 3.2649932 1.92 1.0602401 0.056817472 0.9748955 0.003065751 1.7864658 31 19.9181 3.5
89363 132.35407999003775 -47.50400562243813 20.673746 0.28462633 18.802444 0.047554467 17.83967 0.018338714 17.4012 0.013517798 17.175632 0.015498062 19.505392 0.14891511 99.0 99.0 99.0 99.0 19.782896 0.25480548 18.651249 0.07794965 17.435085 0.01700778 17.266405 0.022982756 0 2.5415647 1.67 1.0425764 0.040837705 0.98273665 -0.0008959847 1.5537969 41 18.445375 17.675583 0.0163791 17.471338 0.0251844 17.348883 0.033136494 2.2810118 0.67745787 40.608356 7.995746 231.32439 7.341876 223.69014 6.825329 164.76883 6.3375535 4.7919397 0.50449175 -0.66423655 0.68724424 -0.981213 1.9170327 -0.9426216 2.029967 4.929568 2.206556 56.066463 0.92444825 46.255024 2.721371 2418.7961 4026.9365 d445 1.451061 1.391803 -49.3823 3.5 0 3.2695866 1.92 1.0425764 0.040837705 0.9792019 0.001789529 1.8206404 46 19.313276 3.5
92297 131.1883422317885 -47.4893549464943 19.574474 0.10934623 18.164532 0.028033016 17.533953 0.014468494 17.16971 0.011311877 17.025055 0.013728169 19.18269 0.11676352 18.75471 0.11255021 18.621258 0.10034529 18.68871 0.09906135 17.949228 0.043690853 17.095448 0.013288747 17.105942 0.020431377 0 2.8690176 1.67 1.0882794 0.081118286 0.9997239 0.00067382376 1.5973741 44 18.582611 17.421722 0.0132887205 17.249466 0.020659516 17.21422 0.029345902 3.3000407 0.6787239 122.839554 8.051023 221.33345 7.3370614 253.22786 6.8427258 174.02942 6.3431025 1.5710773 0.49949065 3.0613403 0.6938976 9.950901 1.9326 9.231632 2.0440965 24.57252 2.2321322 40.989662 0.9147549 54.07313 2.7280242 7574.0005 4130.4 d445 1.5475129 1.4219813 -1.4570922 3.5 0 3.4200795 1.92 1.0882794 0.081118286 0.9903325 -0.00033067484 1.7915887 44 19.212635 3.5
92544 130.66549686340193 -47.48483704355076 99.0 99.0 19.075893 0.057686813 18.206713 0.023953358 17.753893 0.017300446 17.567043 0.02078525 20.96689 0.52538306 99.0 99.0 19.452898 0.1935216 19.607698 0.20417106 18.691801 0.07713247 17.738602 0.021231811 17.610815 0.029796181 0 2.5436344 1.67 1.0331719 0.032106817 0.9808157 -0.00069859636 1.4523374 32 18.908297 18.006382 0.021605767 17.859491 0.03564811 17.79787 0.04982472 0.5188709 0.67581797 41.935333 8.000995 120.64629 7.279868 147.92833 6.786821 100.12242 6.3089204 0.046140656 0.4972637 0.022708949 0.6876715 4.973944 1.9257312 1.4012432 2.0331867 6.4770846 2.2097619 18.963846 0.9005493 30.589544 2.7102938 9886.9795 4138.244 d445 1.3565168 1.3129634 19.548157 3.5 0 2.8900805 1.92 1.0331719 0.032106817 0.974718 -0.002378272 1.5703981 30 19.653917 3.5
