Ha-emitters-disk-iteractive/Halpha-disk_splus_175r185-Mine_PerField.ecsv
# %ECSV 1.0
# ---
# datatype:
# - {name: NUMBER, datatype: int64}
# - {name: ALPHA, datatype: float64}
# - {name: DELTA, datatype: float64}
# - {name: u, datatype: float64}
# - {name: uerr, datatype: float64}
# - {name: g, datatype: float64}
# - {name: gerr, datatype: float64}
# - {name: r, datatype: float64}
# - {name: rerr, datatype: float64}
# - {name: i, datatype: float64}
# - {name: ierr, datatype: float64}
# - {name: z, datatype: float64}
# - {name: zerr, datatype: float64}
# - {name: F378, datatype: float64}
# - {name: F378err, datatype: float64}
# - {name: F395, datatype: float64}
# - {name: F395err, datatype: float64}
# - {name: F410, datatype: float64}
# - {name: F410err, datatype: float64}
# - {name: F430, datatype: float64}
# - {name: F430err, datatype: float64}
# - {name: F515, datatype: float64}
# - {name: F515err, datatype: float64}
# - {name: F660, datatype: float64}
# - {name: F660err, datatype: float64}
# - {name: F861, datatype: float64}
# - {name: F861err, datatype: float64}
# - {name: flags_i, datatype: int64}
# - {name: fwhm_i, datatype: float64}
# - {name: fwhm_psf_i, datatype: float64}
# - {name: ellog_i, datatype: float64}
# - {name: ellip_i, datatype: float64}
# - {name: class_i, datatype: float64}
# - {name: spread_i, datatype: float64}
# - {name: flux_radius_i, datatype: float64}
# - {name: area_i, datatype: int64}
# - {name: mumax_i, datatype: float64}
# - {name: mag_aper2_i, datatype: float64}
# - {name: magerr_apper2_i, datatype: float64}
# - {name: mag_aper4_i, datatype: float64}
# - {name: magerr_apper4_i, datatype: float64}
# - {name: mag_aper6_i, datatype: float64}
# - {name: magerr_apper6_i, datatype: float64}
# - {name: flux_aper6_u, datatype: float64}
# - {name: fluxerr_aper6_u, datatype: float64}
# - {name: flux_aper6_g, datatype: float64}
# - {name: fluxerr_aper6_g, datatype: float64}
# - {name: flux_aper6_r, datatype: float64}
# - {name: fluxerr_aper6_r, datatype: float64}
# - {name: flux_aper6_i, datatype: float64}
# - {name: fluxerr_aper6_i, datatype: float64}
# - {name: flux_aper6_z, datatype: float64}
# - {name: fluxerr_aper6_z, datatype: float64}
# - {name: flux_aper6_F378, datatype: float64}
# - {name: fluxerr_aper6_F378, datatype: float64}
# - {name: flux_aper6_F395, datatype: float64}
# - {name: fluxerr_aper6_F395, datatype: float64}
# - {name: flux_aper6_F410, datatype: float64}
# - {name: fluxerr_aper6_F410, datatype: float64}
# - {name: flux_aper6_F430, datatype: float64}
# - {name: fluxerr_aper6_F430, datatype: float64}
# - {name: flux_aper6_F515, datatype: float64}
# - {name: fluxerr_aper6_F515, datatype: float64}
# - {name: flux_aper6_F660, datatype: float64}
# - {name: fluxerr_aper6_F660, datatype: float64}
# - {name: flux_aper6_F861, datatype: float64}
# - {name: fluxerr_aper6_F861, datatype: float64}
# - {name: x, datatype: float64}
# - {name: y, datatype: float64}
# - {name: field, datatype: string}
# - {name: a_image, datatype: float64}
# - {name: b_image, datatype: float64}
# - {name: theta_image, datatype: float64}
# - {name: kron_radius_i, datatype: float64}
# - {name: flags_r, datatype: int64}
# - {name: fwhm_r, datatype: float64}
# - {name: fwhm_psf_r, datatype: float64}
# - {name: ellog_r, datatype: float64}
# - {name: ellip_r, datatype: float64}
# - {name: class_r, datatype: float64}
# - {name: spread_r, datatype: float64}
# - {name: flux_radius_r, datatype: float64}
# - {name: area_r, datatype: int64}
# - {name: mumax_r, datatype: float64}
# - {name: kron_radius_r, datatype: float64}
# schema: astropy-2.0
NUMBER ALPHA DELTA u uerr g gerr r rerr i ierr z zerr F378 F378err F395 F395err F410 F410err F430 F430err F515 F515err F660 F660err F861 F861err flags_i fwhm_i fwhm_psf_i ellog_i ellip_i class_i spread_i flux_radius_i area_i mumax_i mag_aper2_i magerr_apper2_i mag_aper4_i magerr_apper4_i mag_aper6_i magerr_apper6_i flux_aper6_u fluxerr_aper6_u flux_aper6_g fluxerr_aper6_g flux_aper6_r fluxerr_aper6_r flux_aper6_i fluxerr_aper6_i flux_aper6_z fluxerr_aper6_z flux_aper6_F378 fluxerr_aper6_F378 flux_aper6_F395 fluxerr_aper6_F395 flux_aper6_F410 fluxerr_aper6_F410 flux_aper6_F430 fluxerr_aper6_F430 flux_aper6_F515 fluxerr_aper6_F515 flux_aper6_F660 fluxerr_aper6_F660 flux_aper6_F861 fluxerr_aper6_F861 x y field a_image b_image theta_image kron_radius_i flags_r fwhm_r fwhm_psf_r ellog_r ellip_r class_r spread_r flux_radius_r area_r mumax_r kron_radius_r
[from data line 214]
113022 108.42621490749616 -24.920065055571225 19.587872 0.15571198 17.969435 0.026282936 17.667845 0.016151521 17.602707 0.014696305 17.469097 0.017854583 19.005836 0.11343259 18.321175 0.09049512 18.189972 0.095427856 18.03588 0.0718956 17.937294 0.048134144 17.462225 0.015139549 17.541864 0.023724565 0 2.6427062 1.46 1.0730485 0.06807566 0.9790851 0.00028053246 1.6003505 42 18.95295 17.870861 0.017628709 17.610847 0.025844427 17.557293 0.03619331 1.1879996 0.9072979 159.14441 8.717739 210.96672 7.489684 196.37357 6.544576 131.80615 5.3940334 1.9341612 0.5573991 3.738326 0.7824085 12.213968 2.629576 18.52984 2.2951827 21.949242 2.4864783 34.64174 0.89022356 41.233746 2.3876328 9446.374 7978.8 d190 1.4924635 1.3908631 -25.299536 3.5 0 2.860806 1.56 1.0730485 0.06807566 0.9754224 0.00016603094 1.7506896 48 19.144117 3.5
122862 109.72400203982706 -24.83063542415768 19.977589 0.2196965 18.891468 0.05688463 17.965 0.019903885 17.32236 0.011601121 16.849823 0.010690967 19.58901 0.19133666 19.082115 0.17232941 19.32102 0.25219867 19.129854 0.18419638 18.762299 0.09497787 17.077337 0.011184513 16.94778 0.01482632 0 2.5037441 1.46 1.0281157 0.02734685 0.98702556 -7.866576e-05 1.4691072 44 18.581312 17.583445 0.0139461495 17.42219 0.021908274 17.408678 0.031679478 0.9441699 0.90805596 47.200302 8.659832 132.95558 7.452845 225.17967 6.5686693 198.21931 5.4383345 0.9237429 0.55661523 2.3023226 0.78060585 1.2252834 2.6141403 8.340787 2.2842774 4.915345 2.4697223 35.10936 0.89153385 61.635685 2.408844 1739.4702 8565.107 d190 1.4397085 1.400337 51.152763 3.5 0 2.7316236 1.56 1.0281157 0.02734685 0.97102004 0.00040937765 1.551523 40 19.34619 3.5
106539 117.90958831750903 -25.304161854243176 20.769566 0.2383462 18.67069 0.03256219 18.049007 0.016274916 17.54222 0.011533574 17.359858 0.013788956 20.002548 0.18843992 19.680342 0.21064787 19.592072 0.18803155 20.131502 0.28439865 18.953426 0.07386308 17.502703 0.01278787 17.172638 0.016275372 0 3.2860796 1.57 1.114449 0.102695584 0.91947293 0.005282494 1.8957199 52 18.75711 17.668676 0.012202416 17.39242 0.016481897 17.321741 0.022219405 1.3878782 0.47121617 106.64913 5.819882 187.17712 5.1120257 232.54327 4.757802 153.22575 4.3655443 1.8994894 0.37111753 1.9017532 0.5449537 2.5295691 1.4455293 1.9050851 1.5366119 9.719688 1.6408648 29.04641 0.6175274 69.15896 1.9760041 8648.46 5468.0728 d196 1.6534821 1.4836768 24.423744 3.5 0 4.067445 1.86 1.114449 0.102695584 0.9600294 0.021109123 2.0452137 51 19.38708 3.5
106696 118.0224845560546 -25.30350506858209 19.456303 0.075492635 18.26379 0.02363064 17.625439 0.012055927 17.273909 0.009613559 17.096836 0.0114509985 18.975418 0.07831761 18.589024 0.08469397 18.410568 0.07071074 18.65597 0.079718746 17.885313 0.032622736 17.296501 0.011201212 16.961569 0.014210091 0 3.310128 1.57 1.1316739 0.11635327 0.9782222 0.0064176577 1.7667065 60 18.462576 17.42926 0.010189565 17.21994 0.01423382 17.216179 0.020240549 2.7524514 0.47343847 126.465 5.8377943 232.4614 5.15035 256.2885 4.77663 166.74716 4.375176 1.9231992 0.37116817 3.0842745 0.54815733 9.793307 1.4602555 12.128463 1.556778 20.216192 1.65898 27.179932 0.6157092 64.754776 1.9711579 7980.3843 5474.742 d196 1.734996 1.5331235 4.707287 3.5 0 4.23354 1.86 1.1316739 0.11635327 0.9575498 0.020691095 1.9475915 60 19.33441 3.5
151363 118.4914013676874 -24.99445749447915 20.274616 0.15860455 18.698004 0.03497584 17.804092 0.014469436 17.34065 0.010372869 17.134247 0.011994577 19.753695 0.15578708 20.116217 0.32915726 19.401167 0.17020236 19.13801 0.12607783 18.500439 0.054274976 17.460289 0.012916093 16.898123 0.013880358 0 3.1574278 1.57 1.1979766 0.16525912 0.98040015 0.0004963655 1.6719422 51 18.8107 17.59905 0.011541904 17.390722 0.016443273 17.323927 0.022252768 0.8144558 0.4700587 67.507484 5.781668 179.82085 5.10351 232.07549 4.755361 161.89032 4.369766 1.1078122 0.36925146 0.576302 0.54108655 3.359936 1.4465445 5.2214975 1.5424646 17.379343 1.653352 25.765856 0.61406213 67.89404 1.9737529 5204.8037 7501.44 d196 1.654336 1.3809419 8.241341 3.5 0 4.058409 1.86 1.1979766 0.16525912 0.97990733 -5.4501576e-05 1.8438853 51 19.39056 3.5
159647 118.13509889112298 -24.935003708432347 20.14777 0.14130308 18.456463 0.028673062 17.896608 0.015430094 17.590128 0.012399856 17.529129 0.016090691 19.661224 0.14329983 99.0 99.0 18.788641 0.09952493 19.077805 0.1191087 18.28076 0.04527145 17.62739 0.014600868 17.519598 0.021735506 0 3.1043763 1.57 1.1713161 0.14625949 0.9824093 -0.0014942146 1.6768342 48 18.964111 17.86253 0.014124408 17.679953 0.02107657 17.695875 0.030999087 0.22572824 0.46924162 87.08212 5.8012533 138.11328 5.069416 164.75955 4.702943 97.91245 4.325262 -0.012193058 0.36698195 -0.8207582 0.5396769 4.1620665 1.448627 -1.5207226 1.5325838 19.095448 1.6568052 18.075802 0.6066723 32.902847 1.9354544 7319.488 7888.6084 d196 1.6534702 1.4116344 1.8331819 3.5 0 3.5810747 1.86 1.1713161 0.14625949 0.9813417 -0.00083899027 1.8047606 44 19.452183 3.5
9236 99.8354483481959 -27.225992545240757 20.491318 0.11071151 19.349653 0.02619252 18.114208 0.0109399175 16.818636 0.0071854577 16.109423 0.0053947866 20.113802 0.10550456 19.92631 0.15457568 19.969578 0.117976665 19.994434 0.109411344 19.1882 0.04776308 17.306053 0.00801691 16.316818 0.008081327 0 2.4445252 1.43 1.0418187 0.040140152 0.9845807 0.00081806537 1.5202417 81 17.987162 17.08377 0.0075818365 16.881306 0.008872905 16.826792 0.011082167 1.8640933 0.24451697 44.393166 1.9978728 151.83133 2.4946768 408.9624 4.173287 453.73 3.93042 0.99814403 0.18094683 1.1926451 0.29734272 2.253603 0.6231235 2.8376749 0.6706428 8.037308 0.72347695 32.145157 0.32200903 129.21066 1.5396025 3394.8208 1987.0272 d200 1.6126513 1.5479193 56.927765 3.5 0 2.509199 1.52 1.0418187 0.040140152 0.9764995 9.030253e-05 1.5809175 72 19.365442 3.5
27742 99.95850792914528 -26.90164968819687 20.644136 0.12852895 18.88135 0.019191816 18.292978 0.012183852 18.016392 0.014888466 17.935673 0.018318413 20.103819 0.10853561 20.014069 0.1655359 19.368973 0.07415962 19.304705 0.06483679 18.69246 0.034539666 17.962063 0.01169696 18.021101 0.024076488 0 2.3699973 1.43 1.0121334 0.011987865 0.9826416 -0.001411327 1.5154295 47 19.287462 18.283102 0.016501697 18.091528 0.0227453 18.022999 0.03025362 1.5643648 0.24370357 75.05398 2.0782237 131.25954 2.4596486 135.8941 3.7857168 86.219154 3.62979 0.9518401 0.18083888 0.97556007 0.2963595 4.3318424 0.63319445 6.9405775 0.68947774 12.200216 0.7400751 17.693176 0.2939926 26.939924 1.3878814 2670.452 4107.7188 d200 1.496668 1.4787261 -34.44175 3.5 0 2.5867057 1.52 1.0121334 0.011987865 0.9824912 0.00016359331 1.6062498 54 19.675316 3.5
82294 98.71641615698933 -26.019541100919017 99.0 99.0 19.162386 0.023140216 18.027582 0.01049953 17.583277 0.011492859 17.32834 0.0120737385 22.702358 1.0702702 99.0 99.0 20.368183 0.16125461 20.10586 0.12013492 19.09032 0.04499079 17.617783 0.009674046 17.412548 0.01609578 0 2.5271378 1.43 1.0107254 0.010611534 0.9791392 0.00036553323 1.60523 61 18.802544 17.871506 0.012426278 17.657154 0.015977575 17.627455 0.021512 -0.061950356 0.23878534 58.359013 2.0357933 168.0437 2.524311 195.62236 3.87498 151.45796 3.6860905 0.19084273 0.17751513 0.10543266 0.29181385 4.3832064 0.63357294 2.7958355 0.6709587 8.527039 0.7259243 37.36931 0.33174807 49.60712 1.4233594 9955.266 9874.2295 d200 1.5624226 1.5458429 87.51208 3.5 0 2.6617196 1.52 1.0107254 0.010611534 0.97945076 0.0008193954 1.7316265 67 19.374186 3.5
1007 101.07149660461478 -27.37957960791581 19.596756 0.12210204 18.11736 0.014915383 17.605814 0.009758455 17.42985 0.00926591 17.342382 0.0124512175 19.387299 0.10730572 18.882137 0.10682119 18.556158 0.059359472 18.394127 0.043288037 17.927813 0.026318215 17.371325 0.009173677 17.419092 0.016221914 0 2.365754 1.38 1.0093557 0.009268999 0.9825424 7.8532204e-05 1.481128 58 18.598211 17.687965 0.010337055 17.506622 0.01443398 17.473736 0.01986356 2.976502 0.7045651 156.22467 4.303412 255.46169 3.9320552 225.99832 4.1336384 144.94153 4.2839417 2.5481358 0.36998808 3.2747495 0.53777105 12.009584 1.1384479 13.1302 1.2014209 28.685667 1.2909119 33.97387 0.46507704 48.003395 1.7068402 5390.8447 984.64746 d201 1.5200279 1.5059388 58.148502 3.5 0 2.885368 1.74 1.0093557 0.009268999 0.9829789 -5.0017272e-05 1.8012409 62 19.167568 3.5
27378 100.94267218779208 -26.940177442425203 20.580854 0.30214602 19.237045 0.034517433 18.336576 0.016333852 17.804466 0.011959317 17.524986 0.014259881 20.418896 0.2697358 99.0 99.0 20.765408 0.4360983 20.077604 0.1699805 19.20956 0.07077976 17.866632 0.012552776 17.424475 0.016206255 0 2.3551083 1.38 1.0250369 0.024425447 0.98208785 -0.0006647421 1.5122154 50 18.944647 18.066027 0.01364229 17.885557 0.019881185 17.851019 0.027699754 1.8159128 0.70077544 58.11153 4.181247 118.98409 3.7778504 159.65865 4.0722885 126.50327 4.270533 0.50470734 0.363379 0.19730282 0.524988 1.7357949 1.1114233 4.880169 1.1803033 7.876975 1.2440778 20.07197 0.4467271 47.339993 1.7059951 6142.1357 3860.6716 d201 1.5002047 1.4635615 23.572647 3.5 0 3.2051656 1.74 1.0250369 0.024425447 0.97901654 0.00040550996 1.8324909 50 19.948565 3.5
28038 101.10709638408424 -26.92964881295758 19.783367 0.14894466 18.773867 0.024118248 18.368774 0.016760765 18.206285 0.015761307 18.187605 0.02335907 19.57023 0.12849729 20.002201 0.2897416 19.019867 0.08793008 18.983368 0.06847683 18.616232 0.04420591 17.446754 0.010058375 18.165352 0.027051935 0 2.4379282 1.38 1.0500883 0.047699094 0.98167807 0.00054368266 1.532718 41 19.435865 18.46019 0.018410267 18.260912 0.027454147 18.27089 0.040273245 3.640817 0.70629555 80.5137 4.2069335 120.87085 3.777823 108.45353 4.021893 65.73329 4.2234426 2.2578247 0.36883336 0.86183983 0.52744716 8.432472 1.1284295 8.914822 1.1899575 13.864019 1.2569801 29.636414 0.45919034 22.992466 1.6736664 5182.658 3929.798 d201 1.5028819 1.4311957 17.79004 3.5 0 3.1233702 1.74 1.0500883 0.047699094 0.9805872 -0.0006644208 1.7838393 43 20.027025 3.5
58642 101.61458428576552 -26.418109344993493 19.507086 0.11998217 18.07457 0.014496869 17.560184 0.009606965 17.36428 0.008967057 17.258003 0.011876446 19.063465 0.084400706 19.076862 0.13222598 18.569138 0.060907394 18.37238 0.043784257 17.880388 0.025762191 16.971851 0.0074895113 17.261272 0.014529843 0 2.3787866 1.38 1.065828 0.061762214 0.98117447 -0.00011676442 1.553215 57 18.511131 17.62769 0.009907774 17.414928 0.013379068 17.331387 0.017548516 3.4287043 0.7061974 168.66919 4.319581 263.3736 3.9416015 257.6587 4.1634693 160.79713 4.2963963 2.5356884 0.37003157 2.126433 0.53315854 8.95308 1.1307309 13.801783 1.2033907 30.156403 1.2944317 43.69124 0.4775716 59.10627 1.7212938 2206.2676 7270.9595 d201 1.5960708 1.4974939 58.526306 3.5 0 3.0673099 1.74 1.065828 0.061762214 0.98188716 -0.0007564152 1.8776507 68 19.14792 3.5
71930 100.39986775282205 -26.19700616265245 99.0 99.0 19.762781 0.054022405 18.408438 0.017464587 17.718992 0.011511917 17.381151 0.013286671 20.739368 0.35648155 99.0 99.0 99.0 99.0 20.256397 0.20213966 19.65427 0.1029227 17.970982 0.0135687785 17.4971 0.017438615 0 2.415573 1.38 1.0238603 0.023304343 0.9782407 -0.00045833504 1.5274881 46 18.988672 18.00548 0.01300895 17.805185 0.018538494 17.739079 0.025085142 -0.7362639 0.6948045 42.29452 4.161217 127.81737 3.788021 176.99783 4.0884123 139.03133 4.2796483 0.21435979 0.36243016 0.12126502 0.5246682 -2.287381 1.1067922 1.4995695 1.1715401 6.8004174 1.2416067 19.689947 0.4462122 41.405914 1.6984165 9334.516 8715.792 d201 1.4701141 1.4358541 18.805922 3.5 0 3.1790783 1.74 1.0238603 0.023304343 0.97326815 -2.3788922e-05 1.8643197 49 20.092857 3.5
83723 101.19022946975213 -25.99560372233704 20.238762 0.22908613 18.802603 0.024969818 18.211603 0.015218685 18.047283 0.014523998 17.947424 0.020058604 19.831724 0.16367304 99.0 99.0 19.348368 0.11883497 19.280613 0.090610795 18.733892 0.049328353 17.956356 0.01353837 17.985281 0.024342297 0 2.8082068 1.38 1.0965806 0.088074386 0.96871847 -0.00019968109 1.6632888 45 19.33954 18.326374 0.016638517 18.065636 0.023175184 17.950224 0.030259676 2.1955652 0.7021795 97.14822 4.2312164 150.94614 3.815341 145.71686 4.06017 79.24379 4.2369432 2.1810336 0.36889315 1.6139266 0.5310326 5.0843353 1.1205608 7.482269 1.1872753 14.323874 1.2590556 18.825151 0.4451373 28.79109 1.6825714 4690.9194 10043.422 d201 1.5574315 1.4202616 21.48039 3.5 0 3.524837 1.74 1.0965806 0.088074386 0.9739823 0.0007596501 1.9744838 54 19.992151 3.5
15230 102.23560353091486 -27.174432707081163 19.85267 0.087546565 18.638376 0.026084473 18.070417 0.013347911 17.880192 0.012045372 17.798716 0.015757263 19.648687 0.11391944 19.501015 0.14054489 18.943113 0.089182995 18.96992 0.08092315 18.405745 0.04120221 17.832548 0.013069313 17.757544 0.020488985 0 1.7750032 1.09 1.0137955 0.0136078 0.9817839 -0.00051565206 1.166702 34 18.47519 18.074196 0.015374598 17.953016 0.02437603 17.96962 0.03604146 1.9508342 0.5537781 94.43757 6.5850816 150.00749 5.333983 141.17319 4.685164 93.8374 4.208626 1.380251 0.4286421 1.2659893 0.6093008 10.663714 1.6881438 10.499598 1.7832747 13.460843 1.8644558 22.979412 0.6221718 32.04278 1.874991 7806.3594 2323.939 d202 1.2777514 1.260364 13.195879 3.5 0 1.6796794 1.14 1.0137955 0.0136078 0.9825778 -0.0031595621 1.1726092 32 18.701262 3.5
28728 102.86130615056656 -26.98121022749118 99.0 99.0 19.602877 0.05621876 18.420353 0.0167868 17.88667 0.012005424 17.665277 0.014102575 99.0 99.0 99.0 99.0 20.211655 0.2696871 20.2683 0.24292195 19.58207 0.10406869 17.96871 0.014347079 17.69865 0.01933607 0 1.8378823 1.09 1.05441 0.051602304 0.9811225 0.00051087496 1.0959728 28 18.559057 18.099562 0.01570021 17.950413 0.024336131 17.862837 0.032740142 0.4444039 0.5515542 43.515526 6.5426955 122.452225 5.310289 155.76337 4.6958694 107.798454 4.2179513 0.07696009 0.42613286 0.22400026 0.60663074 7.771825 1.6826761 3.0004544 1.7699969 3.6971965 1.8490475 19.636637 0.6188068 34.47601 1.8773824 4160.4736 3591.1475 d202 1.2233303 1.1602036 52.601585 0.0 0 1.7667178 1.14 1.05441 0.051602304 0.98090494 -7.7964054e-05 1.1771057 26 19.188728 3.5
42588 102.88104698029032 -26.78859805367662 19.097956 0.050271295 18.68669 0.027043752 18.485495 0.017604746 18.193718 0.014702364 18.085117 0.018810496 18.898928 0.06477358 18.985125 0.0940987 18.79656 0.08164065 18.62614 0.061974186 18.704445 0.051468488 18.231503 0.01706427 18.1783 0.026742259 0 1.7052504 1.09 1.0413152 0.03967601 0.98050046 -0.00037730974 1.1449612 29 18.849384 18.35878 0.01929247 18.209951 0.030576443 18.1107 0.040908545 5.1586285 0.55804044 86.48902 6.576697 112.769196 5.3019595 123.97098 4.669864 79.69964 4.1969066 2.8338692 0.43118072 4.5127125 0.6169223 10.115572 1.6866636 13.841237 1.7884294 16.612438 1.8686926 15.303509 0.6145501 27.237911 1.8688524 4042.8567 4851.686 d202 1.2629701 1.2128605 68.01029 3.5 0 1.9725665 1.14 1.0413152 0.03967601 0.9769849 0.0020038607 1.2304058 28 19.265305 3.5
44423 102.37274701457368 -26.762706552136745 20.02093 0.108383045 18.958359 0.034098804 18.463375 0.017623624 18.279945 0.01576167 18.224977 0.021266907 19.645868 0.11959176 19.747684 0.17991182 19.047493 0.10055975 19.05213 0.08855092 18.747177 0.054306462 17.625595 0.011727142 18.19568 0.027749375 0 1.696809 1.09 1.0414038 0.03975767 0.97738045 -0.0008356985 1.182152 29 18.76594 18.476751 0.021143088 18.424313 0.036907446 18.420187 0.05407773 0.82188046 0.55169094 58.37864 6.550081 90.7339 5.280645 93.223404 4.6420903 53.018272 4.174554 0.28192186 0.42621174 2.230325 0.611064 8.963678 1.6836017 7.8035746 1.7770092 10.157352 1.8576788 31.54973 0.629835 18.452127 1.8574774 7013.1987 5021.05 d202 1.2739536 1.2233042 30.761518 3.5 0 1.8913503 1.14 1.0414038 0.03975767 0.97647965 7.5197204e-05 1.221947 30 19.131777 3.5
