Ha-emitters-disk-iteractive/Halpha-disk_splus_185r195-Mine_PerField.ecsv
# %ECSV 1.0
# ---
# datatype:
# - {name: NUMBER, datatype: int64}
# - {name: ALPHA, datatype: float64}
# - {name: DELTA, datatype: float64}
# - {name: u, datatype: float64}
# - {name: uerr, datatype: float64}
# - {name: g, datatype: float64}
# - {name: gerr, datatype: float64}
# - {name: r, datatype: float64}
# - {name: rerr, datatype: float64}
# - {name: i, datatype: float64}
# - {name: ierr, datatype: float64}
# - {name: z, datatype: float64}
# - {name: zerr, datatype: float64}
# - {name: F378, datatype: float64}
# - {name: F378err, datatype: float64}
# - {name: F395, datatype: float64}
# - {name: F395err, datatype: float64}
# - {name: F410, datatype: float64}
# - {name: F410err, datatype: float64}
# - {name: F430, datatype: float64}
# - {name: F430err, datatype: float64}
# - {name: F515, datatype: float64}
# - {name: F515err, datatype: float64}
# - {name: F660, datatype: float64}
# - {name: F660err, datatype: float64}
# - {name: F861, datatype: float64}
# - {name: F861err, datatype: float64}
# - {name: flags_i, datatype: int64}
# - {name: fwhm_i, datatype: float64}
# - {name: fwhm_psf_i, datatype: float64}
# - {name: ellog_i, datatype: float64}
# - {name: ellip_i, datatype: float64}
# - {name: class_i, datatype: float64}
# - {name: spread_i, datatype: float64}
# - {name: flux_radius_i, datatype: float64}
# - {name: area_i, datatype: int64}
# - {name: mumax_i, datatype: float64}
# - {name: mag_aper2_i, datatype: float64}
# - {name: magerr_apper2_i, datatype: float64}
# - {name: mag_aper4_i, datatype: float64}
# - {name: magerr_apper4_i, datatype: float64}
# - {name: mag_aper6_i, datatype: float64}
# - {name: magerr_apper6_i, datatype: float64}
# - {name: flux_aper6_u, datatype: float64}
# - {name: fluxerr_aper6_u, datatype: float64}
# - {name: flux_aper6_g, datatype: float64}
# - {name: fluxerr_aper6_g, datatype: float64}
# - {name: flux_aper6_r, datatype: float64}
# - {name: fluxerr_aper6_r, datatype: float64}
# - {name: flux_aper6_i, datatype: float64}
# - {name: fluxerr_aper6_i, datatype: float64}
# - {name: flux_aper6_z, datatype: float64}
# - {name: fluxerr_aper6_z, datatype: float64}
# - {name: flux_aper6_F378, datatype: float64}
# - {name: fluxerr_aper6_F378, datatype: float64}
# - {name: flux_aper6_F395, datatype: float64}
# - {name: fluxerr_aper6_F395, datatype: float64}
# - {name: flux_aper6_F410, datatype: float64}
# - {name: fluxerr_aper6_F410, datatype: float64}
# - {name: flux_aper6_F430, datatype: float64}
# - {name: fluxerr_aper6_F430, datatype: float64}
# - {name: flux_aper6_F515, datatype: float64}
# - {name: fluxerr_aper6_F515, datatype: float64}
# - {name: flux_aper6_F660, datatype: float64}
# - {name: fluxerr_aper6_F660, datatype: float64}
# - {name: flux_aper6_F861, datatype: float64}
# - {name: fluxerr_aper6_F861, datatype: float64}
# - {name: x, datatype: float64}
# - {name: y, datatype: float64}
# - {name: field, datatype: string}
# - {name: a_image, datatype: float64}
# - {name: b_image, datatype: float64}
# - {name: theta_image, datatype: float64}
# - {name: kron_radius_i, datatype: float64}
# - {name: flags_r, datatype: int64}
# - {name: fwhm_r, datatype: float64}
# - {name: fwhm_psf_r, datatype: float64}
# - {name: ellog_r, datatype: float64}
# - {name: ellip_r, datatype: float64}
# - {name: class_r, datatype: float64}
# - {name: spread_r, datatype: float64}
# - {name: flux_radius_r, datatype: float64}
# - {name: area_r, datatype: int64}
# - {name: mumax_r, datatype: float64}
# - {name: kron_radius_r, datatype: float64}
# schema: astropy-2.0
NUMBER ALPHA DELTA u uerr g gerr r rerr i ierr z zerr F378 F378err F395 F395err F410 F410err F430 F430err F515 F515err F660 F660err F861 F861err flags_i fwhm_i fwhm_psf_i ellog_i ellip_i class_i spread_i flux_radius_i area_i mumax_i mag_aper2_i magerr_apper2_i mag_aper4_i magerr_apper4_i mag_aper6_i magerr_apper6_i flux_aper6_u fluxerr_aper6_u flux_aper6_g fluxerr_aper6_g flux_aper6_r fluxerr_aper6_r flux_aper6_i fluxerr_aper6_i flux_aper6_z fluxerr_aper6_z flux_aper6_F378 fluxerr_aper6_F378 flux_aper6_F395 fluxerr_aper6_F395 flux_aper6_F410 fluxerr_aper6_F410 flux_aper6_F430 fluxerr_aper6_F430 flux_aper6_F515 fluxerr_aper6_F515 flux_aper6_F660 fluxerr_aper6_F660 flux_aper6_F861 fluxerr_aper6_F861 x y field a_image b_image theta_image kron_radius_i flags_r fwhm_r fwhm_psf_r ellog_r ellip_r class_r spread_r flux_radius_r area_r mumax_r kron_radius_r
[from data line 438]
189898 110.22039519768973 -30.26483393705297 99.0 99.0 20.344906 0.04592987 19.264492 0.022021947 18.858963 0.01999897 18.666105 0.02749112 21.500563 0.2452116 99.0 99.0 21.122715 0.23772515 20.883804 0.18628283 20.20936 0.08947419 18.637321 0.01917876 18.658003 0.032912713 0 2.0949116 1.16 1.0397769 0.038255215 0.999477 0.00051423075 1.2545664 30 19.95395 19.06894 0.024305673 18.928902 0.03807157 18.800953 0.04940036 0.14358377 0.24796656 23.414558 2.2325482 62.149296 2.569333 66.99127 3.0473232 50.06007 3.5391326 0.123126805 0.1910107 -0.2679805 0.294244 1.0481806 0.6661061 1.6593956 0.7192713 3.651716 0.7591896 10.512207 0.33970314 15.918912 1.4339476 2198.5298 9303.52 d253 1.2535331 1.2055789 62.80849 3.5 0 2.2107563 1.22 1.0397769 0.038255215 0.9987586 -0.0002630097 1.3594681 33 20.363161 3.5
198956 109.26904145646049 -30.17333100171918 20.496935 0.070766844 19.180454 0.020921556 18.65356 0.014876769 18.481144 0.015577323 18.382334 0.022317005 19.972782 0.073559426 19.857212 0.106174625 19.627825 0.075376995 19.493834 0.064359985 18.967247 0.037351463 18.351816 0.015298661 18.416428 0.028007599 0 2.1637523 1.16 1.0790592 0.073266804 0.9792279 -0.00030772036 1.279207 32 19.430683 18.71171 0.018397484 18.61368 0.02893853 18.589008 0.040845014 1.2781477 0.25123462 56.88645 2.3084116 90.71654 2.6151955 81.4323 3.06271 50.809254 3.5368075 1.1272596 0.19495797 1.3378882 0.30063176 3.799972 0.677613 4.686983 0.73140955 9.632771 0.7807225 12.394354 0.34274766 15.689338 1.4324017 7579.1924 9907.653 d253 1.3825966 1.2812982 -12.212844 3.5 0 2.2970634 1.22 1.0790592 0.073266804 0.9816614 -0.00032649963 1.3380231 38 19.664045 3.5
205057 110.4094608666603 -30.150647821995516 22.009249 0.23341095 19.978798 0.034462474 18.87608 0.016801922 18.518993 0.015753057 18.279846 0.020474952 99.0 99.0 99.0 99.0 99.0 99.0 20.818861 0.16933346 19.988495 0.07380128 17.942148 0.013853646 18.362211 0.026797686 0 2.2831533 1.16 1.0446972 0.04278481 0.9924319 0.0016816406 1.3191166 36 19.56096 18.708292 0.018408302 18.537271 0.027107297 18.46382 0.036577195 0.44608593 0.24893747 29.514793 2.2472284 77.144394 2.5949342 91.3843 3.0778832 71.698975 3.5586114 0.34914383 0.19197273 0.4640759 0.2966087 0.063661866 0.66184014 -0.36879587 0.71230537 3.3684745 0.75823987 23.702087 0.36226496 19.051556 1.4389021 1124.3572 10044.665 d253 1.3359472 1.2787889 34.989944 3.5 0 2.3988492 1.22 1.0446972 0.04278481 0.994888 0.0016360508 1.3273968 36 19.975327 3.5
799 111.78799551729438 -31.548472638181668 20.290207 0.065373234 18.498476 0.014001766 18.560938 0.0146362595 17.502655 0.008888324 17.358732 0.011814981 19.768286 0.07167279 19.312685 0.0773956 19.090027 0.052809604 18.994427 0.047748554 18.383558 0.025810849 17.656128 0.01057411 17.40748 0.015850607 0 2.1398022 1.21 1.2222657 0.18184733 0.9828751 0.0007031408 1.2837808 45 18.304623 17.707302 0.010105662 17.57799 0.014491322 17.57239 0.02032835 1.4123803 0.2783263 111.33345 2.5622077 115.85513 2.9120839 204.66539 3.83104 132.45198 4.461409 0.781165 0.20770171 0.728412 0.3107733 5.680726 0.718319 7.288954 0.7698176 19.79452 0.8443513 21.315868 0.38567972 52.634865 1.9032382 2626.0596 902.87933 d254 1.6203105 1.3256614 15.6001 3.5 0 1.8887494 1.29 1.2222657 0.18184733 0.98253715 -0.0073925466 1.1835927 31 18.635166 3.5
72409 111.855865473023 -31.1051681618707 22.947466 0.60486895 19.887842 0.033520687 18.557055 0.0142985815 17.970078 0.011927633 17.64578 0.014411574 99.0 99.0 99.0 99.0 21.079136 0.23628324 21.206053 0.25462738 19.781338 0.06431091 18.07437 0.013124578 17.73139 0.019817809 0 1.9250637 1.21 1.0069466 0.006898701 0.9826133 -0.00048764568 1.2500838 38 18.739578 18.165815 0.014093869 18.025646 0.021104455 18.036085 0.03059159 0.23068736 0.27513856 33.283764 2.396855 101.951164 2.8920531 133.52615 3.761305 106.88957 4.4449453 -0.2884829 0.20477153 0.05878949 0.30768168 0.0951322 0.6951971 0.90484136 0.74427193 4.531666 0.79130495 15.595837 0.37676668 31.532639 1.8795692 2232.286 3802.8975 d254 1.28437 1.2755095 29.60389 3.5 0 2.1004233 1.29 1.0069466 0.006898701 0.9815757 -0.00023127774 1.2931161 40 19.50706 3.5
115733 111.74188377306844 -30.83757576566461 21.90844 0.24560513 20.08973 0.038075283 19.200075 0.02150249 18.805222 0.020967638 18.582869 0.029101567 21.196424 0.21853907 99.0 99.0 20.708601 0.17389253 20.528751 0.14800522 19.942736 0.0714795 18.593323 0.018021895 18.662725 0.038737975 0 2.945384 1.21 1.2345275 0.18997347 0.64276 0.009372767 1.523008 32 19.876638 18.854662 0.024023483 18.64414 0.03604802 18.593645 0.050363775 0.31731853 0.27525088 29.626759 2.3877296 64.81608 2.8344078 79.89913 3.705361 59.356216 4.4096017 0.5433906 0.20676298 0.7203544 0.3106874 2.2589886 0.704005 1.9790226 0.7483247 4.7868905 0.79186815 13.150069 0.37269053 16.74658 1.8615451 2863.7644 5557.4814 d254 1.4860988 1.2037795 54.1739 3.5 0 2.985954 1.29 1.2345275 0.18997347 0.94589376 0.0064626746 1.5233521 34 20.296974 3.5
122658 111.7635172091418 -30.794895321297403 20.446634 0.073263295 19.153385 0.020662026 18.684563 0.015527425 18.493845 0.017028969 18.39262 0.025244815 19.913107 0.07793656 19.647005 0.09479873 19.53362 0.071000814 19.428114 0.06357291 19.031528 0.038691808 18.20504 0.014031562 18.46965 0.033969767 0 1.8815 1.21 1.0231512 0.022627294 0.98233885 -0.0011286673 1.3002099 31 19.25296 18.67488 0.020866977 18.56875 0.033760045 18.530981 0.047608465 1.6427021 0.2789599 62.401337 2.4594107 88.28801 2.8706117 84.6463 3.7107556 47.000782 4.401581 1.116925 0.20897563 0.86102086 0.3114008 4.631106 0.7139913 5.7896676 0.76384205 10.018581 0.81062555 15.961129 0.37724617 16.68193 1.8617561 2740.9504 5836.327 d254 1.3031154 1.2736294 65.787224 3.5 0 2.1201935 1.29 1.0231512 0.022627294 0.98235416 -0.0013700632 1.3471729 36 19.636288 3.5
125564 110.49184195512308 -30.775163695967183 20.302483 0.06604106 19.033674 0.019507812 18.65372 0.015400567 18.516361 0.017553922 18.439766 0.02654539 19.887959 0.07756734 19.431412 0.08346067 19.281403 0.060615152 19.291334 0.058390114 18.87072 0.035613805 18.23349 0.014535999 18.422144 0.03318306 0 2.0792496 1.21 1.0577484 0.05459559 0.9804928 4.852806e-05 1.3635322 34 19.321804 18.720392 0.021547394 18.562578 0.033561733 18.542904 0.048103955 1.3504182 0.27804923 71.981674 2.4790187 87.35791 2.8681786 83.721756 3.7084231 49.049713 4.401322 1.276241 0.20949882 1.6264777 0.3148806 5.635506 0.71786916 5.601237 0.7628056 12.39211 0.81865376 13.00447 0.3723778 15.711551 1.859907 9892.159 5956.218 d254 1.3771113 1.3019271 18.153519 3.5 0 2.1641223 1.29 1.0577484 0.05459559 0.9820309 -0.0011267295 1.3598568 37 19.550064 3.5
178995 111.59660199631035 -30.44721172019358 21.110125 0.12688567 19.70773 0.03012531 19.188677 0.02196506 18.986168 0.024831831 18.903297 0.038885437 20.726229 0.15119581 20.343332 0.16468932 20.16952 0.11598458 19.859997 0.08884965 19.465214 0.05273483 18.709465 0.020353587 18.898989 0.048812237 0 2.1247232 1.21 1.1028318 0.09324348 0.9803453 -0.00079712865 1.32492 21 19.962423 19.20117 0.0320169 19.042925 0.051347867 19.008984 0.07332677 0.67727125 0.2762943 33.289173 2.3961601 51.689907 2.8146093 54.501244 3.6799262 35.016407 4.3931246 0.7000724 0.20739287 1.7499555 0.3155749 2.4782114 0.70503145 3.178366 0.7533214 7.6067905 0.8020871 9.801431 0.36730537 12.125201 1.8564324 3672.8782 8115.55 d254 1.3042104 1.1826013 32.002106 3.5 0 2.4550495 1.29 1.1028318 0.09324348 0.9817925 -0.0006043691 1.380688 27 20.302631 3.5
189956 111.56853752582091 -30.3786083622623 99.0 99.0 20.491432 0.05295722 19.415442 0.025828563 18.965616 0.024618166 18.773012 0.035101503 99.0 99.0 99.0 99.0 99.0 99.0 99.0 99.0 20.412807 0.10538527 18.657005 0.019710043 18.798716 0.045066647 0 2.0529375 1.21 1.0776523 0.07205695 0.9792889 -0.0026885818 1.3037659 25 19.755695 19.202765 0.032022916 19.122837 0.055107407 19.186178 0.08612773 -0.06086815 0.27440888 11.532858 2.3477788 36.855553 2.7915897 46.294453 3.6714883 32.3885 4.3912683 -0.110000774 0.2047072 -0.7983772 0.30730373 -1.2413664 0.69457465 -1.6896735 0.74031436 1.8624039 0.7813747 10.053316 0.36771715 13.15411 1.8576359 3830.0586 8565.053 d254 1.3215292 1.2263038 42.813217 3.5 0 2.1916 1.29 1.0776523 0.07205695 0.97796685 -0.0021643657 1.3447548 26 20.331474 3.5
1296 113.61258946970216 -31.544375826447094 99.0 99.0 20.752375 0.08365311 19.394695 0.027713042 18.411505 0.015771555 18.047958 0.01914109 21.952145 0.5693581 99.0 99.0 99.0 99.0 99.0 99.0 20.28954 0.11608699 18.742855 0.019902788 18.09011 0.024438677 0 1.9922817 1.12 1.1841954 0.15554482 0.981338 0.00041884434 1.284468 31 19.012447 18.570059 0.019690342 18.375853 0.029552085 18.171722 0.03582179 -0.09083463 0.41206133 39.641293 3.2793763 71.61734 3.3630736 117.95357 3.8907073 93.60225 4.1940117 0.71667606 0.2543622 0.8954163 0.3691009 2.84408 0.9040289 2.3172626 0.95993996 11.508873 1.0698785 12.371171 0.3840525 30.187117 1.6226877 1575.7883 923.85565 d255 1.4021488 1.1840519 4.373666 0.0 0 2.4404492 1.26 1.1841954 0.15554482 0.9670872 -0.006631547 1.4102612 20 19.960125 3.5
47048 113.58973581224294 -31.277737534574268 99.0 99.0 19.795462 0.039054308 19.152954 0.023072766 18.879578 0.022722363 18.806465 0.033824664 20.811827 0.19656208 20.66562 0.26002634 20.619698 0.20847717 20.285282 0.14413579 19.55743 0.06562392 18.63205 0.019024635 18.763542 0.039814368 0 1.8231502 1.12 1.0698755 0.06531179 0.9714031 -0.0015679764 1.1317916 20 19.552408 19.160551 0.031944487 19.091238 0.055644933 19.08461 0.081682414 0.505494 0.41369516 33.2359 3.2708168 58.038372 3.3472173 50.881016 3.8269653 24.10516 4.1444936 0.19365692 0.25286955 0.38828275 0.36727187 -0.8702492 0.89521164 3.469612 0.9641132 5.817443 1.0551643 8.950107 0.37883455 8.293633 1.5939335 1692.66 2670.16 d255 1.2368674 1.1560854 -89.60933 3.5 0 1.9422768 1.26 1.0698755 0.06531179 0.9746563 -0.00078442326 1.24413 26 19.92438 3.5
58519 112.35059135381267 -31.213097865101343 20.969126 0.1937261 19.610651 0.034509517 19.02299 0.021235526 18.622635 0.020587763 18.647505 0.030081974 20.531881 0.15705459 99.0 99.0 20.159891 0.14686637 19.890245 0.107632376 19.463737 0.06294263 18.227127 0.018505566 18.653059 0.037231114 0 1.9803023 1.12 1.0616571 0.058076322 0.9566163 -0.00091138796 1.2947367 28 19.428936 18.942583 0.026664391 18.723927 0.040185045 18.58254 0.051839955 1.1935875 0.4156349 55.51234 3.3067248 84.27184 3.381395 80.794815 3.8567212 41.485508 4.157818 0.6964688 0.2544566 0.8997207 0.3693457 2.9624202 0.9049709 3.5761614 0.96452427 5.47548 1.0543203 30.836565 0.4122342 17.458437 1.6065142 8627.088 3097.1226 d255 1.2548604 1.1819828 39.851475 3.5 0 2.2068896 1.26 1.0616571 0.058076322 0.97975105 -0.00022160255 1.3921589 29 19.897211 3.5
69109 112.15791830653984 -31.15310956575197 20.622187 0.14628522 19.374561 0.029295795 18.912687 0.019816715 18.765562 0.021217069 18.642748 0.03024331 20.201939 0.12130925 19.933924 0.14861444 19.509933 0.08839034 19.563925 0.08456463 19.154581 0.050758425 18.554308 0.018106535 18.688581 0.03821626 0 1.8645449 1.12 1.0341327 0.03300613 0.9878275 -0.0023649277 1.1863903 26 19.586782 19.003132 0.027996285 18.858704 0.045221865 18.81628 0.06399227 1.3563125 0.4157958 51.601803 3.2982752 72.07973 3.363422 65.14599 3.8387108 36.199535 4.1509686 0.924765 0.25498864 2.2707217 0.37452087 4.502096 0.90934294 4.827919 0.9678118 8.312965 1.061247 13.748602 0.38618258 11.269463 1.597004 9708.414 3483.4136 d255 1.2951356 1.2523882 -2.3355947 3.5 0 2.1074893 1.26 1.0341327 0.03300613 0.9997301 -0.0011679357 1.2880995 32 19.91461 3.5
77552 112.96740528104078 -31.10875973268909 21.126482 0.21697173 19.747917 0.037708975 19.247494 0.024830518 18.868555 0.023961363 18.866833 0.03513319 20.736712 0.1810688 20.729868 0.2721666 20.243254 0.14945692 20.112995 0.12420382 19.622118 0.06835937 17.445032 0.01294978 18.912909 0.04503822 0 1.7326338 1.12 1.1083817 0.097783744 0.97446615 -0.0032550928 1.1100687 20 19.540989 19.22457 0.033803154 19.072327 0.054766145 18.897167 0.0689166 0.8851372 0.41484532 41.297676 3.2845101 66.08801 3.3584156 60.469017 3.83731 43.77597 4.160171 0.24821311 0.25309935 0.41782242 0.3674761 2.88576 0.9048606 2.7728882 0.9621287 5.4870358 1.0545125 24.08618 0.40228856 16.342207 1.6052474 5173.6943 3787.8948 d255 1.2427186 1.1212009 21.73212 3.5 0 2.2657428 1.26 1.1083817 0.097783744 0.9805615 0.0015401822 1.3638151 24 20.193428 3.5
101365 112.65640217346925 -30.975563565023275 21.776722 0.4022539 20.495577 0.068913594 19.266144 0.025953928 18.291458 0.0155016435 17.903183 0.017077599 21.295721 0.33586425 99.0 99.0 99.0 99.0 22.200146 0.7739508 20.556753 0.15174542 18.638329 0.01925612 18.002478 0.023299333 0 1.8248088 1.12 1.0555915 0.052663803 0.9929339 -0.001989627 1.0691268 23 19.075138 18.592604 0.020055484 18.71621 0.039807595 19.297749 0.09912042 0.18784536 0.41261742 64.731514 3.3196568 6.374744 3.2778332 41.811985 3.8162262 145.47092 4.2325587 -0.20554277 0.25214434 0.18385433 0.36627907 -0.5878055 0.8947896 1.8281857 0.9584589 -2.6844823 1.0388353 24.24484 0.40229318 51.359406 1.6509442 6918.5947 4658.2114 d255 1.1889169 1.126304 25.325409 3.5 0 2.0584795 1.26 1.0555915 0.052663803 0.98203474 -0.0018307738 1.0410513 20 20.207298 3.5
101966 112.69289876276262 -30.97209995134647 20.877354 0.18579492 19.571457 0.035137355 19.187569 0.02632907 18.6314 0.019995889 18.98125 0.039263856 20.442616 0.1433424 99.0 99.0 99.0 99.0 20.326527 0.15207401 19.586033 0.06750744 18.355892 0.015532906 18.931107 0.04666746 0 2.1038415 1.12 1.1238953 0.11023742 0.6240761 0.0032599878 1.7772597 32 19.491789 18.72808 0.022383833 17.969313 0.02078985 17.264648 0.016128968 2.8675992 0.4201758 141.52582 3.440473 -6.826126 3.2706454 271.98215 4.039403 -70.803024 4.126068 1.6186833 0.2572675 -0.33752647 0.36568266 -1.7420019 0.8951413 4.870741 0.96846265 45.640495 1.1577126 86.49257 0.48685777 -23.020365 1.5824505 6713.8174 4681.314 d255 1.2748224 1.1342893 28.578648 3.5 0 3.1713939 1.26 1.1238953 0.11023742 0.9619334 0.04030958 1.1519797 30 20.17417 3.5
102052 112.68468448383348 -30.97120463508175 19.091211 0.04273532 18.866016 0.027416779 19.40879 0.033134606 18.120066 0.014389263 18.220682 0.02187907 20.572256 0.18150717 19.466602 0.16982123 18.211897 0.03724656 17.574188 0.022848653 18.588486 0.0380534 18.495745 0.018106911 18.674425 0.03911658 0 7.5695553 1.12 1.2375871 0.19197607 0.9621502 0.03418824 2.4011555 29 19.524706 17.745775 0.010609391 16.449469 0.006167101 15.651829 0.004368686 35.25247 0.50105625 529.1652 3.9902065 258.64386 3.5987852 1201.3466 4.8326945 961.3824 4.7959094 6.047533 0.27057424 11.4478245 0.4092544 117.08497 1.2210311 198.82556 1.45655 198.78842 1.4879465 127.043785 0.5347777 264.99173 1.9125273 6759.9297 4687.083 d255 1.4087335 1.1382904 11.3893175 3.5 0 7.5695553 1.26 1.2375871 0.19197607 0.9626001 0.051940713 1.20726 29 20.591183 3.5
