Ha-emitters-disk-iteractive/Halpha-disk_splus_13r16-Mine_PerField.ecsv
# %ECSV 1.0
# ---
# datatype:
# - {name: NUMBER, datatype: int64}
# - {name: ALPHA, datatype: float64}
# - {name: DELTA, datatype: float64}
# - {name: u, datatype: float64}
# - {name: uerr, datatype: float64}
# - {name: g, datatype: float64}
# - {name: gerr, datatype: float64}
# - {name: r, datatype: float64}
# - {name: rerr, datatype: float64}
# - {name: i, datatype: float64}
# - {name: ierr, datatype: float64}
# - {name: z, datatype: float64}
# - {name: zerr, datatype: float64}
# - {name: F378, datatype: float64}
# - {name: F378err, datatype: float64}
# - {name: F395, datatype: float64}
# - {name: F395err, datatype: float64}
# - {name: F410, datatype: float64}
# - {name: F410err, datatype: float64}
# - {name: F430, datatype: float64}
# - {name: F430err, datatype: float64}
# - {name: F515, datatype: float64}
# - {name: F515err, datatype: float64}
# - {name: F660, datatype: float64}
# - {name: F660err, datatype: float64}
# - {name: F861, datatype: float64}
# - {name: F861err, datatype: float64}
# - {name: flags_i, datatype: int64}
# - {name: fwhm_i, datatype: float64}
# - {name: fwhm_psf_i, datatype: float64}
# - {name: ellog_i, datatype: float64}
# - {name: ellip_i, datatype: float64}
# - {name: class_i, datatype: float64}
# - {name: spread_i, datatype: float64}
# - {name: flux_radius_i, datatype: float64}
# - {name: area_i, datatype: int64}
# - {name: mumax_i, datatype: float64}
# - {name: mag_aper2_i, datatype: float64}
# - {name: magerr_apper2_i, datatype: float64}
# - {name: mag_aper4_i, datatype: float64}
# - {name: magerr_apper4_i, datatype: float64}
# - {name: mag_aper6_i, datatype: float64}
# - {name: magerr_apper6_i, datatype: float64}
# - {name: flux_aper6_u, datatype: float64}
# - {name: fluxerr_aper6_u, datatype: float64}
# - {name: flux_aper6_g, datatype: float64}
# - {name: fluxerr_aper6_g, datatype: float64}
# - {name: flux_aper6_r, datatype: float64}
# - {name: fluxerr_aper6_r, datatype: float64}
# - {name: flux_aper6_i, datatype: float64}
# - {name: fluxerr_aper6_i, datatype: float64}
# - {name: flux_aper6_z, datatype: float64}
# - {name: fluxerr_aper6_z, datatype: float64}
# - {name: flux_aper6_F378, datatype: float64}
# - {name: fluxerr_aper6_F378, datatype: float64}
# - {name: flux_aper6_F395, datatype: float64}
# - {name: fluxerr_aper6_F395, datatype: float64}
# - {name: flux_aper6_F410, datatype: float64}
# - {name: fluxerr_aper6_F410, datatype: float64}
# - {name: flux_aper6_F430, datatype: float64}
# - {name: fluxerr_aper6_F430, datatype: float64}
# - {name: flux_aper6_F515, datatype: float64}
# - {name: fluxerr_aper6_F515, datatype: float64}
# - {name: flux_aper6_F660, datatype: float64}
# - {name: fluxerr_aper6_F660, datatype: float64}
# - {name: flux_aper6_F861, datatype: float64}
# - {name: fluxerr_aper6_F861, datatype: float64}
# - {name: x, datatype: float64}
# - {name: y, datatype: float64}
# - {name: field, datatype: string}
# - {name: a_image, datatype: float64}
# - {name: b_image, datatype: float64}
# - {name: theta_image, datatype: float64}
# - {name: kron_radius_i, datatype: float64}
# - {name: flags_r, datatype: int64}
# - {name: fwhm_r, datatype: float64}
# - {name: fwhm_psf_r, datatype: float64}
# - {name: ellog_r, datatype: float64}
# - {name: ellip_r, datatype: float64}
# - {name: class_r, datatype: float64}
# - {name: spread_r, datatype: float64}
# - {name: flux_radius_r, datatype: float64}
# - {name: area_r, datatype: int64}
# - {name: mumax_r, datatype: float64}
# - {name: kron_radius_r, datatype: float64}
# schema: astropy-2.0
NUMBER ALPHA DELTA u uerr g gerr r rerr i ierr z zerr F378 F378err F395 F395err F410 F410err F430 F430err F515 F515err F660 F660err F861 F861err flags_i fwhm_i fwhm_psf_i ellog_i ellip_i class_i spread_i flux_radius_i area_i mumax_i mag_aper2_i magerr_apper2_i mag_aper4_i magerr_apper4_i mag_aper6_i magerr_apper6_i flux_aper6_u fluxerr_aper6_u flux_aper6_g fluxerr_aper6_g flux_aper6_r fluxerr_aper6_r flux_aper6_i fluxerr_aper6_i flux_aper6_z fluxerr_aper6_z flux_aper6_F378 fluxerr_aper6_F378 flux_aper6_F395 fluxerr_aper6_F395 flux_aper6_F410 fluxerr_aper6_F410 flux_aper6_F430 fluxerr_aper6_F430 flux_aper6_F515 fluxerr_aper6_F515 flux_aper6_F660 fluxerr_aper6_F660 flux_aper6_F861 fluxerr_aper6_F861 x y field a_image b_image theta_image kron_radius_i flags_r fwhm_r fwhm_psf_r ellog_r ellip_r class_r spread_r flux_radius_r area_r mumax_r kron_radius_r
[from data line 754]
159776 126.86816304398864 -36.18253282474058 15.967072 0.0054195635 13.827346 0.0014240582 13.247244 0.00096943305 13.0890875 0.0009372507 12.689477 0.00091899675 15.454702 0.006090418 15.2082615 0.0075480603 14.628959 0.0050470144 14.422446 0.004338366 13.588522 0.0024088523 13.002938 0.0010105941 12.419335 0.0011358445 0 3.1426811 1.1 1.1948195 0.16305345 0.99870706 0.021516168 1.5316062 411 14.23991 13.050905 0.00085017376 12.879376 0.0008067605 12.7917 0.0008048203 95.45764 0.59434646 7736.897 10.383297 14848.647 12.248074 16014.734 11.868308 12347.877 9.819219 72.983826 0.48064843 87.85368 0.70245457 380.59277 1.9873836 515.9018 2.2553015 1439.8428 3.2152205 1768.7703 1.5516498 4709.19 4.9005346 5967.31 6677.824 d326 2.0948718 1.7532957 76.80185 3.5 0 2.535187 1.1 1.1948195 0.16305345 0.99900323 0.011957778 1.4626017 406 14.263014 3.5
159953 126.54363792189687 -36.18256993572577 15.640583 0.004551682 13.62675 0.0012906024 13.198195 0.0009449873 13.085169 0.0009296217 12.702174 0.00091930426 15.283123 0.0055717705 15.001988 0.0068032863 14.375163 0.00444217 14.201505 0.0038896643 13.386048 0.002185666 12.817962 0.0010503534 12.456506 0.0011559958 0 3.0549135 1.1 1.1092545 0.098493636 0.9986572 0.02201627 1.4684662 370 14.217258 13.028284 0.0008411666 12.870582 0.0008032829 12.81101 0.000813045 123.07127 0.62896955 8938.769 10.977603 15815.81 12.586586 15732.425 11.77824 11650.626 9.595948 81.50269 0.4944628 99.96606 0.72745115 455.56003 2.0956404 598.61365 2.364723 1659.9647 3.4047487 1824.3577 1.5730098 4443.2383 4.781226 7681.834 6673.154 d326 1.8757168 1.6909707 -76.06089 3.5 0 2.8020313 1.1 1.1092545 0.098493636 0.99900806 0.017877854 1.4189374 370 14.334986 3.5
162799 126.65351423203032 -36.16539497900271 14.139733 0.0021114915 12.998613 0.0009579319 13.098306 0.00089950155 13.036652 0.0009104653 12.680108 0.00091426104 13.70815 0.0025250763 13.57912 0.003346031 13.206635 0.0024958774 13.13789 0.0023124616 12.734794 0.0016049042 12.8144045 0.0009242154 12.41802 0.0011356458 0 3.5847654 1.1 1.0833861 0.076968014 0.9985354 0.024845172 1.5950772 470 14.197543 12.898215 0.0007912795 12.734559 0.0007513304 12.673248 0.0007565202 482.9189 0.9731885 16462.973 14.140481 19623.885 13.8385935 17860.787 12.442033 12052.569 9.725215 341.88205 0.8097204 366.10883 1.1461701 1317.3813 3.0772953 1585.8319 3.4090767 3012.7708 4.393264 2226.0757 1.7193968 4634.9307 4.8674994 7101.6855 6787.7144 d326 1.9350885 1.7861485 -79.89117 3.5 0 3.194125 1.1 1.0833861 0.076968014 0.9982788 0.021439403 1.5977437 470 14.332336 3.5
165536 126.8962570070545 -36.14782591906571 14.19999 0.0021766447 12.890509 0.00090577506 13.140246 0.00091927487 13.117309 0.0009448008 12.772707 0.0009480772 13.599332 0.002396033 13.196583 0.0027816882 12.9359 0.0021910279 12.824513 0.0019915395 12.5648 0.0014796818 12.847172 0.0009408088 12.493093 0.0011771511 0 3.474853 1.1 1.0685388 0.064142525 0.99812216 0.029051512 1.5260491 517 14.215014 12.931453 0.0008037194 12.775105 0.00076634466 12.710579 0.0007713797 462.3533 0.9568912 19317.533 15.169156 20331.215 14.059131 17257.113 12.257629 11021.584 9.38998 382.57715 0.8484965 525.9833 1.3360655 1715.6104 3.437566 2146.3706 3.8789604 3582.2192 4.7483015 2185.0957 1.7050643 4303.6626 4.7174315 5819.0273 6905.1133 d326 1.9541174 1.8287754 -87.22683 3.5 0 3.0576293 1.1 1.0685388 0.064142525 0.9973317 0.024521459 1.587135 518 14.267937 3.5
167736 126.50911562842056 -36.134949537408176 14.904705 0.0030995125 13.422154 0.0011693477 13.202238 0.00094558473 13.101897 0.00093932723 12.812316 0.00097180996 14.479062 0.0036941946 14.356301 0.0049021225 13.85814 0.0034302233 13.776978 0.0031531698 13.227508 0.0020270757 12.994076 0.0010080908 12.642241 0.0012630591 0 2.6945708 1.1 1.1785477 0.15149814 0.99724424 0.017283332 1.4412906 387 14.17853 13.117419 0.0008772745 12.965803 0.00084211974 12.911788 0.00085760886 238.33492 0.7565453 10751.629 11.817885 15209.444 12.375921 14337.875 11.322549 9888.908 9.007274 167.1388 0.61626154 178.96318 0.8730235 723.3856 2.4434981 877.75903 2.7014668 1912.3121 3.6098876 1731.399 1.5371909 3715.7356 4.438522 7865.6675 6984.0493 d326 1.9568955 1.6604295 -82.921524 3.5 0 2.5758975 1.1 1.1785477 0.15149814 0.9978864 0.014152754 1.4318489 386 14.314863 3.5
169633 126.90344179206171 -36.1302826564194 15.576168 0.0043935548 14.452582 0.0019281588 13.869644 0.0013045227 13.596089 0.0011922064 13.439439 0.0013198613 15.133678 0.005147806 14.899308 0.006444038 14.789409 0.005491051 14.682348 0.0049595577 14.256395 0.0033345872 13.468251 0.0012612173 13.483052 0.0018863578 0 1.9169389 1.1 1.0607538 0.057274163 0.99979174 0.0043048165 1.214334 281 14.187773 13.79012 0.0012080743 13.664425 0.0012023213 13.61539 0.0012667786 131.91858 0.63968366 4236.059 8.417542 7259.449 9.169539 7499.7017 8.748123 5186.577 7.2020416 94.148796 0.5142776 111.01612 0.74953073 314.73236 1.8873647 390.45517 2.078637 754.75104 2.5366132 1050.0946 1.2431362 1717.6688 3.3191695 5781.1157 7019.966 d326 1.6451625 1.5509372 86.34656 3.5 0 1.9296572 1.1 1.0607538 0.057274163 0.9996457 0.0027431608 1.2384977 281 14.493137 3.5
171281 126.68103708213484 -36.10971853569685 13.233743 0.0013629397 12.573149 0.0007793284 13.00316 0.0008585068 13.004106 0.00089588325 12.548026 0.00085672544 12.545904 0.0014524112 12.110578 0.0016663552 11.817453 0.0012918708 11.788496 0.0012217037 11.643433 0.0009632438 12.656345 0.00085662684 12.018414 0.0009404284 0 6.5148654 1.1 1.1405413 0.123223305 0.94422036 0.042063553 2.022363 655 14.188968 12.41607 0.0006314769 12.1846485 0.00057563046 12.113043 0.00056918286 1107.1329 1.3797967 37873.312 20.640575 37616.82 18.650684 29921.459 15.682119 18859.232 11.701724 994.7385 1.2986947 1407.6068 2.0937903 4728.51 5.4378476 5478.646 5.9498286 8307.012 7.0334663 3822.8716 2.2073338 7475.8 6.00316 6957.2837 7152.5825 d326 2.282401 2.001156 89.61333 3.5 0 6.437242 1.1 1.1405413 0.123223305 0.7178171 0.03826856 2.135469 655 14.359657 3.5
173429 126.80939311766872 -36.10314364047425 14.398661 0.002401059 13.161413 0.0010324159 13.190035 0.00094355276 13.136665 0.00095915416 12.89394 0.0010113682 13.911972 0.0027913146 13.709746 0.0035628935 13.372787 0.0027037156 13.292523 0.002492322 12.979094 0.0018018542 12.993653 0.0010071911 12.737768 0.001322106 0 2.6368463 1.1 1.1217768 0.108557105 0.9898492 0.01780873 1.4528879 454 14.244462 13.164834 0.0008970273 12.989208 0.0008518927 12.916075 0.0008595041 385.3481 0.8930216 14140.234 13.244575 16519.756 12.826876 14281.374 11.302854 9431.497 8.8468485 287.44882 0.7547541 329.63843 1.0982358 1149.9387 2.9124818 1401.4976 3.2396345 2465.8538 4.02288 1788.0565 1.5590602 3506.8303 4.3346677 6278.591 7197.094 d326 2.032374 1.8117453 -65.29034 3.5 0 2.6645262 1.1 1.1217768 0.108557105 0.9984453 0.016601663 1.4966674 455 14.270446 3.5
174808 126.4342201693128 -36.09693472199468 18.71954 0.030860709 14.847667 0.0023532899 13.416372 0.0010495506 13.060842 0.00091914495 12.616233 0.00088263693 18.295134 0.033923563 17.809523 0.03451209 16.698061 0.01586706 16.126781 0.010781802 14.557785 0.0038749417 13.087041 0.0011927431 12.348397 0.0010972108 0 2.9745994 1.1 1.10866 0.09801018 0.9994972 0.019467456 1.4317611 362 14.1773205 13.034869 0.0008437917 12.8813305 0.00080764503 12.826954 0.00081992225 6.640439 0.46606684 2881.0632 7.52007 11181.481 10.870222 15503.088 11.7047205 13416.842 10.152677 5.0554333 0.35186642 7.747233 0.50735444 52.602245 1.4204946 102.282425 1.6002498 561.62274 2.3095942 1423.2405 1.4117932 4978.158 5.0185356 8262.949 7230.906 d326 1.8257859 1.6468402 77.35233 3.5 0 2.1949837 1.1 1.10866 0.09801018 0.9998109 0.0064071654 1.3033917 359 14.248976 3.5
176392 126.47944981861548 -36.087115984147054 13.755958 0.0017532029 12.760867 0.0008527688 13.024312 0.0008686919 12.998947 0.0008926278 12.596754 0.00087353075 13.341932 0.0021194294 13.222538 0.0028192261 12.821535 0.00207453 12.74704 0.0019199657 12.381495 0.001360051 12.715314 0.0008821196 12.227999 0.001037664 0 3.982141 1.1 1.0864391 0.07956183 0.9906986 0.03156349 1.6734877 505 14.176213 12.707126 0.00072342454 12.532535 0.0006807436 12.469095 0.0006809873 680.45984 1.117884 21491.59 15.906815 25073.1 15.454265 21555.672 13.516704 14072.252 10.350204 474.95163 0.93041474 504.10968 1.3116003 1864.7323 3.5627823 2252.6125 3.9614208 4156.6797 5.0810604 2684.4907 1.8724573 5605.127 5.282531 8024.042 7296.4053 d326 1.9781555 1.8207698 89.55281 3.5 0 3.828942 1.1 1.0864391 0.07956183 0.98827815 0.02933265 1.7308218 506 14.325334 3.5
182260 127.24596952658786 -36.05276801984411 16.446606 0.007133886 13.886457 0.0014659679 13.175766 0.0009373615 13.05293 0.0009161689 12.317156 0.00095175 16.026377 0.008321208 15.728996 0.010011889 14.964732 0.00602522 14.69236 0.0049980064 13.616483 0.0024449863 12.773888 0.0010299409 12.236376 0.0011859236 0 4.268021 1.1 1.0830308 0.07666528 0.9986272 0.030355578 1.5424408 420 14.186549 12.863636 0.00077854824 12.70989 0.00074224395 12.650119 0.0007474998 58.36447 0.5444528 7000.2505 10.001927 15845.129 12.596702 18245.348 12.558373 13824.565 10.276542 41.605366 0.42601708 51.281544 0.62102246 265.48004 1.8087722 380.5177 2.0639105 1343.2963 3.128549 1891.0095 1.5982283 5209.9697 5.1178026 3968.76 7525.145 d326 1.852733 1.7106928 82.87688 3.5 0 2.7164457 1.1 1.0830308 0.07666528 0.99845415 0.01667991 1.3970066 417 14.281464 3.5
186197 126.30355408356944 -36.026122231258185 17.095657 0.010369332 14.215388 0.001721938 13.221104 0.0009546431 12.998414 0.0008936863 12.561731 0.000859455 16.629395 0.011682462 16.311056 0.01380048 15.495529 0.007979258 15.137317 0.0062871026 13.876709 0.002774693 12.8445215 0.0010573148 12.263164 0.0010538006 0 3.1735904 1.1 1.1506085 0.13089466 0.9981562 0.02417904 1.5683132 413 14.152119 12.917766 0.0007985222 12.742888 0.0007543022 12.67601 0.00075753796 32.398445 0.5062671 5230.8984 9.017459 14521.423 12.130227 17815.41 12.427116 15016.517 10.629779 23.715824 0.39122722 30.633837 0.5695905 165.63916 1.6372716 255.80702 1.8694701 1073.9686 2.8722358 1790.4556 1.5598824 5538.8228 5.255029 8957.199 7690.2515 d326 1.9638005 1.7067496 72.5065 3.5 0 2.555255 1.1 1.1506085 0.13089466 0.9991708 0.012328758 1.4162734 411 14.268862 3.5
188092 126.87643147644629 -36.01601453044156 14.1094265 0.0020825767 12.655488 0.00088478683 13.005709 0.0008634787 12.98791 0.00089165143 12.645547 0.0008987487 13.229443 0.002008612 12.719526 0.00221963 12.576184 0.0018473477 12.544855 0.0017445092 12.369878 0.0013534477 12.631447 0.0009395407 12.357173 0.0011038925 0 3.4942105 1.1 1.0573715 0.054258645 0.99760026 0.024858398 1.6173372 541 14.175399 12.837644 0.00076908956 12.665317 0.00072622014 12.5998 0.0007282843 498.4289 0.98532605 23051.5 16.417149 23738.574 15.075099 19110.84 12.815953 12792.81 9.959176 533.8725 0.9791957 811.04584 1.6202866 2374.3914 3.9620967 2751.8704 4.3294663 4251.8496 5.134345 2461.1768 1.7995602 4905.8267 4.986954 5924.5303 7767.824 d326 1.9882463 1.8803668 -79.61245 3.5 0 3.722338 1.1 1.0573715 0.054258645 0.9944327 0.02562223 1.6936331 541 14.28321 3.5
189341 126.89087611684066 -36.01012929456389 14.48573 0.0025103616 13.075369 0.0009912646 13.068637 0.0008892496 13.042057 0.0009136755 12.654562 0.0009860079 13.998474 0.0029127384 13.851543 0.0038206412 13.432436 0.0027845528 13.321332 0.0025270646 12.857927 0.0017022191 12.636301 0.0009542108 12.421235 0.0011362698 0 3.1893227 1.1 1.1943749 0.16274196 0.9979954 0.02605112 1.5794071 510 14.185313 12.9244175 0.0008010442 12.754492 0.0007586084 12.677623 0.0007582193 353.3671 0.86512357 15196.742 13.659082 19906.688 13.926737 17788.96 12.419828 12123.872 9.747521 263.84097 0.7296272 287.1213 1.0395911 1081.9366 2.8428116 1354.8864 3.1953425 2722.5154 4.200688 2219.177 1.7169489 4680.9956 4.887847 5848.0806 7806.4043 d326 2.2049503 1.8461124 -43.73667 3.5 0 3.1570654 1.1 1.1943749 0.16274196 0.99854696 0.022630792 1.5688289 512 14.285758 3.5
192086 126.67400466040588 -35.99508962201586 14.819909 0.0029692783 13.533195 0.0012371643 13.265399 0.00097476743 13.180522 0.0009748087 12.914247 0.0010256745 14.474123 0.003683246 14.368503 0.0049309474 13.916853 0.0035314222 13.86602 0.0032953508 13.349627 0.0021513344 13.058282 0.001037169 12.835849 0.0013833297 0 2.492208 1.1 1.2079201 0.17213064 0.99885726 0.012932912 1.4308057 396 14.216674 13.262191 0.00093929365 13.085962 0.0008940514 13.020594 0.00090884446 258.09473 0.7760094 9828.828 11.395654 13999.334 11.941639 12970.666 10.854805 8914.265 8.661648 170.11124 0.6198527 178.73647 0.872345 693.9076 2.4069123 817.62646 2.6317976 1729.7283 3.462104 1577.7025 1.475775 3209.5286 4.18246 6996.6655 7902.799 d326 2.0293388 1.6800275 89.53613 3.5 0 2.4115694 1.1 1.2079201 0.17213064 0.9990347 0.009850323 1.4306377 393 14.316296 3.5
192170 126.48461375052058 -35.99540882779635 16.012115 0.005547875 13.711568 0.0013441304 13.156286 0.0009252306 13.020424 0.0009033448 12.635801 0.00089335383 15.500921 0.006230642 15.254269 0.007757649 14.535585 0.0048199142 14.255217 0.0039985315 13.432355 0.002236772 12.8955765 0.0009622448 12.340231 0.0010949979 0 2.9356368 1.1 1.2025983 0.16846716 0.99845797 0.021666944 1.5867203 416 14.178412 12.961732 0.0008152514 12.775126 0.00076637976 12.695463 0.00076536735 90.64237 0.58829856 8491.189 10.761334 16570.879 12.845335 17499.053 12.3326 13386.958 10.144123 70.40145 0.47652113 83.06417 0.69251823 401.5648 2.0187001 585.1685 2.3476827 1636.5039 3.3853562 1961.4974 1.6245551 5112.964 5.0767827 7999.657 7896.8286 d326 2.1120136 1.7562087 -69.31459 3.5 0 2.6871643 1.1 1.2025983 0.16846716 0.9979413 0.01391353 1.5144745 414 14.289486 3.5
194596 126.81698522499715 -35.97802633802553 17.538542 0.013791498 13.953711 0.0015126833 13.086124 0.0008968737 12.981948 0.0008888714 12.522835 0.00084121904 17.108877 0.0156127075 16.634129 0.016647313 15.637419 0.008629803 15.110237 0.006192752 13.653609 0.0024878262 12.7659025 0.0009036768 12.012281 0.0009367297 0 5.1598654 1.1 1.1222322 0.108918846 0.9912922 0.030934563 1.858577 517 14.182567 12.57769 0.0006809593 12.3824625 0.0006330502 12.31086 0.0006284767 21.10539 0.48917344 6624.4565 9.801345 19197.299 13.704019 24937.682 14.431631 20962.03 12.247847 15.064759 0.37357914 22.087427 0.547331 143.96571 1.5985498 261.4533 1.8794003 1302.1152 3.0907636 2420.2688 1.7858703 7969.4497 6.1791987 6239.622 8016.13 d326 2.1037743 1.8746337 -88.22115 3.5 0 2.9545915 1.1 1.1222322 0.108918846 0.99857765 0.020809662 1.5684949 507 14.324299 3.5
