Ha-emitters-disk-iteractive/Halpha-disk_splus_16r175-Mine_PerField.ecsv
# %ECSV 1.0
# ---
# datatype:
# - {name: NUMBER, datatype: int64}
# - {name: ALPHA, datatype: float64}
# - {name: DELTA, datatype: float64}
# - {name: u, datatype: float64}
# - {name: uerr, datatype: float64}
# - {name: g, datatype: float64}
# - {name: gerr, datatype: float64}
# - {name: r, datatype: float64}
# - {name: rerr, datatype: float64}
# - {name: i, datatype: float64}
# - {name: ierr, datatype: float64}
# - {name: z, datatype: float64}
# - {name: zerr, datatype: float64}
# - {name: F378, datatype: float64}
# - {name: F378err, datatype: float64}
# - {name: F395, datatype: float64}
# - {name: F395err, datatype: float64}
# - {name: F410, datatype: float64}
# - {name: F410err, datatype: float64}
# - {name: F430, datatype: float64}
# - {name: F430err, datatype: float64}
# - {name: F515, datatype: float64}
# - {name: F515err, datatype: float64}
# - {name: F660, datatype: float64}
# - {name: F660err, datatype: float64}
# - {name: F861, datatype: float64}
# - {name: F861err, datatype: float64}
# - {name: flags_i, datatype: int64}
# - {name: fwhm_i, datatype: float64}
# - {name: fwhm_psf_i, datatype: float64}
# - {name: ellog_i, datatype: float64}
# - {name: ellip_i, datatype: float64}
# - {name: class_i, datatype: float64}
# - {name: spread_i, datatype: float64}
# - {name: flux_radius_i, datatype: float64}
# - {name: area_i, datatype: int64}
# - {name: mumax_i, datatype: float64}
# - {name: mag_aper2_i, datatype: float64}
# - {name: magerr_apper2_i, datatype: float64}
# - {name: mag_aper4_i, datatype: float64}
# - {name: magerr_apper4_i, datatype: float64}
# - {name: mag_aper6_i, datatype: float64}
# - {name: magerr_apper6_i, datatype: float64}
# - {name: flux_aper6_u, datatype: float64}
# - {name: fluxerr_aper6_u, datatype: float64}
# - {name: flux_aper6_g, datatype: float64}
# - {name: fluxerr_aper6_g, datatype: float64}
# - {name: flux_aper6_r, datatype: float64}
# - {name: fluxerr_aper6_r, datatype: float64}
# - {name: flux_aper6_i, datatype: float64}
# - {name: fluxerr_aper6_i, datatype: float64}
# - {name: flux_aper6_z, datatype: float64}
# - {name: fluxerr_aper6_z, datatype: float64}
# - {name: flux_aper6_F378, datatype: float64}
# - {name: fluxerr_aper6_F378, datatype: float64}
# - {name: flux_aper6_F395, datatype: float64}
# - {name: fluxerr_aper6_F395, datatype: float64}
# - {name: flux_aper6_F410, datatype: float64}
# - {name: fluxerr_aper6_F410, datatype: float64}
# - {name: flux_aper6_F430, datatype: float64}
# - {name: fluxerr_aper6_F430, datatype: float64}
# - {name: flux_aper6_F515, datatype: float64}
# - {name: fluxerr_aper6_F515, datatype: float64}
# - {name: flux_aper6_F660, datatype: float64}
# - {name: fluxerr_aper6_F660, datatype: float64}
# - {name: flux_aper6_F861, datatype: float64}
# - {name: fluxerr_aper6_F861, datatype: float64}
# - {name: x, datatype: float64}
# - {name: y, datatype: float64}
# - {name: field, datatype: string}
# - {name: a_image, datatype: float64}
# - {name: b_image, datatype: float64}
# - {name: theta_image, datatype: float64}
# - {name: kron_radius_i, datatype: float64}
# - {name: flags_r, datatype: int64}
# - {name: fwhm_r, datatype: float64}
# - {name: fwhm_psf_r, datatype: float64}
# - {name: ellog_r, datatype: float64}
# - {name: ellip_r, datatype: float64}
# - {name: class_r, datatype: float64}
# - {name: spread_r, datatype: float64}
# - {name: flux_radius_r, datatype: float64}
# - {name: area_r, datatype: int64}
# - {name: mumax_r, datatype: float64}
# - {name: kron_radius_r, datatype: float64}
# schema: astropy-2.0
NUMBER ALPHA DELTA u uerr g gerr r rerr i ierr z zerr F378 F378err F395 F395err F410 F410err F430 F430err F515 F515err F660 F660err F861 F861err flags_i fwhm_i fwhm_psf_i ellog_i ellip_i class_i spread_i flux_radius_i area_i mumax_i mag_aper2_i magerr_apper2_i mag_aper4_i magerr_apper4_i mag_aper6_i magerr_apper6_i flux_aper6_u fluxerr_aper6_u flux_aper6_g fluxerr_aper6_g flux_aper6_r fluxerr_aper6_r flux_aper6_i fluxerr_aper6_i flux_aper6_z fluxerr_aper6_z flux_aper6_F378 fluxerr_aper6_F378 flux_aper6_F395 fluxerr_aper6_F395 flux_aper6_F410 fluxerr_aper6_F410 flux_aper6_F430 fluxerr_aper6_F430 flux_aper6_F515 fluxerr_aper6_F515 flux_aper6_F660 fluxerr_aper6_F660 flux_aper6_F861 fluxerr_aper6_F861 x y field a_image b_image theta_image kron_radius_i flags_r fwhm_r fwhm_psf_r ellog_r ellip_r class_r spread_r flux_radius_r area_r mumax_r kron_radius_r
[from data line 39]
138189 106.3367907754402 -10.677822461576852 20.476461 0.10398757 18.47963 0.020193068 16.792744 0.006809636 16.062653 0.004281548 15.509607 0.0039653433 20.051136 0.117898226 19.844765 0.15674269 20.008682 0.16611661 19.302237 0.089994915 18.301119 0.03561816 16.27411 0.0054677213 15.626168 0.005821062 0 1.8660699 1.06 1.0150567 0.014833331 0.9063332 0.0013354253 1.292974 84 16.826475 16.293814 0.0045215003 16.078146 0.005267462 15.957505 0.006259769 3.2262738 0.2886336 179.13924 4.260726 521.2507 4.6055927 835.9846 4.8186655 797.10077 4.369213 3.3538702 0.2579032 3.5595994 0.4078989 11.751315 1.0432135 13.118053 1.1459826 30.806078 1.3212364 85.84361 0.62386197 239.34697 1.8934277 6936.3022 9634.365 d036 1.4714637 1.4496369 8.3617 3.5 0 2.5570676 1.42 1.0150567 0.014833331 0.802322 0.002444493 1.71712 84 17.970882 3.5
25019 108.52307978803948 -11.758038366149504 22.080915 0.37157154 19.220499 0.02421147 17.48189 0.00805974 16.593779 0.005295088 15.95118 0.004959229 99.0 99.0 21.16112 0.407778 20.473997 0.19610673 20.478584 0.18543309 18.972963 0.04339664 16.84998 0.0070634675 16.049574 0.0070582344 0 1.6469452 1.15 1.0256691 0.025026679 0.98334134 -0.0032966766 1.159705 69 17.1468 16.805048 0.0055994387 16.680836 0.0069513065 16.633417 0.008802211 0.5337732 0.21737981 43.75461 2.224131 230.8458 2.7912083 464.55103 3.7652633 465.60486 4.164218 0.26402953 0.18542035 0.82249975 0.311368 2.4043908 0.7009305 1.1935209 0.7448486 8.81235 0.81098574 43.078854 0.41741788 144.78984 1.6649094 2148.3567 2561.034 d037 1.3753724 1.3409514 -45.30026 3.5 0 2.0548794 1.29 1.0256691 0.025026679 0.98315835 -0.0015931037 1.2486511 65 18.366611 3.5
40179 95.34103365886844 -12.582084404629148 19.927677 0.11137607 17.972265 0.026061205 17.02253 0.01202352 16.675686 0.009710101 16.46401 0.010606941 19.440739 0.12955198 19.292841 0.1818366 18.886011 0.13912386 18.807066 0.12936282 17.678415 0.043469213 16.697021 0.013663686 16.503885 0.015020515 0 2.3190541 1.25 1.1097397 0.09888774 0.91534036 -7.451819e-05 1.565381 64 17.892063 16.935553 0.01059296 16.730083 0.013979674 16.646132 0.018123252 0.9616563 0.1788956 62.474667 3.1209574 158.6651 3.223008 199.13474 3.323176 135.94232 2.7633111 0.8258302 0.16985904 0.42472613 0.28275695 3.4047167 0.7518449 3.4502134 0.83034855 11.995702 0.9838926 24.224508 0.5091506 47.466587 1.3295615 8473.782 6374.3896 d043 1.643327 1.4808221 76.84632 3.5 0 2.9024196 1.54 1.1097397 0.09888774 0.97292554 -0.00020436956 1.762244 63 18.414839 3.5
44506 95.84805419158188 -12.484136729720214 19.816792 0.10594963 18.210205 0.031441674 17.479597 0.01641851 17.175993 0.0133689 17.001362 0.014911534 19.33792 0.12195332 19.332844 0.19254127 18.79222 0.13268998 18.768698 0.1303132 17.960676 0.054513108 17.25866 0.019380122 17.080605 0.021678278 0 2.3167572 1.25 1.0509318 0.048463523 0.94209045 -0.00077257195 1.4622772 49 18.234121 17.440645 0.015152476 17.26801 0.021813132 17.209963 0.029633434 1.4441206 0.1811054 53.10691 3.107643 106.720726 3.1546779 118.47173 3.232711 88.10647 2.711238 0.71289706 0.16947263 0.9038416 0.28547928 1.9963242 0.74693537 3.1419654 0.82991034 9.246936 0.9767016 13.409525 0.49008256 27.113077 1.2969384 5234.629 7018.118 d043 1.5228219 1.4490206 51.78851 3.5 0 3.0455604 1.54 1.0509318 0.048463523 0.87930256 0.00072984863 1.8598717 54 18.91202 3.5
60245 95.08651308042268 -12.105658636234446 20.664034 0.19946617 18.613178 0.04168335 17.168652 0.013204644 16.267511 0.007598304 15.760655 0.0069874884 99.0 99.0 99.0 99.0 99.0 99.0 99.0 99.0 18.49045 0.08014894 16.690844 0.013374682 15.889286 0.010414561 0 2.310042 1.25 1.0171702 0.016880274 0.9715372 0.000570289 1.5641199 63 17.40119 16.528559 0.008100115 16.327797 0.010188499 16.277857 0.013268984 0.2967026 0.17614771 36.477882 3.0791073 136.06354 3.1946132 279.54834 3.4155827 257.68088 2.8986187 0.41979328 0.16808513 0.26979735 0.28216863 0.034502115 0.7390958 0.437993 0.81982756 5.9812574 0.96705973 26.96069 0.5142846 85.92455 1.3918325 10108.522 9489.521 d043 1.526565 1.5007961 -20.455671 3.5 0 2.780254 1.54 1.0171702 0.016880274 0.9652425 -0.0012656684 1.7632226 60 18.50866 3.5
143790 106.33552876105244 -12.35494673843206 18.356674 0.01998783 17.525536 0.009345132 16.637272 0.005161794 16.288603 0.00462618 15.963483 0.004980811 17.865393 0.02646767 18.389223 0.047488928 18.066404 0.034565706 17.838776 0.02822385 17.305975 0.016473968 16.021816 0.0044377367 16.126688 0.0076831337 0 2.1874251 1.07 1.1271497 0.11280638 0.864082 -0.001144079 1.4169031 135 16.941124 16.545908 0.004823356 16.365646 0.005445145 16.311598 0.0065983646 23.249184 0.29183078 268.9614 2.8345287 925.25385 3.8054302 602.7825 3.6624112 477.48163 3.6390383 24.16984 0.3330052 7.4467883 0.3435318 18.003199 0.78247875 29.455664 0.87555826 43.590702 0.95975906 439.71237 0.79915833 143.08015 1.560069 3148.844 7862.1543 d050 2.065701 1.8326768 -8.264939 3.5 0 2.4351628 1.16 1.1271497 0.11280638 0.9623039 0.0033510663 2.4127116 170 17.643106 3.5
146943 106.3441339397541 -12.329051497234357 19.105669 0.033194754 17.500813 0.009185528 16.271336 0.0042528384 15.546771 0.0031486247 15.0142145 0.0030097584 18.986763 0.05468893 19.27504 0.091735125 18.9374 0.06423293 18.59179 0.046941996 17.387514 0.017290924 15.807515 0.0038502023 15.255518 0.0048051933 0 1.8357204 1.07 1.0538498 0.051098168 0.97287685 -0.0004789977 1.194488 124 16.532177 15.810287 0.0032521524 15.641116 0.0034188025 15.595695 0.003914785 13.44903 0.26468524 257.5583 2.81192 982.80554 3.8696315 1165.5256 4.2014575 1162.2936 4.181408 11.351467 0.28349742 2.464187 0.3212504 5.2235823 0.7323186 10.45516 0.80611074 37.911423 0.9420972 306.02554 0.69042015 319.06433 1.796326 3093.5754 8031.5845 d050 1.5608188 1.4810638 32.592102 3.5 0 2.1590452 1.16 1.0538498 0.051098168 0.8420366 0.0010848278 1.600458 127 17.480059 3.5
148271 106.31069897697353 -12.316894506695489 99.0 99.0 17.808508 0.011796458 16.182804 0.004200039 15.120473 0.0025525177 14.462805 0.0022765188 19.486164 0.090577304 99.0 99.0 20.061749 0.16446157 20.213352 0.17407937 17.608671 0.020517834 15.5887375 0.0038419643 14.721048 0.0036630335 0 1.8956146 1.07 1.002988 0.0029790998 0.96235496 8.980059e-05 1.2173426 131 15.993721 15.384107 0.002621026 15.243547 0.0027041435 15.229195 0.0030610338 -3.2072027 0.22244544 37.66963 2.3617947 816.8645 3.6795473 1633.5104 4.604264 1832.6051 4.6543655 3.7037735 0.24955305 -3.4734583 0.30995473 -8.72604 0.71148384 -12.6572695 0.76602036 11.724226 0.85877407 361.71786 0.7377338 495.25925 2.0063617 3307.2832 8111.449 d050 1.5275121 1.5229615 88.59871 0.0 0 2.1320386 1.16 1.002988 0.0029790998 0.9623151 0.0015008132 1.3817376 131 17.235096 3.5
148557 106.43425668819928 -12.313986580589797 18.412495 0.021646013 17.037405 0.0072041526 16.019072 0.0037873483 15.431353 0.0029711397 14.970603 0.002936926 17.986872 0.029870085 17.607523 0.02904542 17.76186 0.028712405 17.519234 0.023583822 16.877937 0.012994786 15.493973 0.0034305346 15.031947 0.0042890864 0 1.799667 1.07 1.0182176 0.017891586 0.96137077 -0.00072909356 1.2802689 153 16.127066 15.696714 0.0030694802 15.529652 0.0031972597 15.477366 0.003611558 8.622875 0.25048497 343.21912 2.9709826 924.88385 3.8055384 1299.7302 4.3223305 1160.277 4.1822276 6.041791 0.2604932 8.121324 0.34650165 18.308487 0.78383106 23.809376 0.85585344 59.49604 1.0066144 151.80846 0.5386896 381.96082 1.874665 2517.0664 8129.2935 d050 1.6006325 1.5719947 51.485382 3.5 0 2.0545774 1.16 1.0182176 0.017891586 0.9912147 -0.00037167154 1.385834 151 16.931349 3.5
148944 106.30120942333303 -12.310633624801474 19.619537 0.05153501 17.411066 0.008974599 16.009264 0.0037784919 15.223275 0.002682859 14.66916 0.00251996 19.499275 0.0850264 18.864191 0.068998404 18.632334 0.052800808 18.205822 0.037148472 17.22342 0.015994009 15.540217 0.003499638 14.866612 0.003951138 0 1.9313835 1.07 1.0372171 0.035881698 0.9623166 0.0013348098 1.2987406 154 16.054764 15.482814 0.002754105 15.301892 0.0027973412 15.239808 0.0030823415 3.1957073 0.23321207 280.1764 2.8556116 941.5654 3.8241677 1617.6199 4.5912123 1581.5331 4.4836698 1.0387113 0.23652686 4.293693 0.32974553 11.110549 0.7561183 16.43449 0.828954 50.03675 0.97898525 148.30557 0.5346922 457.48886 1.9633682 3367.9177 8152.509 d050 1.6186217 1.5605428 78.42388 3.5 0 2.1450777 1.16 1.0372171 0.035881698 0.96231484 0.0003273152 1.410332 154 17.009655 3.5
151157 106.33164247362922 -12.292083754158494 20.000149 0.07085025 17.722147 0.010557028 16.320341 0.0044389428 15.538715 0.0031423008 15.064909 0.003091497 20.191175 0.14474237 19.379951 0.09923844 19.162022 0.075449035 18.622679 0.04853398 17.595623 0.019563843 15.887586 0.0042394404 15.24481 0.0047935364 0 1.9456474 1.07 1.0144802 0.014273524 0.8472786 0.00039244944 1.2766131 141 16.418634 15.803126 0.0032418107 15.623054 0.0033828865 15.560199 0.0038219134 4.6715136 0.23806886 208.86615 2.7201734 731.1346 3.5771565 1204.2601 4.238101 1086.022 4.1267066 2.0775678 0.24174021 2.5046344 0.3217177 7.3953614 0.7416532 12.470116 0.8143881 36.736626 0.93916786 120.31683 0.50205874 318.07117 1.7960151 3173.1187 8273.682 d050 1.5839663 1.5613575 51.354843 3.5 0 2.1163988 1.16 1.0144802 0.014273524 0.96231455 0.00063832337 1.4132167 141 17.38016 3.5
151673 106.3431640039352 -12.28851070697364 19.661543 0.0532063 18.56058 0.017210329 17.315868 0.00750446 16.329607 0.004727246 15.700488 0.004317515 19.442936 0.07936437 19.191942 0.08554633 19.289213 0.083146095 19.092575 0.067998745 18.35385 0.031043116 16.550547 0.0059960694 15.919783 0.006878418 0 1.8470231 1.07 1.0307498 0.029832423 0.9918854 -0.0009541941 1.2371268 87 17.169424 16.587927 0.004935821 16.436829 0.0057161497 16.407076 0.007098179 2.0810363 0.22936149 80.78906 2.4553738 268.62735 2.9595652 552.0387 3.6081672 588.8972 3.7312012 1.5316566 0.23883148 2.1275811 0.31970194 2.8937953 0.7228793 4.7114735 0.7840495 14.792001 0.868467 55.43801 0.4163179 168.07701 1.5951555 3099.3953 8296.97 d050 1.490655 1.4461851 21.06798 3.5 0 2.1526365 1.16 1.0307498 0.029832423 0.9772815 -0.00028763988 1.3855426 80 18.355618 3.5
167602 106.43937197875783 -12.156655133475342 19.107042 0.03461039 17.68061 0.010234071 16.380522 0.0045518945 15.737905 0.0034598543 15.307443 0.0034975158 19.032194 0.059255745 18.41582 0.049045183 18.90863 0.0624837 18.476803 0.04351624 17.554289 0.01905956 15.848928 0.004102424 15.424681 0.0052679037 0 1.9387536 1.07 1.0115099 0.011378884 0.9963757 0.00013130285 1.3110564 134 16.566582 15.993986 0.0035797786 15.814477 0.0038040406 15.757037 0.0043846653 4.855336 0.23862821 189.9437 2.6826627 672.5326 3.5048614 1004.58026 4.0559373 866.7287 3.9577878 2.70098 0.24475017 3.7555454 0.32735372 6.1596804 0.7366173 9.76431 0.8040629 32.226418 0.92510474 110.56355 0.4901248 270.18863 1.7345725 2482.4858 9159.147 d050 1.5895859 1.5714982 45.344437 3.5 0 2.1592283 1.16 1.0115099 0.011378884 0.9547873 -3.1633972e-05 1.430159 131 17.405205 3.5
36548 107.7061245826563 -13.147732157254078 20.849545 0.13904856 17.650154 0.010952666 16.439861 0.0051214006 16.103352 0.0041006934 15.6482315 0.0045478963 20.36019 0.15109266 19.748817 0.15199369 18.98615 0.07268741 18.63527 0.05333057 17.625912 0.022046812 16.172117 0.0048814598 15.84355 0.006385743 0 2.5868165 1.6 1.0622333 0.058587253 0.98342335 -0.0005988121 1.6302884 107 17.481607 16.389603 0.0043147462 16.182947 0.004740004 16.139383 0.0057336246 1.1502714 0.2301209 171.8475 2.617092 530.53076 3.3304462 756.9136 3.9961863 568.9475 4.0192385 0.6453022 0.19286704 0.80983645 0.30994108 5.1187043 0.7235316 7.0781574 0.7779956 26.290346 0.8817477 82.135475 0.4406629 184.71838 1.7040944 3672.5999 2673.5032 d051 1.6607571 1.5634578 -81.26674 3.5 0 2.740424 1.68 1.0622333 0.058587253 0.98323107 -0.0018165914 1.6418849 106 17.848852 3.5
50467 108.08565431425504 -13.03256110817518 20.811134 0.12986195 18.374279 0.01677154 17.29387 0.008160204 17.052065 0.0070147705 16.621826 0.008025969 20.329504 0.14112055 19.850206 0.15825705 19.222176 0.0839446 19.019772 0.068226814 18.101725 0.02946078 17.057566 0.0078326 16.826803 0.011233013 0 2.6743414 1.6 1.1831217 0.15477842 0.99433357 -0.0013920917 1.5525548 66 18.249973 17.330893 0.0075209285 17.125566 0.009324179 17.059595 0.011926531 1.1027454 0.23010217 87.45263 2.4428053 247.95221 2.939838 324.31094 3.5616062 236.17514 3.7557485 0.65654516 0.19303124 0.98575544 0.31096634 4.9736085 0.72337025 4.858975 0.769702 15.826493 0.8477443 38.775223 0.37731874 76.591606 1.5610268 1251.3623 3422.8513 d051 1.6208218 1.3699536 85.903145 3.5 0 2.7771728 1.68 1.1831217 0.15477842 0.98354346 -0.001269822 1.5776163 67 18.595518 3.5
87588 106.88757028751056 -12.72249007146682 18.891998 0.03037353 17.414377 0.009439803 16.204304 0.0044819517 16.46019 0.004902717 15.699787 0.004504793 18.29696 0.0315785 18.291119 0.049495675 17.834196 0.032044057 17.59312 0.026155408 16.94249 0.014526944 16.191727 0.004893171 15.8436365 0.006293574 0 4.425458 1.6 1.0927407 0.08486974 0.8583536 0.025260508 2.0788646 119 18.055035 16.60772 0.0048811766 16.288828 0.0050953384 16.226418 0.0061292285 5.33419 0.24391174 267.34467 2.8043802 716.3799 3.566696 698.6067 3.9428363 590.49164 4.0390306 4.4566574 0.20811652 4.723111 0.32831746 19.99045 0.782369 24.2066 0.843185 56.67139 0.9756049 79.13947 0.43679667 199.13596 1.7236233 8895.903 5454.53 d051 1.8816615 1.7219654 70.91046 3.5 0 3.189742 1.68 1.0927407 0.08486974 0.9830298 0.0018917306 1.9702973 120 17.479053 3.5
95850 106.72328112060822 -12.65425382907994 19.147942 0.035855673 17.911 0.012891618 16.88425 0.006549099 16.290585 0.004567207 15.671485 0.004437338 18.74672 0.042494528 18.327837 0.050330225 18.430286 0.04827932 18.33704 0.043281164 17.686443 0.022862209 16.43041 0.0055563566 15.814503 0.006206956 0 2.86701 1.6 1.2058014 0.170676 0.9834539 -0.00059810467 1.7371737 96 17.584375 16.614098 0.004899697 16.351223 0.0053147348 16.299803 0.0064826366 4.440976 0.24101336 135.17747 2.5436928 354.99524 3.0942757 652.9484 3.8976312 612.6504 4.055033 3.0947874 0.20280834 4.1224027 0.3255186 9.193524 0.7404035 10.14258 0.7904272 24.214231 0.8755246 63.812748 0.4151787 200.2013 1.724582 9946.156 5898.721 d051 1.8052033 1.4970984 73.49359 3.5 0 3.0174468 1.68 1.2058014 0.170676 0.98362607 -0.001205038 1.7330463 93 18.135168 3.5
136250 108.02643573464638 -12.317424045315525 21.364828 0.22498736 18.619692 0.02016489 17.487976 0.009268514 17.221956 0.007913133 16.835438 0.009073165 20.91375 0.24686877 20.59181 0.31791085 19.748898 0.13831566 19.357376 0.0934831 18.429262 0.037884794 17.258802 0.008863472 16.971579 0.01238353 0 2.8786626 1.6 1.2075349 0.17186654 0.9831276 -0.0014244954 1.6598778 71 18.497904 17.538301 0.008586573 17.302132 0.01068029 17.273497 0.014265515 0.36573642 0.22757354 66.93443 2.3977015 205.51682 2.8758578 266.31842 3.4983144 197.76772 3.723091 0.50468236 0.19236238 0.99271053 0.3109282 4.245777 0.72023934 3.9098945 0.7657569 11.92463 0.8343561 36.183567 0.373122 63.74798 1.5427283 1618.1215 8104.9956 d051 1.7483311 1.4478514 65.24979 3.5 0 3.2232282 1.68 1.2075349 0.17186654 0.9845355 -0.00063461554 1.7441088 64 18.897974 3.5
