Ha-emitters-disk-iteractive/Halpha-disk_splus_16r175-Mine_PerField.ecsv
# %ECSV 1.0
# ---
# datatype:
# - {name: NUMBER, datatype: int64}
# - {name: ALPHA, datatype: float64}
# - {name: DELTA, datatype: float64}
# - {name: u, datatype: float64}
# - {name: uerr, datatype: float64}
# - {name: g, datatype: float64}
# - {name: gerr, datatype: float64}
# - {name: r, datatype: float64}
# - {name: rerr, datatype: float64}
# - {name: i, datatype: float64}
# - {name: ierr, datatype: float64}
# - {name: z, datatype: float64}
# - {name: zerr, datatype: float64}
# - {name: F378, datatype: float64}
# - {name: F378err, datatype: float64}
# - {name: F395, datatype: float64}
# - {name: F395err, datatype: float64}
# - {name: F410, datatype: float64}
# - {name: F410err, datatype: float64}
# - {name: F430, datatype: float64}
# - {name: F430err, datatype: float64}
# - {name: F515, datatype: float64}
# - {name: F515err, datatype: float64}
# - {name: F660, datatype: float64}
# - {name: F660err, datatype: float64}
# - {name: F861, datatype: float64}
# - {name: F861err, datatype: float64}
# - {name: flags_i, datatype: int64}
# - {name: fwhm_i, datatype: float64}
# - {name: fwhm_psf_i, datatype: float64}
# - {name: ellog_i, datatype: float64}
# - {name: ellip_i, datatype: float64}
# - {name: class_i, datatype: float64}
# - {name: spread_i, datatype: float64}
# - {name: flux_radius_i, datatype: float64}
# - {name: area_i, datatype: int64}
# - {name: mumax_i, datatype: float64}
# - {name: mag_aper2_i, datatype: float64}
# - {name: magerr_apper2_i, datatype: float64}
# - {name: mag_aper4_i, datatype: float64}
# - {name: magerr_apper4_i, datatype: float64}
# - {name: mag_aper6_i, datatype: float64}
# - {name: magerr_apper6_i, datatype: float64}
# - {name: flux_aper6_u, datatype: float64}
# - {name: fluxerr_aper6_u, datatype: float64}
# - {name: flux_aper6_g, datatype: float64}
# - {name: fluxerr_aper6_g, datatype: float64}
# - {name: flux_aper6_r, datatype: float64}
# - {name: fluxerr_aper6_r, datatype: float64}
# - {name: flux_aper6_i, datatype: float64}
# - {name: fluxerr_aper6_i, datatype: float64}
# - {name: flux_aper6_z, datatype: float64}
# - {name: fluxerr_aper6_z, datatype: float64}
# - {name: flux_aper6_F378, datatype: float64}
# - {name: fluxerr_aper6_F378, datatype: float64}
# - {name: flux_aper6_F395, datatype: float64}
# - {name: fluxerr_aper6_F395, datatype: float64}
# - {name: flux_aper6_F410, datatype: float64}
# - {name: fluxerr_aper6_F410, datatype: float64}
# - {name: flux_aper6_F430, datatype: float64}
# - {name: fluxerr_aper6_F430, datatype: float64}
# - {name: flux_aper6_F515, datatype: float64}
# - {name: fluxerr_aper6_F515, datatype: float64}
# - {name: flux_aper6_F660, datatype: float64}
# - {name: fluxerr_aper6_F660, datatype: float64}
# - {name: flux_aper6_F861, datatype: float64}
# - {name: fluxerr_aper6_F861, datatype: float64}
# - {name: x, datatype: float64}
# - {name: y, datatype: float64}
# - {name: field, datatype: string}
# - {name: a_image, datatype: float64}
# - {name: b_image, datatype: float64}
# - {name: theta_image, datatype: float64}
# - {name: kron_radius_i, datatype: float64}
# - {name: flags_r, datatype: int64}
# - {name: fwhm_r, datatype: float64}
# - {name: fwhm_psf_r, datatype: float64}
# - {name: ellog_r, datatype: float64}
# - {name: ellip_r, datatype: float64}
# - {name: class_r, datatype: float64}
# - {name: spread_r, datatype: float64}
# - {name: flux_radius_r, datatype: float64}
# - {name: area_r, datatype: int64}
# - {name: mumax_r, datatype: float64}
# - {name: kron_radius_r, datatype: float64}
# schema: astropy-2.0
NUMBER ALPHA DELTA u uerr g gerr r rerr i ierr z zerr F378 F378err F395 F395err F410 F410err F430 F430err F515 F515err F660 F660err F861 F861err flags_i fwhm_i fwhm_psf_i ellog_i ellip_i class_i spread_i flux_radius_i area_i mumax_i mag_aper2_i magerr_apper2_i mag_aper4_i magerr_apper4_i mag_aper6_i magerr_apper6_i flux_aper6_u fluxerr_aper6_u flux_aper6_g fluxerr_aper6_g flux_aper6_r fluxerr_aper6_r flux_aper6_i fluxerr_aper6_i flux_aper6_z fluxerr_aper6_z flux_aper6_F378 fluxerr_aper6_F378 flux_aper6_F395 fluxerr_aper6_F395 flux_aper6_F410 fluxerr_aper6_F410 flux_aper6_F430 fluxerr_aper6_F430 flux_aper6_F515 fluxerr_aper6_F515 flux_aper6_F660 fluxerr_aper6_F660 flux_aper6_F861 fluxerr_aper6_F861 x y field a_image b_image theta_image kron_radius_i flags_r fwhm_r fwhm_psf_r ellog_r ellip_r class_r spread_r flux_radius_r area_r mumax_r kron_radius_r
[from data line 499]
19295 104.69911914741786 -37.75296170159052 19.585955 0.13029006 17.198599 0.031181494 17.082172 0.014429445 16.813423 0.012907989 16.200169 0.016395666 18.924442 0.11035249 18.907598 0.16282418 17.894312 0.108463325 17.59121 0.0952324 17.352186 0.047161285 16.83406 0.015071701 16.173367 0.022911811 0 5.4560566 3.22 1.0256435 0.02500236 0.9796606 -0.0011305263 2.5546477 62 18.872686 17.353699 0.014950389 16.892138 0.018000364 16.80048 0.024115084 2.3298357 0.9101507 178.21819 9.890481 276.11697 7.516219 269.77893 5.9905534 171.6146 4.7608676 3.4669194 0.68636894 3.7840908 0.9369624 10.036941 2.5818455 8.539995 2.7057054 27.102043 2.7591972 32.89586 0.84941316 59.96526 2.251941 5145.5967 5390.082 d330 1.9258819 1.8777303 -38.816895 3.5 0 4.466715 2.68 1.0256435 0.02500236 0.9813448 0.001603389 2.2958276 59 18.875933 3.5
29911 104.08351938146672 -37.38707427122005 19.237799 0.0998044 18.049627 0.0690178 17.234121 0.017035272 16.434753 0.009932632 15.1974535 0.007669307 18.938082 0.11812061 18.902706 0.1693195 18.833946 0.26640218 18.154829 0.16474742 18.186436 0.103014395 15.570377 0.0058872295 15.399881 0.012755162 0 5.366083 3.22 1.0424088 0.040683508 0.9821846 -0.0009201233 2.7662487 85 18.532036 17.050762 0.01179675 16.491753 0.012778344 16.392456 0.016782738 7.071564 0.91465956 97.07015 9.852569 240.27293 7.4993873 392.84167 6.070864 431.45306 4.929846 2.7056313 0.68585956 3.3122344 0.93672746 2.7015023 2.5748713 14.061094 2.7133915 15.540981 2.7487237 111.00797 0.9034511 123.17522 2.313246 8345.49 7776.8936 d330 2.0700402 1.9858238 3.0592303 3.5 0 4.443615 2.68 1.0424088 0.040683508 0.97992796 0.00018725221 2.409826 63 19.117752 3.5
33709 105.007469945368 -37.26521037622869 20.145624 0.21699911 17.617136 0.044760592 17.190113 0.015543676 16.681187 0.011414518 15.907732 0.012721843 20.30592 0.38792375 19.520779 0.28405625 19.298546 0.38665497 18.909292 0.313506 18.013203 0.08319453 16.79506 0.014274363 15.659059 0.014882761 0 5.532729 3.22 1.0649197 0.06096208 0.9816012 0.002159125 2.56251 70 18.796871 17.17839 0.013039484 16.702936 0.015299644 16.586887 0.019936472 2.7740185 0.91081214 114.592896 9.859629 245.13658 7.500511 328.4319 6.029257 235.64104 4.8038616 -0.039919574 0.68255275 2.8135085 0.93572223 6.1696806 2.5782335 1.6967783 2.6988337 16.790344 2.749379 36.25441 0.85203993 101.9958 2.2927797 3536.9478 8578.925 d330 1.9527174 1.8336757 -43.658947 3.5 0 4.861129 2.68 1.0649197 0.06096208 0.9796061 0.00049082533 2.252008 60 18.938087 3.5
2392 106.18100119802487 -38.39806587920072 17.786503 0.031926643 17.45794 0.022286056 16.937523 0.00998393 16.531696 0.007698899 16.313213 0.008375243 17.46676 0.036858 17.48999 0.0546743 17.540115 0.057350356 17.453878 0.048255067 17.282671 0.03026816 16.475735 0.008898576 16.221296 0.0112467 0 1.98371 1.1 1.0469165 0.04481393 0.9831326 0.00084962946 1.2403141 51 17.201101 16.689632 0.008182906 16.580454 0.01060398 16.54459 0.013795714 5.9527373 0.42862388 103.15976 5.277187 185.65114 3.42218 225.61282 2.8660128 163.71617 2.3556461 4.255653 0.32736456 3.3897004 0.45577368 9.835677 1.2003758 9.6219425 1.2388265 17.20218 1.2429267 28.853815 0.40250704 60.534176 1.0764997 6644.207 1166.1371 d331 1.3543866 1.2936912 56.786312 3.5 0 2.0312333 1.26 1.0469165 0.04481393 0.98310786 -0.0011861344 1.2913209 48 17.64901 3.5
8955 105.84443703428748 -38.268734179046426 18.42366 0.051834527 17.27429 0.019743219 16.800476 0.009216351 16.585312 0.007932994 16.492313 0.009289701 17.955956 0.052316777 17.774683 0.06693759 17.533072 0.0576129 17.45555 0.048394967 17.04437 0.026104756 16.54689 0.009265112 16.556952 0.013593536 0 2.0920773 1.1 1.0584131 0.05518931 0.99689174 -2.0842735e-05 1.2235445 50 17.364157 16.746563 0.008483811 16.629356 0.011009803 16.583225 0.014250689 3.3541677 0.42419422 114.59284 5.2973747 207.8572 3.4521408 217.72552 2.8570337 138.57143 2.3235276 3.07691 0.32469365 3.6465995 0.45687988 9.500098 1.2002766 11.122907 1.2432843 20.633892 1.2514983 26.381538 0.3990062 44.83869 1.0448985 8375.915 2005.4506 d331 1.3700252 1.2944144 13.6977215 3.5 0 2.2547739 1.26 1.0584131 0.05518931 0.9827111 0.00038932814 1.3187445 50 17.737059 3.5
10237 106.42709767334064 -38.24428221462937 16.264374 0.011654082 16.298588 0.010682056 16.253633 0.0067245993 16.266998 0.0066447044 16.329845 0.008436732 16.096502 0.01532809 16.182095 0.023032904 16.236732 0.022905096 16.25803 0.021468854 16.266542 0.016176194 16.044859 0.0069087925 16.32505 0.011858928 0 1.7890117 1.1 1.0369036 0.03559023 0.98428077 -0.00065468374 1.1576369 60 16.919022 16.428886 0.006998586 16.322533 0.008760203 16.283367 0.0111474795 24.68421 0.46101364 287.61166 5.5461917 347.84583 3.6225455 286.9811 2.945779 165.16086 2.3575478 14.245332 0.35071188 12.390366 0.48412997 28.607676 1.2456317 29.889277 1.288027 41.18178 1.2967436 47.757656 0.42975986 54.95886 1.0651938 5381.4536 2174.1938 d331 1.3693835 1.3206468 45.565147 3.5 0 2.0406032 1.26 1.0369036 0.03559023 0.9874623 -0.0006296604 1.2511635 63 17.075615 3.5
13588 106.83653570581146 -38.17696185010887 19.286327 0.10528457 17.946064 0.03081694 17.393711 0.0131321065 17.145134 0.010811388 17.04416 0.012761127 18.916288 0.111018986 18.822086 0.15106286 18.343424 0.107385814 18.183233 0.08218885 17.713266 0.04027206 17.17849 0.013133532 17.13331 0.018957127 0 1.825474 1.1 1.0816902 0.07552093 0.99989396 -0.00022222733 1.1231095 35 17.87151 17.300705 0.012119928 17.178862 0.016940072 17.105865 0.022157766 1.1713885 0.42025036 69.29876 5.2298512 121.81897 3.3421707 134.54062 2.7450457 87.96063 2.2551074 0.9664362 0.31952646 0.5390897 0.446731 4.4667015 1.1879395 8.673323 1.2373205 13.184296 1.2345101 22.009914 0.3924038 26.687016 1.0065385 3274.5344 2609.6873 d331 1.3000965 1.201912 46.810707 3.5 0 2.1625369 1.26 1.0816902 0.07552093 0.9977471 0.00014555916 1.1979234 31 18.329556 3.5
45877 107.25503023595289 -37.5495607554228 20.175123 0.22789097 17.626925 0.024600977 16.307966 0.0067659933 15.185937 0.0037622328 14.74294 0.0036241156 19.878223 0.2509423 19.799421 0.35079747 19.05306 0.19864275 18.971346 0.1567238 17.44661 0.03324993 15.769389 0.0059530386 14.858563 0.0054295408 0 3.5904872 1.1 1.2392303 0.19304746 0.98681146 0.013175413 1.5262501 96 15.947365 15.045591 0.0033152192 14.923868 0.0035017899 14.884624 0.0039572124 0.18178895 0.41846806 109.07169 5.289922 459.6153 3.7565157 1040.7593 3.7923622 926.24164 3.207309 0.900653 0.31938803 -0.2514441 0.4449757 -0.129895 1.1768935 2.6107368 1.2222952 20.927065 1.2523476 67.67779 0.45694092 287.27982 1.4645941 1083.682 6701.575 d331 1.7144206 1.383456 -21.587053 3.5 0 3.9524224 1.26 1.2392303 0.19304746 0.9081938 0.023774436 1.77021 89 17.572565 3.5
5020 115.22949405349732 -38.40500406122372 20.039497 0.13392165 18.099663 0.023666926 17.447193 0.012870465 17.1969 0.011091928 17.067072 0.015899831 19.213886 0.12229744 18.948727 0.12631054 18.829517 0.10943205 18.331306 0.07172513 17.849491 0.03867656 17.045362 0.012331721 17.127832 0.018028256 0 1.8273954 1.05 1.0408516 0.039248228 0.97750276 0.0013917162 1.2050325 42 17.594957 17.317749 0.01236676 17.161964 0.016632305 17.087399 0.021590445 0.7132968 0.2961199 59.610916 3.2640212 109.061714 2.8157127 129.25298 2.5696402 86.28889 2.711009 0.9963646 0.2889087 1.7090663 0.34993246 2.6644099 0.8957574 4.801977 0.93958646 8.596773 0.97723156 16.582863 0.35397667 30.697851 1.0239743 5713.0806 1122.0519 d336 1.29189 1.2411857 7.65467 3.5 0 1.8989683 1.1 1.0408516 0.039248228 0.9775015 0.00033175826 1.1647487 37 17.892838 3.5
70335 115.634627776383 -37.86920738157483 99.0 99.0 18.051348 0.02379712 16.943336 0.009722352 16.468054 0.0074749533 16.316963 0.01041215 99.0 99.0 99.0 99.0 19.083385 0.15285005 18.869734 0.109565414 17.88713 0.041006617 16.647593 0.009728286 16.174902 0.010804149 0 1.9600893 1.05 1.031075 0.030138493 0.9984875 0.0037986836 1.1827582 50 17.155262 16.59627 0.007857512 16.501072 0.010009406 16.468151 0.012879041 0.3478324 0.2951257 51.538982 3.2504966 172.54599 2.9116094 228.63327 2.7113972 161.6493 2.8371027 0.11059655 0.28520736 -0.1850748 0.34261164 2.4121783 0.894787 2.1329987 0.93073964 9.224969 0.9789167 23.10794 0.36481667 61.51937 1.0872506 3621.2607 4625.6685 d336 1.3338658 1.293665 -85.19973 3.5 0 2.0546696 1.1 1.031075 0.030138493 0.99383765 0.0042832918 1.2247504 46 17.792046 3.5
114275 114.78924639455968 -37.516263674552086 19.845446 0.124755085 17.869041 0.02145615 17.124025 0.010915152 16.772938 0.008908719 16.607773 0.012445574 19.640244 0.1861493 19.968525 0.3143626 18.919773 0.13410617 18.484158 0.08401275 17.686964 0.036105942 16.883524 0.01119792 16.684122 0.014391317 0 1.6826555 1.05 1.0021483 0.0021436214 0.98325074 -0.0015115397 1.1609668 44 17.205454 16.925365 0.009601446 16.837015 0.012892849 16.811707 0.017102923 0.8094808 0.29636893 64.29954 3.2715716 136.93236 2.8583777 166.61601 2.6239605 110.84723 2.7528565 0.64964384 0.2874829 0.8187299 0.34616578 1.8863335 0.8931877 3.2610197 0.93457174 10.293244 0.98216724 17.644625 0.35577065 35.981815 1.0351208 8001.344 6933.1133 d336 1.2975807 1.2947992 81.324646 3.5 0 1.9620535 1.1 1.0021483 0.0021436214 0.9816894 -0.00031369485 1.2154241 41 17.700453 3.5
149453 115.29755685055623 -37.23936573297456 17.365664 0.019515265 17.061094 0.013092454 16.8591 0.009444136 16.850607 0.00929021 16.757633 0.013549612 17.3028 0.033548124 17.12333 0.03658978 17.076515 0.034481943 17.11453 0.032814596 16.953201 0.02318677 16.58206 0.009492682 16.749277 0.01487201 0 1.9625211 1.05 1.0284653 0.027677417 0.9882557 -0.00041399946 1.1856862 46 17.490107 17.005066 0.010086661 16.89145 0.013434878 16.852156 0.017682383 10.466712 0.32019696 132.30081 3.3770833 181.47395 2.923583 160.52313 2.6136572 99.39695 2.7317307 4.946045 0.30449182 5.6163754 0.36577788 13.297393 0.929565 13.8560095 0.9679032 22.131243 1.0153103 23.722029 0.36566603 34.92966 1.0322841 5361.7744 8751.993 d336 1.3400021 1.3029143 31.520834 3.5 0 2.141999 1.1 1.0284653 0.027677417 0.9830496 -0.0005351725 1.236015 49 17.647354 3.5
68323 128.15544177324054 -37.858224742563166 18.81441 0.045597244 18.34665 0.027273074 17.31754 0.009538373 16.13193 0.0045730337 15.440068 0.0037979814 18.411491 0.049045537 18.396418 0.06971095 18.658218 0.094756044 18.697315 0.09493568 18.176334 0.044658378 16.641916 0.007160154 15.631831 0.0059698527 0 1.9373738 1.23 1.0328637 0.031818032 0.9831139 -0.0010450851 1.256459 58 16.738323 16.286419 0.005101708 16.180742 0.0071811276 16.144562 0.00968139 7.113287 0.74197996 98.78146 8.174594 280.96515 6.918365 714.1258 6.366234 803.9422 5.5278916 3.8787832 0.54774994 4.218064 0.76010185 8.382881 2.0752044 6.749316 2.185704 16.990145 2.3246498 54.98288 0.8341892 236.18481 2.5818138 3067.9011 4695.084 d343 1.3387222 1.2961267 69.553505 3.5 0 1.9467648 1.26 1.0328637 0.031818032 0.981558 -0.0013749175 1.2744187 39 17.963545 3.5
70270 128.65126000819907 -37.94209173929054 20.459173 0.16084348 18.202658 0.022296976 17.154427 0.008416919 16.68645 0.006420683 16.41466 0.006929103 20.504274 0.25720608 19.445406 0.14497973 19.354898 0.14496298 18.939674 0.09708725 17.920244 0.033402864 16.518951 0.0065373564 16.4776 0.009627295 0 2.392637 1.36 1.037683 0.036314607 0.9965197 -0.00055701524 1.5146621 73 17.807589 16.945274 0.0070365854 16.757801 0.009455043 16.710209 0.0126782525 2.6726031 0.5649046 130.47714 6.526904 342.74277 5.6307726 435.22736 5.08096 326.7699 4.4379134 -0.41526085 0.41872486 1.4064528 0.5911612 5.179771 1.6294822 9.907252 1.7340928 27.451992 1.8485547 62.44513 0.68363976 102.95617 1.9510609 9665.666 4134.231 d344 1.5525867 1.4962051 -56.602627 3.5 0 2.4704216 1.39 1.037683 0.036314607 0.9806105 0.00016544461 1.5782275 63 18.367933 3.5
98382 128.81169084535287 -37.75622712981372 19.856226 0.095339134 17.71215 0.015080414 17.044315 0.007776941 16.751377 0.0066518853 16.586193 0.0076960763 19.004272 0.07119367 18.39383 0.06166144 18.053299 0.04893511 17.99493 0.044214386 17.466927 0.023737947 16.738472 0.007433415 16.627514 0.010517146 0 2.3305292 1.36 1.031197 0.030253112 0.98333704 -0.0006706798 1.4495695 59 17.7553 17.004948 0.0073363455 16.852015 0.010215888 16.827578 0.014030995 2.5632262 0.56466836 210.5808 6.590241 385.6325 5.663009 390.6328 5.046931 270.7324 4.397802 2.3978283 0.42316595 3.296613 0.59575844 16.346567 1.6493044 20.441286 1.7522432 37.717613 1.8640399 48.259613 0.67097574 89.268234 1.9354907 8845.866 5357.2827 d344 1.5247968 1.478667 -66.266945 3.5 0 2.3191311 1.39 1.031197 0.030253112 0.9814669 -0.0004787272 1.5365921 68 18.135284 3.5
203687 129.41453995246337 -37.090529748573466 19.998419 0.10929726 18.238054 0.022606652 17.483091 0.010482579 17.117855 0.00841227 16.912313 0.009446863 19.378973 0.098536864 19.147602 0.11597507 18.760273 0.08810779 18.664305 0.076183945 17.99442 0.035220318 17.177446 0.009899297 16.977877 0.013216903 0 2.3102634 1.36 1.01425 0.014049888 0.9831097 -7.281281e-05 1.4353683 53 18.13946 17.373796 0.009533517 17.19167 0.013541411 17.140394 0.018443469 1.9331374 0.56385535 122.3331 6.519833 256.46338 5.563321 292.8477 4.9734135 198.84776 4.346942 1.9735565 0.4224046 2.3946445 0.5935712 6.9277844 1.6325142 8.419904 1.7313434 24.10985 1.8432559 30.932556 0.6553371 64.26546 1.9073653 5728.096 9726.257 d344 1.4620622 1.4415205 -75.77307 3.5 0 2.4203255 1.39 1.01425 0.014049888 0.97082645 0.00022187275 1.5492061 56 18.660854 3.5
42801 130.8689350155618 -38.14382298089495 19.437 0.066852465 17.938072 0.016808573 17.262589 0.008696387 16.93901 0.0072353017 16.797169 0.008701839 18.996685 0.0701945 19.01173 0.097949594 18.33057 0.058502022 18.344938 0.055751838 17.736494 0.027719723 16.893871 0.007896737 16.84805 0.011856848 0 1.8859135 1.11 1.0076851 0.007626474 0.98228467 0.00013679168 1.2613183 50 17.610064 17.129564 0.008352253 17.00111 0.012208289 16.967623 0.016822107 3.3096597 0.5796322 154.08533 6.582493 290.8959 5.67867 330.332 5.1168327 212.81761 4.457274 1.9779595 0.43322915 3.5930898 0.6129114 9.696292 1.6554631 7.2937584 1.7474068 27.612822 1.879159 68.89321 0.6963753 71.95234 1.9283661 7367.0938 2828.1543 d345 1.3621893 1.3518006 9.578434 3.5 0 1.9949962 1.23 1.0076851 0.007626474 0.98288685 -0.001227711 1.3115929 48 18.03443 3.5
99766 130.46458375851924 -37.741627012260174 18.586922 0.03411248 17.061941 0.009142145 16.404413 0.0051054573 15.850395 0.0038639829 15.609736 0.004246279 18.052025 0.0343074 17.819336 0.039874356 17.377115 0.028810523 17.223927 0.024432011 16.57738 0.012858608 16.093195 0.0050077355 15.587284 0.005715008 0 2.206101 1.11 1.0511972 0.04870367 0.9989703 0.0017242711 1.3256029 92 16.630884 16.019615 0.004029626 15.8647995 0.00497009 15.818415 0.006339668 5.811354 0.58297366 395.41837 6.7736998 751.7738 6.0215287 951.99304 5.557385 681.251 4.77309 5.89721 0.44037122 7.298832 0.62181824 28.084774 1.6879826 33.101837 1.7920051 85.95951 1.9657763 92.42683 0.7164328 236.82724 2.106597 9470.309 5448.1396 d345 1.5634457 1.4873002 36.236893 3.5 0 2.7314734 1.23 1.0511972 0.04870367 0.99770397 0.0101645095 1.5242016 84 17.469086 3.5
