Ha-emitters-disk-iteractive/Halpha-disk_splus_185r195-Mine_PerField.ecsv
# %ECSV 1.0
# ---
# datatype:
# - {name: NUMBER, datatype: int64}
# - {name: ALPHA, datatype: float64}
# - {name: DELTA, datatype: float64}
# - {name: u, datatype: float64}
# - {name: uerr, datatype: float64}
# - {name: g, datatype: float64}
# - {name: gerr, datatype: float64}
# - {name: r, datatype: float64}
# - {name: rerr, datatype: float64}
# - {name: i, datatype: float64}
# - {name: ierr, datatype: float64}
# - {name: z, datatype: float64}
# - {name: zerr, datatype: float64}
# - {name: F378, datatype: float64}
# - {name: F378err, datatype: float64}
# - {name: F395, datatype: float64}
# - {name: F395err, datatype: float64}
# - {name: F410, datatype: float64}
# - {name: F410err, datatype: float64}
# - {name: F430, datatype: float64}
# - {name: F430err, datatype: float64}
# - {name: F515, datatype: float64}
# - {name: F515err, datatype: float64}
# - {name: F660, datatype: float64}
# - {name: F660err, datatype: float64}
# - {name: F861, datatype: float64}
# - {name: F861err, datatype: float64}
# - {name: flags_i, datatype: int64}
# - {name: fwhm_i, datatype: float64}
# - {name: fwhm_psf_i, datatype: float64}
# - {name: ellog_i, datatype: float64}
# - {name: ellip_i, datatype: float64}
# - {name: class_i, datatype: float64}
# - {name: spread_i, datatype: float64}
# - {name: flux_radius_i, datatype: float64}
# - {name: area_i, datatype: int64}
# - {name: mumax_i, datatype: float64}
# - {name: mag_aper2_i, datatype: float64}
# - {name: magerr_apper2_i, datatype: float64}
# - {name: mag_aper4_i, datatype: float64}
# - {name: magerr_apper4_i, datatype: float64}
# - {name: mag_aper6_i, datatype: float64}
# - {name: magerr_apper6_i, datatype: float64}
# - {name: flux_aper6_u, datatype: float64}
# - {name: fluxerr_aper6_u, datatype: float64}
# - {name: flux_aper6_g, datatype: float64}
# - {name: fluxerr_aper6_g, datatype: float64}
# - {name: flux_aper6_r, datatype: float64}
# - {name: fluxerr_aper6_r, datatype: float64}
# - {name: flux_aper6_i, datatype: float64}
# - {name: fluxerr_aper6_i, datatype: float64}
# - {name: flux_aper6_z, datatype: float64}
# - {name: fluxerr_aper6_z, datatype: float64}
# - {name: flux_aper6_F378, datatype: float64}
# - {name: fluxerr_aper6_F378, datatype: float64}
# - {name: flux_aper6_F395, datatype: float64}
# - {name: fluxerr_aper6_F395, datatype: float64}
# - {name: flux_aper6_F410, datatype: float64}
# - {name: fluxerr_aper6_F410, datatype: float64}
# - {name: flux_aper6_F430, datatype: float64}
# - {name: fluxerr_aper6_F430, datatype: float64}
# - {name: flux_aper6_F515, datatype: float64}
# - {name: fluxerr_aper6_F515, datatype: float64}
# - {name: flux_aper6_F660, datatype: float64}
# - {name: fluxerr_aper6_F660, datatype: float64}
# - {name: flux_aper6_F861, datatype: float64}
# - {name: fluxerr_aper6_F861, datatype: float64}
# - {name: x, datatype: float64}
# - {name: y, datatype: float64}
# - {name: field, datatype: string}
# - {name: a_image, datatype: float64}
# - {name: b_image, datatype: float64}
# - {name: theta_image, datatype: float64}
# - {name: kron_radius_i, datatype: float64}
# - {name: flags_r, datatype: int64}
# - {name: fwhm_r, datatype: float64}
# - {name: fwhm_psf_r, datatype: float64}
# - {name: ellog_r, datatype: float64}
# - {name: ellip_r, datatype: float64}
# - {name: class_r, datatype: float64}
# - {name: spread_r, datatype: float64}
# - {name: flux_radius_r, datatype: float64}
# - {name: area_r, datatype: int64}
# - {name: mumax_r, datatype: float64}
# - {name: kron_radius_r, datatype: float64}
# schema: astropy-2.0
NUMBER ALPHA DELTA u uerr g gerr r rerr i ierr z zerr F378 F378err F395 F395err F410 F410err F430 F430err F515 F515err F660 F660err F861 F861err flags_i fwhm_i fwhm_psf_i ellog_i ellip_i class_i spread_i flux_radius_i area_i mumax_i mag_aper2_i magerr_apper2_i mag_aper4_i magerr_apper4_i mag_aper6_i magerr_apper6_i flux_aper6_u fluxerr_aper6_u flux_aper6_g fluxerr_aper6_g flux_aper6_r fluxerr_aper6_r flux_aper6_i fluxerr_aper6_i flux_aper6_z fluxerr_aper6_z flux_aper6_F378 fluxerr_aper6_F378 flux_aper6_F395 fluxerr_aper6_F395 flux_aper6_F410 fluxerr_aper6_F410 flux_aper6_F430 fluxerr_aper6_F430 flux_aper6_F515 fluxerr_aper6_F515 flux_aper6_F660 fluxerr_aper6_F660 flux_aper6_F861 fluxerr_aper6_F861 x y field a_image b_image theta_image kron_radius_i flags_r fwhm_r fwhm_psf_r ellog_r ellip_r class_r spread_r flux_radius_r area_r mumax_r kron_radius_r
[from data line 777]
88741 130.92621434702497 -41.28315311266035 99.0 99.0 99.0 99.0 19.477644 0.042096756 17.737509 0.012327713 16.58279 0.00788187 99.0 99.0 99.0 99.0 99.0 99.0 99.0 99.0 20.624495 0.31061643 18.592419 0.023896521 16.692453 0.01101218 0 2.866038 1.53 1.0157051 0.01546222 0.83855784 0.0048592263 1.8778727 62 19.031527 17.93191 0.013480407 17.619225 0.017512139 17.531096 0.02316064 0.29786843 0.40384507 8.699504 4.024809 47.310192 3.8236322 190.35391 4.059593 330.0508 3.9913752 0.4233098 0.3098528 0.08575874 0.44438422 -5.328205 1.1254276 -2.3283117 1.1871957 1.0078571 1.3063534 12.264791 0.415942 100.06004 1.6562265 1201.9907 9138.819 d391 1.5957305 1.571057 -18.801483 0.0 0 3.000241 1.5 1.0157051 0.01546222 0.77658117 0.0023857753 1.8069807 39 20.729626 3.5
44969 132.56526785918967 -42.06664244362082 99.0 99.0 21.002008 0.13628806 19.140633 0.025089798 17.497087 0.009350257 16.72534 0.007654978 99.0 99.0 20.81567 0.49259195 20.371374 0.77244174 20.218285 0.24715053 20.63507 0.20273638 18.002665 0.014266247 16.930214 0.011845399 0 1.565063 1.09 1.0229833 0.022466898 0.98286885 -0.0016596344 0.9520469 32 18.063057 17.757317 0.011323852 17.688425 0.017496161 17.65001 0.024114374 -0.5334493 0.41622704 7.251102 5.046096 52.06705 4.183952 173.61877 3.8551638 215.23837 3.5885859 -0.18892467 0.33429295 -0.059820056 0.5950717 3.228376 1.3265953 1.9222798 1.412221 0.49309033 1.4540982 13.159278 0.52058905 59.313427 1.5854851 2448.4456 4020.8223 d392 1.1700454 1.143758 -30.070236 3.5 0 1.987089 1.19 1.0229833 0.022466898 0.9793133 -0.00081390206 1.0321362 20 19.863047 3.5
70074 132.69935569272326 -41.80331683503709 99.0 99.0 20.11234 0.06468898 18.653557 0.017571244 17.215221 0.007625046 16.475674 0.006599022 99.0 99.0 99.0 99.0 99.0 99.0 20.912169 0.45319298 19.624533 0.08736561 17.76081 0.012009745 16.671629 0.010003676 0 1.5108982 1.09 1.0355519 0.03433138 0.9830968 -0.0015411074 1.0112578 40 17.70182 17.380053 0.008714736 17.28313 0.012504687 17.176907 0.01597249 0.7001162 0.41764653 23.526985 5.064652 92.08356 4.226586 268.43384 3.9480264 291.91614 3.6553166 0.1996101 0.33486897 0.28069645 0.59629893 0.8311692 1.3216769 1.4479182 1.4116377 6.94101 1.4671474 20.732931 0.5293964 85.938835 1.6220015 1781.5635 5739.1357 d392 1.2219408 1.1799898 50.62096 3.5 0 1.9032726 1.19 1.0355519 0.03433138 0.97955155 0.00037267743 1.1463493 30 19.345922 3.5
73420 132.37936062772337 -41.774243411350376 20.716612 0.20077977 21.286648 0.18173248 19.468603 0.03196385 18.298801 0.014546252 17.421879 0.011254688 99.0 99.0 99.0 99.0 99.0 99.0 21.199492 0.633745 20.796799 0.24035393 17.719694 0.011810339 17.672922 0.018143795 0 1.6673504 1.09 1.0230392 0.022520423 0.98374754 0.000380442 1.0849034 26 18.699062 18.436953 0.01887548 18.304296 0.02967032 18.288906 0.04255148 0.8263156 0.41751984 9.6324 5.0458164 31.750374 4.1605387 96.391205 3.776785 111.538155 3.4959004 0.116108894 0.33438325 0.5298054 0.5967078 2.4287713 1.324096 -1.5669531 1.4072884 1.6021137 1.4554746 22.403276 0.53087044 33.655266 1.5491214 3341.9714 5940.374 d392 1.1543293 1.1283333 39.02718 3.5 0 2.1404521 1.19 1.0230392 0.022520423 0.97810054 0.0014906535 1.1416498 19 20.179398 3.5
79887 132.3840284439256 -41.711508335496056 99.0 99.0 20.312159 0.07895687 18.676006 0.018048713 17.156399 0.0073080957 16.439873 0.0062861834 21.145838 0.44440347 20.542707 0.40816534 99.0 99.0 20.60139 0.36337766 19.861113 0.108164035 17.838512 0.012719788 16.598902 0.009574678 0 1.7959888 1.09 1.0328399 0.03179574 0.9829746 -0.0009331133 1.1334438 46 17.548208 17.308184 0.008302283 17.177595 0.01148875 17.115208 0.015145339 0.9901418 0.4181141 5.51669 5.045074 83.96931 4.217598 284.1301 3.962474 306.14688 3.6668894 0.61003417 0.33578292 1.3103904 0.6000068 2.050051 1.3241835 1.3921196 1.4112964 8.38102 1.469719 20.140562 0.52864885 94.155914 1.632755 3317.0488 6350.888 d392 1.2919679 1.2508888 -44.939156 3.5 0 2.1419303 1.19 1.0328399 0.03179574 0.9728628 -0.00020947713 1.2872678 30 19.398685 3.5
86470 132.53013854041654 -41.64725536427228 20.264565 0.13386032 19.98195 0.05945683 18.857422 0.020411361 17.590948 0.009402328 16.80628 0.007812765 20.274652 0.19862266 99.0 99.0 20.302032 0.30806646 19.977581 0.20633912 19.785765 0.10131129 17.85685 0.012892637 17.046293 0.012399792 0 1.5948206 1.09 1.0489137 0.046632767 0.98251903 -0.0012609081 1.0744817 35 17.897373 17.74406 0.011207896 17.665552 0.017148064 17.67556 0.024649067 2.1374662 0.41989085 19.334785 5.0555515 69.845604 4.1998277 169.58073 3.8489933 211.33809 3.5831854 0.33650544 0.33487698 -0.09178204 0.59469736 1.186051 1.3212254 4.578063 1.4170656 2.958716 1.4580176 18.247177 0.5261147 54.84985 1.5784577 2600.1987 6767.1484 d392 1.2569937 1.1983765 58.939148 3.5 0 2.0285733 1.19 1.0489137 0.046632767 0.9796574 0.0005709544 1.2204419 22 19.44056 3.5
92394 132.33812351241056 -41.58630655032113 20.31733 0.14548457 20.43006 0.0883089 19.237633 0.027427034 18.275156 0.014504133 17.552496 0.012637254 20.128576 0.17791784 20.111649 0.27921134 20.066822 0.25765038 20.087778 0.23524766 20.015493 0.12516105 18.530266 0.020454144 17.692776 0.018629985 0 1.9012699 1.09 1.0752186 0.06995654 0.99988264 -0.00023510809 0.99400467 25 18.87894 18.44749 0.019060731 18.35837 0.031139253 18.295012 0.042826824 1.079835 0.4184089 17.748034 5.05942 41.54082 4.174929 95.85071 3.7799091 90.299965 3.4803767 0.46483716 0.33554605 0.64313686 0.5977326 1.4233496 1.3232026 4.795256 1.4190711 3.5780592 1.4608203 8.45127 0.51536864 34.360638 1.5515966 3537.529 7171.5073 d392 1.2218972 1.1364175 57.706875 3.5 0 2.0562544 1.19 1.0752186 0.06995654 0.97955406 -0.0024838701 1.0859085 19 19.913334 3.5
94438 132.35761233553876 -41.56263316031065 20.289135 0.13977745 20.008665 0.062130995 18.68795 0.018399084 17.591988 0.009413768 16.82399 0.0077963457 20.042416 0.16594332 20.380102 0.3533823 19.763224 0.19644532 19.822489 0.1878017 19.98037 0.12171803 17.467398 0.0101619 17.026665 0.012257286 0 1.9333218 1.09 1.141658 0.1240809 0.9830797 0.0010106665 1.1445621 38 18.058971 17.717228 0.011003637 17.598387 0.016217196 17.520353 0.0215118 0.9013532 0.41772297 18.199978 5.055552 67.84621 4.1987157 195.6404 3.8753011 224.91139 3.595684 0.6526069 0.33569992 0.03869941 0.5949814 -0.3319872 1.3188902 -0.9228907 1.4075099 0.2912752 1.4531313 27.183441 0.5363199 63.89619 1.5911963 3441.3562 7326.0103 d392 1.3300354 1.1650034 38.705395 3.5 0 2.4254587 1.19 1.141658 0.1240809 0.98054665 0.000296515 1.1959996 27 19.383951 3.5
97295 132.34607344507222 -41.52865788835577 20.73749 0.20667784 20.216862 0.07402291 18.542622 0.016599998 17.226112 0.007590935 16.366886 0.006075405 20.727396 0.30089703 99.0 99.0 99.0 99.0 20.637184 0.37972894 20.156065 0.14057659 17.71511 0.011763698 16.528624 0.009196057 0 2.0061586 1.09 1.0756272 0.07030982 0.9997305 0.0011930566 1.1344496 48 17.90328 17.344173 0.008494583 17.1806 0.011507437 17.062853 0.01447904 0.5790778 0.41729355 14.56152 5.0537295 125.43345 4.2594843 298.16672 3.975293 347.67712 3.7013962 0.38863188 0.33520955 1.8759673 0.6019921 2.176617 1.3242583 2.2284431 1.412882 3.0145624 1.4590371 30.18775 0.53985584 107.394226 1.6500636 3496.8108 7548.672 d392 1.3054273 1.213643 31.485624 3.5 0 2.221818 1.19 1.0756272 0.07030982 0.995519 0.001958761 1.2665272 34 19.425993 3.5
105163 131.15523126024578 -41.43469209586005 99.0 99.0 20.905287 0.13264786 18.867792 0.020683194 17.492125 0.0089173475 16.573156 0.006820893 99.0 99.0 99.0 99.0 99.0 99.0 99.0 99.0 20.555834 0.19467641 17.74947 0.012227298 16.775175 0.010663881 0 1.9162512 1.09 1.013865 0.013675332 0.9829009 0.0006373614 1.142634 39 18.044802 17.647112 0.010469451 17.547085 0.0155448625 17.513123 0.021380547 1.3262167 0.4186005 12.937946 5.051245 81.10939 4.2133775 196.94797 3.8773992 265.47345 3.6312888 -0.06053331 0.33424038 -0.46917236 0.5949781 -1.585131 1.3192014 0.6360207 1.4092191 0.6882053 1.4542528 24.362053 0.5332675 74.276184 1.6056395 9337.818 8151.1567 d392 1.2726605 1.2552564 8.945008 3.5 0 2.0966864 1.19 1.013865 0.013675332 0.98160464 0.0018953644 1.2520437 29 19.607172 3.5
112081 131.1623787852485 -41.36361995543344 99.0 99.0 20.955925 0.13864554 19.061039 0.023997214 17.783155 0.010678451 16.864313 0.008119616 99.0 99.0 20.359291 0.3270599 99.0 99.0 99.0 99.0 20.442356 0.17546853 18.341976 0.018060882 17.076519 0.012795773 0 1.7727095 1.09 1.0266354 0.025944293 0.98320657 -0.0013956664 1.1062586 32 18.323442 17.930044 0.012859802 17.816675 0.019507207 17.796347 0.0274458 0.95347816 0.41807935 22.136435 5.06281 70.80314 4.2043266 151.72664 3.8344927 209.38022 3.5842733 0.17312707 0.33478028 -0.48234022 0.5952119 1.1787497 1.3223476 -1.1306801 1.4083953 0.6004684 1.4546512 8.906832 0.515782 55.47679 1.580555 9306.938 8616.704 d392 1.2472343 1.2148757 -24.315922 3.5 0 2.0317192 1.19 1.0266354 0.025944293 0.9834239 0.0015812347 1.2953752 23 19.79657 3.5
114641 131.34964271810009 -41.3384203035121 99.0 99.0 21.380503 0.20532331 19.361341 0.030021727 18.243338 0.014180177 17.532476 0.01208298 99.0 99.0 99.0 99.0 99.0 99.0 99.0 99.0 99.0 99.0 18.497538 0.02041703 17.574833 0.017191099 0 2.0802872 1.09 1.104258 0.09441447 0.9791747 0.0018589755 1.1642053 26 18.768816 18.388037 0.018193904 18.3488 0.03085054 18.30641 0.04324793 0.41532996 0.41699225 1.8560404 5.0404544 55.100452 4.187102 94.849815 3.7772176 108.06974 3.4946358 0.06171844 0.33443868 -0.17194764 0.5950717 -1.0380397 1.3194088 -0.66759616 1.4080633 -0.7423409 1.4531305 12.874893 0.5202612 36.274796 1.5535904 8388.044 8788.889 d392 1.2536436 1.1352816 15.945656 3.5 0 2.6779032 1.19 1.104258 0.09441447 0.97794217 0.0015633766 1.3076137 23 20.212305 3.5
115072 131.25417316002537 -41.333727587398165 18.928656 0.94457763 20.710773 0.11324219 18.948263 0.02207749 17.98035 0.012171367 17.098572 0.009439523 20.719301 0.28389713 99.0 99.0 99.0 99.0 99.0 99.0 20.580057 0.198894 17.847881 0.013087975 17.235392 0.0141713265 0 1.8581122 1.09 1.0377719 0.03639716 0.98231286 0.0029219836 1.1199356 32 18.521523 18.132656 0.014945527 18.003748 0.02286765 17.908985 0.030326732 1.1516846 0.41841054 9.239222 5.0489635 84.54044 4.2181864 136.77484 3.8194604 176.59038 3.5555015 1.1994939 0.33716604 0.480504 0.5969451 0.9488902 1.3217322 -0.181583 1.4082847 3.7682326 1.4607373 20.92307 0.52953607 51.938 1.5755699 8857.508 8816.171 d392 1.2423555 1.1971372 -12.955961 3.5 0 2.2165542 1.19 1.0377719 0.03639716 0.97799605 0.0031279433 1.2393421 25 19.640783 3.5
118416 131.22656320602096 -41.29777463814274 99.0 99.0 21.274258 0.1862277 19.422033 0.031417776 18.093899 0.012987312 17.121061 0.009541274 99.0 99.0 99.0 99.0 99.0 99.0 99.0 99.0 20.629595 0.20912912 18.434206 0.019262822 17.356506 0.015181306 0 1.7091577 1.09 1.0115677 0.011435449 0.9827284 -0.00041731066 1.147916 30 18.521957 18.230898 0.016097842 18.10018 0.024862211 18.048845 0.034330428 -0.5010039 0.41606346 9.986098 5.046977 44.845367 4.1748385 120.24367 3.80112 162.28918 3.5411987 -0.37807474 0.33416155 0.36373758 0.5961864 -0.94741917 1.3188902 -0.07859891 1.4075099 1.1916761 1.4548981 11.354902 0.5183121 46.522938 1.5672925 8995.165 9050.432 d392 1.2311803 1.2171012 -11.115543 3.5 0 2.1298654 1.19 1.0115677 0.011435449 0.960759 -5.674657e-05 1.3213125 26 20.041775 3.5
118739 131.15137044818147 -41.29223740856224 99.0 99.0 99.0 99.0 19.394932 0.03079009 17.676321 0.010017573 16.660732 0.007245795 99.0 99.0 99.0 99.0 99.0 99.0 99.0 99.0 21.612904 0.4925787 18.525366 0.020694746 16.884167 0.01145706 0 1.6592642 1.09 1.1260755 0.11196011 0.97895896 -0.00058110076 1.0307356 39 18.229248 17.819853 0.01188445 17.713827 0.017884834 17.715593 0.025562456 -0.7044504 0.41645595 2.535368 5.043935 46.97401 4.1809025 163.44174 3.8471203 259.2884 3.6282473 0.18440767 0.3349118 0.89299333 0.59870136 -1.4578166 1.3201344 -2.6094155 1.4088378 -0.17386323 1.4539297 14.988641 0.5229615 74.267975 1.606622 9365.298 9083.491 d392 1.3816574 1.2269669 -72.76773 0.0 0 2.3261797 1.19 1.1260755 0.11196011 0.79943323 0.002734527 1.133404 27 20.202171 3.5
121598 131.3369903410278 -41.26423054182649 21.261292 0.31351697 20.443932 0.09114103 18.537773 0.016775904 16.896278 0.006457425 15.9569845 0.004890048 20.241531 0.18922295 21.157803 0.67820483 99.0 99.0 20.819345 0.4382722 20.08608 0.13237792 17.53848 0.010865981 16.24583 0.0079860985 0 1.6683899 1.09 1.0376061 0.0362432 0.9833589 -0.0021481244 1.1057428 50 17.324053 17.052502 0.0070156106 16.933317 0.0094536645 16.878002 0.012375242 2.9708214 0.42176673 19.665472 5.0602355 227.00337 4.3628163 353.5082 4.0283146 474.02536 3.806618 3.3601325 0.34221375 1.9826738 0.6025219 1.0006171 1.3219509 2.2565072 1.4132733 6.916815 1.4669871 124.773155 0.6364366 123.8699 1.6719369 8453.622 9274.115 d392 1.3138543 1.2662361 8.684649 3.5 0 2.14127 1.19 1.0376061 0.0362432 0.96354115 0.004960835 1.4978086 54 19.290962 3.5
122888 131.0081884768931 -41.24813561640398 21.637003 0.41620862 20.67271 0.10609483 19.068863 0.023866076 17.959934 0.0118295215 17.036673 0.009137265 99.0 99.0 99.0 99.0 20.585503 0.3870683 99.0 99.0 20.318619 0.1568878 18.060019 0.014808494 17.265427 0.01435908 0 1.6864372 1.09 1.0350239 0.03383881 0.98239684 -0.0009614298 1.100577 35 18.498642 18.106146 0.014662635 17.968592 0.022185137 17.942293 0.031244887 0.10667871 0.41658717 16.401178 5.057622 49.39646 4.182779 132.64264 3.81621 169.36021 3.549949 -0.4128141 0.3344243 -0.23470531 0.59530544 0.9771986 1.3221058 -0.7338611 1.4086165 3.4560614 1.4604684 10.184783 0.5173438 51.091675 1.5747402 10072.669 9365.236 d392 1.2479618 1.2057322 -50.509323 3.5 0 2.1201692 1.19 1.0350239 0.03383881 0.9858022 -0.0010560998 1.1639916 18 19.834322 3.5
123836 131.3616394882738 -41.24074866558511 99.0 99.0 21.183748 0.17230643 19.428106 0.031834774 18.053217 0.012716426 16.919798 0.008519601 99.0 99.0 99.0 99.0 99.0 99.0 20.64189 0.37429398 20.97562 0.28368884 18.641018 0.022286657 17.13834 0.013321224 0 2.0895746 1.09 1.0415653 0.03990656 0.88849384 0.0033293886 1.3027053 41 18.732817 18.132555 0.014944377 17.81892 0.01952984 17.577015 0.022618752 1.0393444 0.4182044 15.2096815 5.0551953 96.77057 4.230769 185.6924 3.8675232 230.27782 3.602078 0.115583256 0.3346183 0.06836782 0.59541875 2.3322883 1.3248111 3.324012 1.4154651 5.6859226 1.464478 16.80971 0.5248553 67.91822 1.5974563 8333.366 9428.653 d392 1.2792549 1.2282043 7.0250664 3.5 0 2.1636388 1.19 1.0415653 0.03990656 0.90816575 0.0013106117 1.6369982 27 20.250946 3.5
130501 131.3611257826784 -41.16706625248296 21.62905 0.4315451 20.413776 0.08853877 18.707985 0.018642427 16.966541 0.0065404777 16.017267 0.004904631 21.211119 0.43341094 20.471382 0.36721113 20.701483 0.43161866 20.43639 0.31148878 20.06967 0.13068798 17.808226 0.012986389 16.29032 0.007977509 0 2.0632133 1.09 1.0824935 0.07620698 0.9832959 0.002681364 1.1958457 46 17.477432 17.108389 0.0072654844 17.000628 0.009968211 16.946068 0.013108116 0.89055896 0.41789865 13.577089 5.0530972 75.66364 4.2087116 332.027 4.007595 467.06076 3.800456 1.2140412 0.33717406 1.1222785 0.5992678 -0.099793136 1.3195125 4.2304473 1.417307 6.065474 1.465104 22.597404 0.5313918 123.127945 1.6707602 8339.13 9910.984 d392 1.3378872 1.2359308 8.908898 3.5 0 2.4163244 1.19 1.0824935 0.07620698 0.97762936 0.0013891519 1.2229606 30 19.412155 3.5
