Ha-emitters-disk-iteractive/Halpha-disk_splus_16r175-Mine_PerField.ecsv
# %ECSV 1.0
# ---
# datatype:
# - {name: NUMBER, datatype: int64}
# - {name: ALPHA, datatype: float64}
# - {name: DELTA, datatype: float64}
# - {name: u, datatype: float64}
# - {name: uerr, datatype: float64}
# - {name: g, datatype: float64}
# - {name: gerr, datatype: float64}
# - {name: r, datatype: float64}
# - {name: rerr, datatype: float64}
# - {name: i, datatype: float64}
# - {name: ierr, datatype: float64}
# - {name: z, datatype: float64}
# - {name: zerr, datatype: float64}
# - {name: F378, datatype: float64}
# - {name: F378err, datatype: float64}
# - {name: F395, datatype: float64}
# - {name: F395err, datatype: float64}
# - {name: F410, datatype: float64}
# - {name: F410err, datatype: float64}
# - {name: F430, datatype: float64}
# - {name: F430err, datatype: float64}
# - {name: F515, datatype: float64}
# - {name: F515err, datatype: float64}
# - {name: F660, datatype: float64}
# - {name: F660err, datatype: float64}
# - {name: F861, datatype: float64}
# - {name: F861err, datatype: float64}
# - {name: flags_i, datatype: int64}
# - {name: fwhm_i, datatype: float64}
# - {name: fwhm_psf_i, datatype: float64}
# - {name: ellog_i, datatype: float64}
# - {name: ellip_i, datatype: float64}
# - {name: class_i, datatype: float64}
# - {name: spread_i, datatype: float64}
# - {name: flux_radius_i, datatype: float64}
# - {name: area_i, datatype: int64}
# - {name: mumax_i, datatype: float64}
# - {name: mag_aper2_i, datatype: float64}
# - {name: magerr_apper2_i, datatype: float64}
# - {name: mag_aper4_i, datatype: float64}
# - {name: magerr_apper4_i, datatype: float64}
# - {name: mag_aper6_i, datatype: float64}
# - {name: magerr_apper6_i, datatype: float64}
# - {name: flux_aper6_u, datatype: float64}
# - {name: fluxerr_aper6_u, datatype: float64}
# - {name: flux_aper6_g, datatype: float64}
# - {name: fluxerr_aper6_g, datatype: float64}
# - {name: flux_aper6_r, datatype: float64}
# - {name: fluxerr_aper6_r, datatype: float64}
# - {name: flux_aper6_i, datatype: float64}
# - {name: fluxerr_aper6_i, datatype: float64}
# - {name: flux_aper6_z, datatype: float64}
# - {name: fluxerr_aper6_z, datatype: float64}
# - {name: flux_aper6_F378, datatype: float64}
# - {name: fluxerr_aper6_F378, datatype: float64}
# - {name: flux_aper6_F395, datatype: float64}
# - {name: fluxerr_aper6_F395, datatype: float64}
# - {name: flux_aper6_F410, datatype: float64}
# - {name: fluxerr_aper6_F410, datatype: float64}
# - {name: flux_aper6_F430, datatype: float64}
# - {name: fluxerr_aper6_F430, datatype: float64}
# - {name: flux_aper6_F515, datatype: float64}
# - {name: fluxerr_aper6_F515, datatype: float64}
# - {name: flux_aper6_F660, datatype: float64}
# - {name: fluxerr_aper6_F660, datatype: float64}
# - {name: flux_aper6_F861, datatype: float64}
# - {name: fluxerr_aper6_F861, datatype: float64}
# - {name: x, datatype: float64}
# - {name: y, datatype: float64}
# - {name: field, datatype: string}
# - {name: a_image, datatype: float64}
# - {name: b_image, datatype: float64}
# - {name: theta_image, datatype: float64}
# - {name: kron_radius_i, datatype: float64}
# - {name: flags_r, datatype: int64}
# - {name: fwhm_r, datatype: float64}
# - {name: fwhm_psf_r, datatype: float64}
# - {name: ellog_r, datatype: float64}
# - {name: ellip_r, datatype: float64}
# - {name: class_r, datatype: float64}
# - {name: spread_r, datatype: float64}
# - {name: flux_radius_r, datatype: float64}
# - {name: area_r, datatype: int64}
# - {name: mumax_r, datatype: float64}
# - {name: kron_radius_r, datatype: float64}
# schema: astropy-2.0
NUMBER ALPHA DELTA u uerr g gerr r rerr i ierr z zerr F378 F378err F395 F395err F410 F410err F430 F430err F515 F515err F660 F660err F861 F861err flags_i fwhm_i fwhm_psf_i ellog_i ellip_i class_i spread_i flux_radius_i area_i mumax_i mag_aper2_i magerr_apper2_i mag_aper4_i magerr_apper4_i mag_aper6_i magerr_apper6_i flux_aper6_u fluxerr_aper6_u flux_aper6_g fluxerr_aper6_g flux_aper6_r fluxerr_aper6_r flux_aper6_i fluxerr_aper6_i flux_aper6_z fluxerr_aper6_z flux_aper6_F378 fluxerr_aper6_F378 flux_aper6_F395 fluxerr_aper6_F395 flux_aper6_F410 fluxerr_aper6_F410 flux_aper6_F430 fluxerr_aper6_F430 flux_aper6_F515 fluxerr_aper6_F515 flux_aper6_F660 fluxerr_aper6_F660 flux_aper6_F861 fluxerr_aper6_F861 x y field a_image b_image theta_image kron_radius_i flags_r fwhm_r fwhm_psf_r ellog_r ellip_r class_r spread_r flux_radius_r area_r mumax_r kron_radius_r
[from data line 518]
188786 130.50373118485624 -37.07311089066003 19.85154 0.094826445 17.991827 0.017809376 17.041842 0.0077680186 16.57745 0.0059535154 16.355501 0.0067789834 19.155275 0.07989735 19.032404 0.09963015 18.61386 0.074662894 18.434944 0.060690023 17.676525 0.02713931 16.627872 0.006980395 16.40136 0.009222937 0 1.9462086 1.11 1.082867 0.07652563 0.98729664 0.00017264446 1.2442867 64 17.40701 16.800438 0.0066359984 16.646666 0.009107732 16.600456 0.01222251 2.5332966 0.57856035 152.8775 6.5810266 378.93362 5.7452602 463.25232 5.2137256 325.40796 4.5347915 1.9203857 0.4330904 3.593885 0.6128665 9.056496 1.6541971 11.6073 1.7547826 26.130096 1.8767681 55.574627 0.6847437 109.73586 1.9704677 9301.688 9825.783 d345 1.4832053 1.3697021 -12.024348 3.5 0 2.1041038 1.23 1.082867 0.07652563 0.9834277 -0.0008664835 1.3888808 58 18.064205 3.5
77549 133.8410039002379 -37.89779604041407 21.125267 0.17497388 18.33949 0.014045543 17.19587 0.00665864 16.730024 0.0060014166 16.508402 0.0075984895 20.953629 0.22264121 20.185453 0.17022935 19.596529 0.09539982 19.162493 0.06193195 18.269596 0.027204663 16.889835 0.0067400294 16.567167 0.010229507 0 2.721649 1.51 1.129606 0.114735544 0.9842458 2.2428885e-05 1.5533683 83 17.970896 16.968378 0.0063963486 16.775047 0.008052811 16.70339 0.010294106 1.5678133 0.34023833 124.45453 2.7225392 358.45718 3.3508263 448.99765 4.256012 321.74255 4.657424 0.29584768 0.24706234 0.79013646 0.3467353 4.293473 0.83031183 5.263153 0.8534988 20.334425 0.9539237 48.354378 0.4055879 103.69328 1.8714564 1181.9507 4422.8477 d346 1.7127061 1.5161978 -40.898952 3.5 0 2.473452 1.42 1.129606 0.114735544 0.98315656 0.00017666168 1.4706519 83 18.283285 3.5
101326 132.5888739224903 -37.736247389332185 18.573618 0.023396714 16.967285 0.006296679 16.293503 0.004072602 16.012377 0.003934558 15.879424 0.0050048893 18.10222 0.025212439 17.842625 0.030202417 17.407196 0.020697292 17.292492 0.018074807 16.62596 0.01036433 16.043737 0.0042595505 15.754621 0.006215248 0 2.887718 1.51 1.0642489 0.060370147 0.9832266 0.0033270845 1.7111626 107 17.27135 16.205181 0.004043968 15.988208 0.0045302524 15.92442 0.0054934463 9.273876 0.3571087 475.00735 3.3324125 872.88605 3.9621131 920.0933 4.65422 612.4621 4.8458824 6.8372455 0.2671873 7.4298544 0.37383074 31.654324 0.9225812 40.50584 0.97132874 92.41691 1.1496416 103.96697 0.4808087 225.76537 2.0081651 7654.1636 5494.829 d346 1.7275286 1.6232374 79.46116 3.5 0 2.6571205 1.42 1.0642489 0.060370147 0.98294836 0.0038660665 1.6099402 110 17.452686 3.5
101520 132.67964312563643 -37.73562192200572 19.205967 0.03638272 17.365831 0.0078717945 16.87618 0.0055566384 16.714914 0.005896776 16.560724 0.007814349 18.452332 0.031458735 18.305914 0.0399366 18.024393 0.030078584 17.814785 0.024536284 17.36235 0.015457022 16.767841 0.006261641 16.52754 0.009957706 0 2.680517 1.51 1.0748328 0.069622695 0.9788499 0.0026007588 1.6965884 97 17.898046 16.913668 0.0061769006 16.67724 0.007468987 16.56906 0.009208718 5.238442 0.34847596 313.19992 3.0666695 513.9227 3.5472662 508.13113 4.308689 340.94583 4.6708574 5.070734 0.2619944 5.792396 0.36746073 19.520437 0.88310254 24.992846 0.92157316 49.359993 1.037402 55.101665 0.41549087 116.528114 1.8866038 7184.3125 5500.7837 d346 1.6785669 1.5617006 48.384365 3.5 0 2.5684354 1.42 1.0748328 0.069622695 0.9822692 0.0024106982 1.5605615 98 18.029913 3.5
101651 132.85633361333797 -37.73481732997963 20.352583 0.0891839 17.980488 0.01112117 17.055239 0.006104042 16.66496 0.00570163 16.403223 0.00700989 20.219522 0.11606924 19.920046 0.12973388 18.925713 0.056189597 18.873724 0.049028978 18.006893 0.022650367 16.79456 0.0063389316 16.400026 0.009124794 0 2.8232515 1.51 1.043324 0.041524947 0.982763 0.0036943192 1.6773306 86 17.887566 16.858173 0.0059669404 16.642393 0.007276392 16.581848 0.009307122 2.0952163 0.34150493 177.26038 2.8234615 417.55908 3.4272485 502.18137 4.303741 349.5563 4.676903 0.7274262 0.24850288 1.366564 0.34925976 7.636548 0.8423442 9.313566 0.8680731 26.480803 0.97236454 51.16913 0.40979242 126.6787 1.8984244 6269.688 5508.3647 d346 1.616434 1.5493116 -76.46689 3.5 0 2.7204967 1.42 1.043324 0.041524947 0.98067605 0.004498767 1.5634595 84 18.355585 3.5
24508 107.2856607088626 -39.31747050625015 99.0 99.0 18.343903 0.03470627 16.972326 0.010444046 16.277472 0.0069036176 15.966162 0.007249761 20.427685 0.42131203 19.833858 0.38739884 99.0 99.0 19.239237 0.17514922 18.399927 0.066329636 16.551395 0.009183758 16.041414 0.010115852 0 2.3746324 1.37 1.0311491 0.03020817 0.97774756 0.00042516182 1.5426248 61 17.491526 16.521233 0.007240912 16.258087 0.008065274 16.073732 0.009022243 0.014115242 0.32695776 47.632168 3.559248 210.43555 3.0724556 351.97104 2.924096 300.12534 2.5910864 0.3702523 0.2558606 0.7495332 0.3727645 0.7092471 1.1886595 1.753792 1.0165895 6.1060777 1.0447495 30.640415 0.37484962 93.65718 1.1859218 2705.228 4116.59 d347 1.4462837 1.4025941 88.25114 3.5 0 2.7228167 1.53 1.0311491 0.03020817 0.9778564 0.0016831965 1.6443732 61 18.40859 3.5
58812 106.638000412678 -38.66026113556383 19.511549 0.12772201 17.91951 0.02599558 17.302368 0.013157751 17.101933 0.011409904 16.99558 0.013764139 19.471827 0.18755561 19.153542 0.19328256 18.277878 0.11382104 18.233494 0.08209587 17.664661 0.04068486 16.785587 0.010866868 17.00091 0.0178079 0 2.6178558 1.37 1.039599 0.038090646 0.9411667 0.00035234378 1.5690805 52 18.469576 17.35865 0.0122263925 17.180353 0.01619084 17.177238 0.022335028 1.3231827 0.33028224 61.90187 3.582969 126.41795 2.9532216 127.38104 2.6197598 81.24521 2.3160014 0.9399257 0.2578128 0.6151162 0.37252182 3.7289827 1.2007574 5.240881 1.0277865 12.416798 1.0626065 28.86504 0.37221533 30.479681 1.0646597 5989.4844 8426.666 d347 1.5128316 1.4552069 63.724857 3.5 0 2.8457248 1.53 1.039599 0.038090646 0.9640368 -0.00025754148 1.7083607 58 18.806194 3.5
15472 122.15887985785652 -39.65071200129478 19.927929 0.12061766 17.85257 0.018921597 16.525522 0.010640481 15.777945 0.0038873858 15.348049 0.0039277677 19.392265 0.11428098 19.010416 0.12743701 18.775772 0.11362626 18.416517 0.07208827 17.59685 0.03159451 16.058178 0.0054555708 15.43766 0.0054843966 0 2.2366874 1.39 1.0817064 0.07553476 0.9842302 0.0001927321 1.3797853 75 16.831083 15.989932 0.0041107824 15.840787 0.005162986 15.80921 0.0067137848 1.7359267 0.5865669 144.22229 6.6106467 558.7404 10.143497 929.6421 5.7471614 833.3802 5.200792 1.0833771 0.43812066 1.9241532 0.62468904 4.6643677 1.7032682 9.249751 1.7930621 30.87686 1.9315345 85.57607 0.73744273 272.33752 2.3423204 9815.76 1923.2289 d356 1.5777614 1.4585856 57.55504 3.5 0 2.7514567 1.75 1.0817064 0.07553476 0.98303115 7.965597e-05 1.5833127 60 17.802904 3.5
38346 123.87957385039124 -39.428131533878 20.282408 0.1752333 16.848524 0.008982347 16.380793 0.009858986 14.210278 0.0016847868 13.6741085 0.0015516212 19.749489 0.16887541 19.416033 0.18942635 18.466246 0.08888819 18.231548 0.06323055 16.494566 0.01448266 14.932605 0.0028598937 13.779693 0.0022752585 0 2.016792 1.39 1.1317446 0.11640841 0.9923307 -0.003361308 1.322904 136 15.128482 14.424101 0.0017343187 14.274406 0.0018119457 14.225649 0.0020409406 0.43682897 0.5850024 355.88794 6.778594 895.75726 10.569234 3997.0544 7.5117407 3937.877 6.8185782 1.181564 0.43840027 1.9387149 0.6248686 8.851409 1.7109445 10.952841 1.7963755 77.830025 2.000416 244.7661 0.85742193 1224.706 3.1023936 1129.523 3379.8354 d356 1.7130901 1.513672 -81.78677 3.5 0 2.6158907 1.75 1.1317446 0.11640841 0.9762346 0.0033853608 1.5667684 57 16.624523 3.5
102921 123.26725964757972 -38.776441548931366 21.365067 0.53487694 18.839993 0.045819927 17.371006 0.019839514 15.983463 0.004475892 15.216484 0.0037064853 19.995422 0.23464437 19.316149 0.19227521 19.457855 0.23607203 19.630735 0.23308247 18.650488 0.08471666 16.721924 0.008806113 15.421636 0.0055296216 0 2.8016675 1.39 1.178885 0.15174079 0.94381547 0.001743205 1.7139888 87 17.43633 16.21953 0.0047441153 16.008272 0.0058590467 15.918041 0.0073490134 0.35532123 0.5851249 72.93809 6.557676 260.55307 9.758913 840.97516 5.6909184 995.87335 5.300276 0.887913 0.43804094 2.293915 0.62594754 2.5640862 1.7006677 2.7978907 1.7831533 8.011586 1.8984784 49.302326 0.70768785 285.74347 2.355866 4213.6274 7664.6587 d356 1.8632327 1.5805043 28.225044 3.5 0 3.4298372 1.75 1.178885 0.15174079 0.97799355 -0.0003502822 1.8940246 56 18.966616 3.5
127657 123.23166262919857 -38.47212969328877 20.245125 0.18902905 18.269606 0.028561335 17.16332 0.017088434 16.620325 0.006685247 16.194035 0.0070190043 19.827595 0.19776437 19.234976 0.17844282 19.134138 0.17485438 18.714436 0.104084685 18.028614 0.050070133 16.45621 0.007393854 16.335608 0.009762798 0 2.8429224 1.39 1.151059 0.13123488 0.95362175 0.0013117827 1.7137467 64 17.917727 16.856554 0.007246629 16.615866 0.0094884075 16.526812 0.012313099 3.0597591 0.5885245 105.57405 6.5823145 321.9424 9.838363 480.03738 5.4426775 426.03244 4.9512987 1.2297887 0.43855545 0.75309056 0.62216264 4.570154 1.7037672 8.135515 1.7918564 18.62039 1.9139904 62.405006 0.7185727 126.69595 2.2039273 4390.527 9657.133 d356 1.6971501 1.4744248 15.4492235 3.5 0 3.626624 1.75 1.151059 0.13123488 0.9792725 0.0007937512 1.8686543 49 18.73336 3.5
75096 127.16190376894764 -39.1879531550331 19.61436 0.110271834 17.977987 0.02287691 16.735186 0.007352261 15.2845545 0.0029639455 14.593461 0.002548236 19.250536 0.12657538 18.819557 0.12807481 18.923141 0.13938236 18.771282 0.11348538 17.741932 0.036604244 16.146454 0.00582798 14.780239 0.0039244723 0 1.885651 1.15 1.0340918 0.032967925 0.98348504 0.00017239418 1.2718501 90 15.914954 15.5022335 0.0031466554 15.354919 0.0038680995 15.310446 0.0049238866 2.984783 0.7878573 152.11133 8.678303 485.18228 7.306148 1525.5325 6.916712 1637.3928 5.951991 1.1074142 0.5790584 3.1335068 0.80561084 3.1245193 2.2033348 6.4953556 2.3220417 26.633564 2.452667 84.46616 0.88272864 478.1715 2.6819844 2818.0557 4965.0566 d358 1.455827 1.4078314 -43.57232 3.5 0 2.1967483 1.39 1.0340918 0.032967925 0.9828479 -0.00059679634 1.4288942 66 17.72664 3.5
85113 126.32970483975004 -39.109691179514265 19.13011 0.073618434 17.12935 0.0121603925 16.255936 0.0053562555 15.829338 0.003990189 15.2089405 0.0035628672 18.7476 0.08315281 18.35567 0.087900184 18.01161 0.06523306 17.70028 0.047600176 16.802588 0.018453058 15.887178 0.004993517 15.278487 0.0051490767 0 2.3173578 1.15 1.0252659 0.024643302 0.8504614 0.0102354 1.532303 96 16.75741 15.939118 0.0041180467 15.738689 0.005163743 15.706119 0.006822085 4.061775 0.7888412 338.48456 8.79 832.49066 7.509378 1059.6251 6.656402 960.6116 5.5869718 3.3822196 0.5821092 4.802383 0.80859655 9.852045 2.2121313 20.677464 2.340411 67.3311 2.4993021 109.02293 0.89920175 313.0116 2.5444803 7041.747 5482.5635 d358 1.6231223 1.5831232 -44.852856 3.5 0 3.0032194 1.39 1.0252659 0.024643302 0.80592394 0.0087322425 1.7422956 92 17.577782 3.5
116549 126.06822900348192 -38.86018932738325 19.633846 0.11376218 17.370897 0.014801907 16.037172 0.004766554 14.844855 0.0023573579 14.245763 0.0021219745 19.278248 0.13254456 18.628159 0.110261604 18.61116 0.10947959 18.291931 0.07719642 17.096905 0.023091927 15.523682 0.004041399 14.386427 0.0031930355 0 2.1609793 1.15 1.0242666 0.023691654 0.98395723 0.0010763633 1.3262131 101 15.76231 15.073044 0.0024549782 14.907665 0.0028159358 14.851495 0.0034248885 2.3995786 0.78716576 254.89279 8.739119 919.1881 7.558874 2328.1008 7.3420677 2298.3672 6.2871265 1.5471698 0.57956773 1.6557939 0.8027772 7.0409164 2.208216 14.173132 2.3317413 51.34729 2.4808323 151.77435 0.92722464 700.9425 2.8565176 8379.94 7109.344 d358 1.5091324 1.4733785 -81.55343 3.5 0 2.593062 1.39 1.0242666 0.023691654 0.9813891 -0.00018289269 1.5441222 89 17.259216 3.5
156870 127.05799453837612 -38.53102060658976 99.0 99.0 19.45507 0.08246042 17.03348 0.00924402 15.533735 0.0034247173 14.558311 0.0024953873 99.0 99.0 20.448833 0.5457461 99.0 99.0 99.0 99.0 19.299881 0.1395898 16.441303 0.007159969 14.818089 0.004011472 0 2.0876238 1.15 1.0404514 0.03887874 0.9854952 9.3788774e-05 1.351361 87 16.352867 15.749369 0.0036589638 15.59306 0.004623066 15.539808 0.0059424923 -0.5824114 0.78526145 29.622395 8.607025 356.8112 7.2320585 1235.0266 6.7579517 1735.1854 6.004504 0.6906364 0.5787159 0.7877105 0.80162066 -1.165117 2.200021 -1.5641412 2.3144054 3.9512932 2.42713 65.81768 0.87027013 466.84814 2.673545 3325.115 9267.903 d358 1.5099388 1.4512343 22.524963 3.5 0 2.7350938 1.39 1.0404514 0.03887874 0.9796626 -0.00046657893 1.540858 61 18.280735 3.5
161058 127.35934456619786 -38.49296910875928 20.903181 0.33248368 18.672121 0.03949266 17.174608 0.009970831 16.198843 0.0050096 15.5386505 0.0043043043 20.378387 0.3301904 99.0 99.0 99.0 99.0 19.323217 0.17680705 18.334953 0.058733437 16.70033 0.008354361 15.697466 0.006518685 0 2.0509188 1.15 1.0262852 0.025611997 0.97090685 0.0007985245 1.3656493 70 17.032677 16.39983 0.005584348 16.201443 0.0074477326 16.117064 0.009676442 0.8988087 0.78613675 82.01347 8.639018 352.13574 7.2292485 725.7289 6.4663653 734.7821 5.4620442 0.67477304 0.5786942 0.08372415 0.80032504 3.0355208 2.204078 8.904513 2.3261073 17.293913 2.442739 56.203247 0.86361784 225.12825 2.4692554 1779.9717 9507.343 d358 1.4637629 1.426273 81.755516 3.5 0 2.4989307 1.39 1.0262852 0.025611997 0.9742844 0.0014843801 1.547384 63 18.31266 3.5
49642 132.47569046049443 -39.35688861216071 20.005192 0.14686252 17.83134 0.016276924 16.658913 0.0063253706 16.09115 0.0042790486 15.715144 0.004404089 19.481676 0.13854145 19.120543 0.13767393 18.856012 0.10613412 18.444324 0.071051 17.54104 0.027403543 16.211115 0.005477713 15.8039055 0.006308785 0 1.7970451 1.23 1.0392554 0.037772596 0.98429704 -0.0019978178 1.2604456 72 16.750658 16.304186 0.004575661 16.15997 0.0058811344 16.120766 0.007687271 2.282639 0.6867637 176.06673 7.6894116 527.8992 6.389638 781.4375 5.53142 638.7665 4.611901 2.2406008 0.5086755 1.2084681 0.70961154 8.71318 1.9559577 11.108864 2.0684557 33.259277 2.1753373 91.82564 0.7800222 201.3357 2.0728884 3398.1755 3862.2754 d361 1.4822667 1.4262776 -21.797937 3.5 0 2.627242 1.57 1.0392554 0.037772596 0.98700476 -0.0004008411 1.4966944 69 17.814732 3.5
157744 131.24500283066487 -38.444485456440646 18.911406 0.05407906 17.154232 0.010097647 16.38648 0.0052991463 16.075014 0.004208085 15.534617 0.0039998125 18.333393 0.050810218 18.135029 0.05913917 17.733744 0.041366786 17.532238 0.034154866 16.873577 0.016984101 16.175648 0.0053207534 15.568385 0.0055577634 0 3.0462036 1.23 1.1413599 0.12385225 0.9424631 0.012774758 1.6151252 89 17.18936 16.186592 0.0042597586 15.980274 0.0051396457 15.904791 0.0064350185 5.719507 0.69085103 380.5605 7.831029 791.46454 6.5688124 953.4188 5.649418 791.4713 4.715042 3.8576574 0.51137674 7.294295 0.7224588 17.50826 1.9699298 30.414936 2.0975354 69.73808 2.223514 95.330605 0.7829715 267.69565 2.142132 9680.502 9820.913 d361 1.7260559 1.51228 -9.610133 3.5 0 3.7434192 1.57 1.1413599 0.12385225 0.9801923 0.009656033 1.7922353 88 17.813816 3.5
