Ha-emitters-disk-iteractive/Halpha-disk_splus_13r16-Mine_PerField.ecsv
# %ECSV 1.0
# ---
# datatype:
# - {name: NUMBER, datatype: int64}
# - {name: ALPHA, datatype: float64}
# - {name: DELTA, datatype: float64}
# - {name: u, datatype: float64}
# - {name: uerr, datatype: float64}
# - {name: g, datatype: float64}
# - {name: gerr, datatype: float64}
# - {name: r, datatype: float64}
# - {name: rerr, datatype: float64}
# - {name: i, datatype: float64}
# - {name: ierr, datatype: float64}
# - {name: z, datatype: float64}
# - {name: zerr, datatype: float64}
# - {name: F378, datatype: float64}
# - {name: F378err, datatype: float64}
# - {name: F395, datatype: float64}
# - {name: F395err, datatype: float64}
# - {name: F410, datatype: float64}
# - {name: F410err, datatype: float64}
# - {name: F430, datatype: float64}
# - {name: F430err, datatype: float64}
# - {name: F515, datatype: float64}
# - {name: F515err, datatype: float64}
# - {name: F660, datatype: float64}
# - {name: F660err, datatype: float64}
# - {name: F861, datatype: float64}
# - {name: F861err, datatype: float64}
# - {name: flags_i, datatype: int64}
# - {name: fwhm_i, datatype: float64}
# - {name: fwhm_psf_i, datatype: float64}
# - {name: ellog_i, datatype: float64}
# - {name: ellip_i, datatype: float64}
# - {name: class_i, datatype: float64}
# - {name: spread_i, datatype: float64}
# - {name: flux_radius_i, datatype: float64}
# - {name: area_i, datatype: int64}
# - {name: mumax_i, datatype: float64}
# - {name: mag_aper2_i, datatype: float64}
# - {name: magerr_apper2_i, datatype: float64}
# - {name: mag_aper4_i, datatype: float64}
# - {name: magerr_apper4_i, datatype: float64}
# - {name: mag_aper6_i, datatype: float64}
# - {name: magerr_apper6_i, datatype: float64}
# - {name: flux_aper6_u, datatype: float64}
# - {name: fluxerr_aper6_u, datatype: float64}
# - {name: flux_aper6_g, datatype: float64}
# - {name: fluxerr_aper6_g, datatype: float64}
# - {name: flux_aper6_r, datatype: float64}
# - {name: fluxerr_aper6_r, datatype: float64}
# - {name: flux_aper6_i, datatype: float64}
# - {name: fluxerr_aper6_i, datatype: float64}
# - {name: flux_aper6_z, datatype: float64}
# - {name: fluxerr_aper6_z, datatype: float64}
# - {name: flux_aper6_F378, datatype: float64}
# - {name: fluxerr_aper6_F378, datatype: float64}
# - {name: flux_aper6_F395, datatype: float64}
# - {name: fluxerr_aper6_F395, datatype: float64}
# - {name: flux_aper6_F410, datatype: float64}
# - {name: fluxerr_aper6_F410, datatype: float64}
# - {name: flux_aper6_F430, datatype: float64}
# - {name: fluxerr_aper6_F430, datatype: float64}
# - {name: flux_aper6_F515, datatype: float64}
# - {name: fluxerr_aper6_F515, datatype: float64}
# - {name: flux_aper6_F660, datatype: float64}
# - {name: fluxerr_aper6_F660, datatype: float64}
# - {name: flux_aper6_F861, datatype: float64}
# - {name: fluxerr_aper6_F861, datatype: float64}
# - {name: x, datatype: float64}
# - {name: y, datatype: float64}
# - {name: field, datatype: string}
# - {name: a_image, datatype: float64}
# - {name: b_image, datatype: float64}
# - {name: theta_image, datatype: float64}
# - {name: kron_radius_i, datatype: float64}
# - {name: flags_r, datatype: int64}
# - {name: fwhm_r, datatype: float64}
# - {name: fwhm_psf_r, datatype: float64}
# - {name: ellog_r, datatype: float64}
# - {name: ellip_r, datatype: float64}
# - {name: class_r, datatype: float64}
# - {name: spread_r, datatype: float64}
# - {name: flux_radius_r, datatype: float64}
# - {name: area_r, datatype: int64}
# - {name: mumax_r, datatype: float64}
# - {name: kron_radius_r, datatype: float64}
# schema: astropy-2.0
NUMBER ALPHA DELTA u uerr g gerr r rerr i ierr z zerr F378 F378err F395 F395err F410 F410err F430 F430err F515 F515err F660 F660err F861 F861err flags_i fwhm_i fwhm_psf_i ellog_i ellip_i class_i spread_i flux_radius_i area_i mumax_i mag_aper2_i magerr_apper2_i mag_aper4_i magerr_apper4_i mag_aper6_i magerr_apper6_i flux_aper6_u fluxerr_aper6_u flux_aper6_g fluxerr_aper6_g flux_aper6_r fluxerr_aper6_r flux_aper6_i fluxerr_aper6_i flux_aper6_z fluxerr_aper6_z flux_aper6_F378 fluxerr_aper6_F378 flux_aper6_F395 fluxerr_aper6_F395 flux_aper6_F410 fluxerr_aper6_F410 flux_aper6_F430 fluxerr_aper6_F430 flux_aper6_F515 fluxerr_aper6_F515 flux_aper6_F660 fluxerr_aper6_F660 flux_aper6_F861 fluxerr_aper6_F861 x y field a_image b_image theta_image kron_radius_i flags_r fwhm_r fwhm_psf_r ellog_r ellip_r class_r spread_r flux_radius_r area_r mumax_r kron_radius_r
[from data line 170]
61782 102.54626561256066 -26.5096067800219 14.128088 0.0021618959 13.044431 0.0009541124 13.068981 0.00086925813 13.0955 0.0009133606 12.74772 0.0010638117 13.672442 0.0025093849 13.506137 0.0031953144 13.237887 0.0024584555 13.165507 0.0022752078 12.910641 0.0017019539 12.87946 0.0009295682 12.645091 0.0012816191 0 2.756419 1.09 1.0328745 0.031828105 0.99528086 0.020527856 1.5024278 443 14.247112 13.122063 0.0008629599 12.958256 0.00082370377 12.894433 0.00083462935 482.11237 1.0218359 16549.766 14.7194605 18565.215 13.726409 15129.572 11.62761 9430.775 8.69706 359.00043 0.8651823 412.70587 1.2586949 1411.5848 3.3374007 1691.8394 3.6639223 2782.9626 4.3871775 1987.8075 1.655765 3615.36 4.36671 6000.204 6679.0796 d202 1.8831258 1.8231895 51.62642 3.5 0 2.9458246 1.14 1.0328745 0.031828105 0.99817216 0.019052355 1.5762591 442 14.381994 3.5
62062 102.1346122422807 -26.50357760192292 16.206684 0.0066158855 13.790743 0.0013790985 13.080773 0.0008737907 12.955417 0.0008572118 12.664432 0.00089888304 15.815497 0.0077887946 15.523032 0.00913965 14.803395 0.0055336584 14.486937 0.004438241 13.516286 0.0022854747 12.832442 0.0009099168 12.354081 0.001116543 0 3.0216236 1.09 1.0800537 0.074120104 0.9980476 0.021206971 1.5789907 385 14.252276 12.95639 0.0007982154 12.7872715 0.00075692346 12.729537 0.0007651762 69.515045 0.64051837 8108.1475 11.302899 16947.629 13.205185 17611.043 12.408425 12557.002 9.749503 49.069458 0.50886494 63.731384 0.74512213 329.01773 2.1753268 492.51187 2.473003 1565.2189 3.5089624 2023.778 1.668801 4805.724 4.9232473 8411.582 6713.0757 d202 1.8658754 1.7275765 67.527794 3.5 0 2.7696593 1.14 1.0800537 0.074120104 0.99856883 0.0125334505 1.5333984 385 14.370013 3.5
62448 102.9774099423146 -26.502187396010036 15.291476 0.003968351 13.7021055 0.001320814 13.264925 0.00095711567 13.150221 0.00094258826 12.970685 0.0010437293 14.926653 0.004786619 14.728927 0.0059645395 14.243885 0.004114892 14.11509 0.0036706522 13.523471 0.0022958426 13.097827 0.0010334882 12.795019 0.0013825587 0 2.7499287 1.09 1.0470061 0.04489577 0.953751 0.018890062 1.3879205 369 14.219305 13.223255 0.0009052857 13.0736065 0.00087265926 13.020773 0.0008931049 164.24959 0.74568206 8854.447 11.646653 13878.89 12.154468 13467.619 11.075503 8477.282 8.351193 112.76132 0.59974563 131.86192 0.8697103 553.26135 2.461939 697.5632 2.714332 1571.718 3.5145376 1568.6323 1.49653 3124.065 4.115749 3474.717 6725.081 d202 1.7867785 1.7065597 60.445663 3.5 0 2.3467135 1.14 1.0470061 0.04489577 0.998776 0.009623424 1.4289976 369 14.297433 3.5
63569 102.43364184825764 -26.481454162636496 17.002357 0.010890026 13.892895 0.001450063 13.035322 0.0008532146 12.957171 0.00085528346 12.607686 0.00087233103 16.589752 0.012433333 16.31536 0.01450144 15.388999 0.0076669054 14.915142 0.0055667614 13.646569 0.0024348618 12.703176 0.0008536232 12.062667 0.0009736822 0 4.0659037 1.09 1.1484665 0.12927371 0.97971493 0.03309027 1.807368 497 14.211911 12.679316 0.000700922 12.491047 0.0006550212 12.410349 0.0006490596 35.338837 0.5979958 7609.5483 11.067193 19569.557 14.040828 23629.81 14.122611 18467.934 11.477433 25.748169 0.4711781 32.21968 0.6797697 202.82118 1.9959333 346.305 2.2854028 1425.4122 3.3933516 2493.1611 1.8295661 6896.7866 5.7719436 6660.163 6862.626 d202 2.1404607 1.8637555 57.715233 3.5 0 3.1697965 1.14 1.1484665 0.12927371 0.9981191 0.018635226 1.6544389 494 14.380071 3.5
63927 102.69912731454504 -26.483318734181 14.876785 0.00317243 13.5039625 0.0011944226 13.258273 0.00095620594 13.2004595 0.00096207834 13.064972 0.0010907922 14.367709 0.003567563 14.129348 0.004365997 13.800798 0.0032650777 13.710936 0.0029843189 13.370132 0.0021272379 13.126102 0.0010490001 12.97184 0.0014978738 0 2.294971 1.09 1.0342761 0.033140182 0.99984646 0.011155996 1.3738558 287 14.221647 13.3379345 0.00095570576 13.179727 0.00092030433 13.110109 0.00093724846 248.06445 0.827267 10910.564 12.5395155 14258.737 12.287749 12403.842 10.704864 7688.831 8.051208 192.04169 0.69618803 236.37613 1.0315495 854.2508 2.7997122 1036.2263 3.070348 1850.6995 3.7330682 1542.9061 1.4860023 2720.2424 3.896261 5104.7573 6851.2104 d202 1.7066916 1.6501316 22.682245 3.5 0 2.4556296 1.14 1.0342761 0.033140182 0.9998061 0.010831253 1.4345989 287 14.34322 3.5
67713 103.03661347198656 -26.42674011944317 15.145226 0.0036680077 13.565862 0.0012349418 13.154637 0.0009099043 13.073009 0.0009078311 12.764882 0.0010651092 14.7954235 0.0044659553 14.678526 0.0058107143 14.112014 0.0038456141 14.022417 0.0035055294 13.385961 0.0021469933 12.980528 0.0009803694 12.662622 0.001300214 0 2.737198 1.09 1.0728564 0.06790888 0.99917376 0.016898189 1.4294374 367 14.193238 13.133873 0.00086785736 12.979807 0.00083268556 12.925539 0.0008486405 186.04759 0.7677845 9988.121 12.148304 15529.511 12.730605 14702.273 11.4889 9650.531 8.7761965 125.62481 0.61643445 138.54422 0.8809361 620.14935 2.54099 755.4854 2.7785203 1767.8126 3.6699393 1743.1611 1.5648416 3528.1692 4.323577 3126.3438 7217.919 d202 1.8126976 1.6895994 56.40083 3.5 0 2.5025966 1.14 1.0728564 0.06790888 0.9982293 0.011585916 1.4573015 366 14.331416 3.5
70341 102.59773375126352 -26.391087801560968 16.740871 0.009231051 13.787297 0.0013766348 13.052564 0.0008631106 12.989574 0.0008668974 12.665414 0.0008969537 16.35277 0.010760306 16.01364 0.01214076 15.105486 0.0065515987 14.694404 0.004956302 13.537315 0.0023090818 12.763174 0.00088035496 12.20994 0.0010418457 0 3.7485085 1.09 1.0474538 0.04530394 0.9960417 0.030994846 1.6885586 449 14.209509 12.785333 0.0007365801 12.611482 0.0006945168 12.544559 0.000695149 43.841198 0.60866624 8227.339 11.35626 18789.877 13.796865 20882.22 13.366717 15273.348 10.57796 31.098768 0.4799469 42.42707 0.70140123 252.07329 2.0672524 412.1882 2.3712237 1553.9879 3.4993007 2273.382 1.7560375 5740.445 5.319101 5698.946 7454.9937 d202 1.9249486 1.8377408 48.144527 3.5 0 2.9665637 1.14 1.0474538 0.04530394 0.9893631 0.01799394 1.5691482 449 14.373292 3.5
71063 102.45638781024468 -26.38333904583676 14.116149 0.0021505426 12.993186 0.0009315997 13.03035 0.00085434876 13.032678 0.0008869574 12.740475 0.0010508592 13.639614 0.0024707417 13.504274 0.0031948453 13.203494 0.0024191402 13.13118 0.0022386506 12.850023 0.0016536772 12.813089 0.0009035261 12.574719 0.0012369929 0 2.928527 1.09 1.0296361 0.028783083 0.9971482 0.020333512 1.5353718 414 14.257028 13.051469 0.00083470304 12.886706 0.0007950449 12.824893 0.0008044659 480.8857 1.0209599 17109.072 14.91872 19159.314 13.913472 16130.307 11.948694 9852.143 8.846439 365.62933 0.87124705 407.08325 1.2521356 1437.0941 3.3600767 1722.9514 3.6898444 2902.2424 4.4640617 2104.5374 1.6975213 3861.151 4.487354 6527.7817 7505.0425 d202 1.8644853 1.8108196 21.67655 3.5 0 2.9052217 1.14 1.0296361 0.028783083 0.986343 0.017061442 1.599438 414 14.400291 3.5
71434 102.02502901963224 -26.37301926120277 16.385616 0.007339393 13.812483 0.001395388 13.047674 0.0008631159 12.926235 0.00084552093 12.629659 0.00088523305 16.067057 0.009005446 15.66642 0.009910316 14.914673 0.005887037 14.564571 0.004624063 13.553034 0.0023288904 12.812718 0.00090497563 12.333071 0.0011085193 0 3.0449653 1.09 1.0832673 0.076866806 0.99862367 0.016678946 1.592149 411 14.233702 12.968736 0.0008028386 12.792732 0.00075896934 12.731952 0.000766135 58.703644 0.6273765 7975.6 11.240662 17267.822 13.309946 17571.916 12.396372 12799.344 9.826202 38.832626 0.49268663 56.324825 0.73027587 298.82242 2.133747 460.6986 2.4333794 1522.9369 3.4743967 2063.091 1.6828426 4862.15 4.948011 9057.583 7564.9263 d202 1.9088823 1.7621526 48.44873 3.5 0 2.7360723 1.14 1.0832673 0.076866806 0.99916404 0.01007079 1.5553025 410 14.340804 3.5
75623 102.24004261269812 -26.31506133337588 15.896085 0.005547965 13.618604 0.001265552 13.009222 0.0008466037 12.9282055 0.0008439341 12.630527 0.0008837615 15.529243 0.006633874 15.253446 0.007889053 14.535777 0.0047953343 14.281913 0.0039918306 13.353339 0.0021103034 12.772322 0.00088572677 12.297041 0.0010870736 0 3.0145726 1.09 1.0475281 0.04537165 0.99720776 0.022325797 1.6005805 422 14.247297 12.891261 0.0007741342 12.714822 0.00073051965 12.653626 0.0007354412 92.867744 0.6676604 9506.6875 11.93466 18613.383 13.741025 18886.406 12.789909 13507.828 10.046526 64.478714 0.53203666 81.47292 0.77915066 422.0991 2.2977195 592.92706 2.5930507 1821.3889 3.7104945 2203.3596 1.7319597 5129.6074 5.0636244 7797.775 7949.185 d202 1.9039521 1.8175666 42.139473 3.5 0 2.9158576 1.14 1.0475281 0.04537165 0.99797934 0.014447917 1.5772501 422 14.349217 3.5
78725 102.4071538068252 -26.27559135063567 14.371529 0.002448367 13.176523 0.0010186947 13.056736 0.00086778554 13.051387 0.0008960742 12.847166 0.0010951422 13.879008 0.002784939 13.785597 0.0036762042 13.439856 0.0027230433 13.365826 0.0025149554 13.033177 0.0018064835 12.892578 0.00093942764 12.696472 0.0013117373 0 2.8151762 1.09 1.0163038 0.016042173 0.99920183 0.014817289 1.4897417 365 14.251813 13.124301 0.00086393143 12.964741 0.0008265144 12.908084 0.0008407838 379.3373 0.94156194 14330.351 13.904217 17584.184 13.413442 14940.547 11.567007 9224.347 8.624179 290.87357 0.80068415 312.47617 1.1353761 1149.4473 3.0967176 1379.1614 3.3943799 2443.9033 4.1616917 1904.7867 1.6255608 3465.8533 4.2921753 6817.7217 8209.884 d202 1.8027046 1.7737852 25.84644 3.5 0 2.8238847 1.14 1.0163038 0.016042173 0.99895525 0.012822176 1.5501541 365 14.379581 3.5
79626 102.39595724782384 -26.255301411296628 14.614541 0.0027672858 13.250247 0.0010551023 13.032199 0.0008551374 12.996871 0.0008739766 12.8175335 0.000972211 14.145198 0.003180413 14.083365 0.004264371 13.611548 0.0029654524 13.524104 0.002717489 13.0809355 0.0018470996 12.864383 0.0009255838 12.61298 0.0012630553 0 2.8710477 1.09 1.1328965 0.11730683 0.9987947 0.016412064 1.5899383 406 14.243837 13.057974 0.00083731906 12.876263 0.00079090684 12.801596 0.0007946815 306.68466 0.8802495 13606.269 13.626896 18565.734 13.727506 16480.168 12.059379 10473.613 9.062421 229.65253 0.7377896 239.38551 1.0360659 988.9456 2.9392478 1204.0409 3.233245 2369.9553 4.110707 2038.077 1.6739618 3861.6985 4.487855 6883.684 8342.582 d202 2.0218365 1.7846613 75.27041 3.5 0 2.8235269 1.14 1.1328965 0.11730683 0.9991914 0.013231277 1.6354644 406 14.374329 3.5
83400 102.47003275812766 -26.207083084692965 16.991411 0.010801891 13.91691 0.0014687785 13.069741 0.0008737763 12.944955 0.00084982754 12.647275 0.00089108275 16.654844 0.012982053 16.215313 0.013689848 15.271971 0.0072068716 14.812488 0.0052811145 13.716201 0.002523781 12.809404 0.0009034307 12.257327 0.0010663725 0 3.3255389 1.09 1.0397303 0.03821212 0.9966309 0.023909977 1.6220844 414 14.235668 12.892378 0.0007745618 12.7155285 0.0007307477 12.65436 0.0007357952 34.209396 0.59674263 7248.7905 10.89566 17233.465 13.299208 18873.65 12.787423 13714.8 10.111587 22.76619 0.46630427 32.66034 0.680937 211.46744 2.0092578 366.8413 2.3131566 1305.8785 3.2918997 2107.442 1.6986129 5287.524 5.1313944 6449.2314 8658.881 d202 1.8891468 1.8169585 54.00046 3.5 0 2.782205 1.14 1.0397303 0.03821212 0.9736066 0.013053538 1.5651695 412 14.323005 3.5
84121 102.34970174731494 -26.198071281361084 14.990377 0.0033745824 13.476648 0.0011803875 13.092608 0.00087902386 13.026279 0.0008875038 12.771522 0.0010631214 14.749956 0.0043518525 14.55943 0.005450149 13.994238 0.0036112675 13.900594 0.0032865498 13.310296 0.0020666814 12.931113 0.00095262687 12.657267 0.0012925663 0 2.8400698 1.09 1.0454386 0.043463707 0.99894965 0.016590057 1.4819254 382 14.239159 13.110789 0.00085844245 12.949116 0.00082002877 12.892866 0.0008340053 214.36526 0.7956201 10873.262 12.526227 16588.54 13.087006 15151.421 11.635695 9652.202 8.776787 131.52136 0.6239458 153.60234 0.9057946 690.9996 2.6222146 846.89966 2.877046 1897.4562 3.76921 1851.2595 1.6057061 3580.7114 4.349878 7156.0513 8716.664 d202 1.842021 1.7619599 50.704727 3.5 0 2.672399 1.14 1.0454386 0.043463707 0.9925614 0.010777583 1.5236698 382 14.336038 3.5
84590 102.3565248115036 -26.19322307090502 14.400142 0.0024831449 13.291286 0.0010777465 13.0927 0.0008809041 13.061478 0.00090164115 12.932719 0.0010252729 13.999115 0.0029579788 13.889492 0.0038694867 13.56022 0.0028936751 13.493801 0.0026800775 13.14517 0.0019067846 12.947325 0.0009621873 12.775227 0.0013631304 0 2.7677386 1.09 1.0358795 0.034636736 0.9987117 0.01571722 1.461403 387 14.2343855 13.16594 0.0008810798 13.006929 0.000843963 12.952577 0.00086094154 368.33496 0.93243754 12917.13 13.357101 16538.414 13.069704 14340.664 11.36876 8777.855 8.461354 260.47876 0.7700359 285.55792 1.0997499 1027.5417 2.9776373 1227.7566 3.2552977 2205.8987 3.9952214 1796.652 1.5851232 3229.5378 4.1706905 7116.0454 8748.486 d202 1.8385497 1.7748684 47.68791 3.5 0 2.733241 1.14 1.0358795 0.034636736 0.9993447 0.0113124 1.5234905 386 14.294254 3.5
91149 102.50819543904451 -26.10143480145115 15.083852 0.0035500724 13.597573 0.0012527454 13.1436205 0.0009046524 13.025145 0.00088741706 12.817924 0.00097361975 14.785649 0.004435836 14.629711 0.005653992 14.102947 0.0038185692 14.004662 0.0034665854 13.435406 0.002196594 12.958265 0.0009696514 12.621305 0.0012688593 0 2.7767901 1.09 1.047879 0.04569131 0.9994069 0.014851021 1.5015515 358 14.212439 13.116604 0.00086077047 12.952052 0.0008211685 12.895785 0.0008352397 196.4626 0.77795404 9763.396 12.048811 15625.564 12.762339 15110.739 11.621629 10151.223 8.95059 127.47268 0.6186599 145.74005 0.89270765 629.1837 2.5509765 773.27155 2.7974372 1700.3983 3.6167996 1776.7316 1.5775383 3722.3713 4.4196477 6225.777 9350.704 d202 1.8401891 1.7561084 53.126007 3.5 0 2.631079 1.14 1.047879 0.04569131 0.9994417 0.0094912695 1.5162177 358 14.366859 3.5
96450 102.59216746251889 -26.030209606432877 16.239326 0.0067818007 13.971975 0.0015089023 13.269338 0.00096141355 13.123827 0.0009295721 12.782785 0.001084669 15.9234705 0.008304874 15.512846 0.009117802 14.877841 0.005778534 14.596323 0.0047109146 13.732282 0.0025414736 13.096288 0.001034943 12.737154 0.0013397547 0 2.750081 1.09 1.0919334 0.08419317 0.99917406 0.015372566 1.4842863 345 14.196583 13.240826 0.0009128229 13.07967 0.0008752733 13.022239 0.00089381065 69.22847 0.64032346 6932.4077 10.742233 13607.398 12.05704 13449.451 11.069303 9164.982 8.602948 45.73352 0.5037723 64.799736 0.7473882 309.29373 2.1487315 449.81485 2.420215 1294.2561 3.281991 1554.4071 1.4908228 3337.263 4.226702 5732.313 9817.27 d202 1.8716794 1.7140968 61.99987 3.5 0 2.600862 1.14 1.0919334 0.08419317 0.9992012 0.009076579 1.4886351 345 14.344601 3.5
63143 109.84275356468612 -26.974994582794405 18.602575 0.042968277 16.780394 0.0105720265 15.882655 0.005414647 15.460973 0.004397884 15.228121 0.0047866986 18.385899 0.057390768 18.290134 0.08345884 17.695576 0.049864642 17.426632 0.03980535 16.674957 0.019223412 15.536096 0.005263698 15.117765 0.006287215 0 1.987015 1.05 1.033439 0.032357037 0.9736841 0.003860218 1.274205 111 16.187975 15.658424 0.0044804234 15.510961 0.0047374484 15.45699 0.0053681666 3.1186066 0.21217035 188.90662 2.8013065 482.2394 2.9835129 602.5647 2.9785151 444.24033 2.5467794 1.6660377 0.18248688 1.8131104 0.2889906 5.6605744 0.71553135 9.669706 0.7768135 31.075968 0.88572943 68.41135 0.396718 171.08884 1.2031071 9488.131 3622.2615 d207 1.5436981 1.4937485 -23.935333 3.5 0 2.1517293 1.22 1.033439 0.032357037 0.97337383 0.0032373297 1.4198195 112 16.810354 3.5
