Ha-emitters-disk-iteractive/Halpha-disk_splus_175r185-Mine_PerField.ecsv
# %ECSV 1.0
# ---
# datatype:
# - {name: NUMBER, datatype: int64}
# - {name: ALPHA, datatype: float64}
# - {name: DELTA, datatype: float64}
# - {name: u, datatype: float64}
# - {name: uerr, datatype: float64}
# - {name: g, datatype: float64}
# - {name: gerr, datatype: float64}
# - {name: r, datatype: float64}
# - {name: rerr, datatype: float64}
# - {name: i, datatype: float64}
# - {name: ierr, datatype: float64}
# - {name: z, datatype: float64}
# - {name: zerr, datatype: float64}
# - {name: F378, datatype: float64}
# - {name: F378err, datatype: float64}
# - {name: F395, datatype: float64}
# - {name: F395err, datatype: float64}
# - {name: F410, datatype: float64}
# - {name: F410err, datatype: float64}
# - {name: F430, datatype: float64}
# - {name: F430err, datatype: float64}
# - {name: F515, datatype: float64}
# - {name: F515err, datatype: float64}
# - {name: F660, datatype: float64}
# - {name: F660err, datatype: float64}
# - {name: F861, datatype: float64}
# - {name: F861err, datatype: float64}
# - {name: flags_i, datatype: int64}
# - {name: fwhm_i, datatype: float64}
# - {name: fwhm_psf_i, datatype: float64}
# - {name: ellog_i, datatype: float64}
# - {name: ellip_i, datatype: float64}
# - {name: class_i, datatype: float64}
# - {name: spread_i, datatype: float64}
# - {name: flux_radius_i, datatype: float64}
# - {name: area_i, datatype: int64}
# - {name: mumax_i, datatype: float64}
# - {name: mag_aper2_i, datatype: float64}
# - {name: magerr_apper2_i, datatype: float64}
# - {name: mag_aper4_i, datatype: float64}
# - {name: magerr_apper4_i, datatype: float64}
# - {name: mag_aper6_i, datatype: float64}
# - {name: magerr_apper6_i, datatype: float64}
# - {name: flux_aper6_u, datatype: float64}
# - {name: fluxerr_aper6_u, datatype: float64}
# - {name: flux_aper6_g, datatype: float64}
# - {name: fluxerr_aper6_g, datatype: float64}
# - {name: flux_aper6_r, datatype: float64}
# - {name: fluxerr_aper6_r, datatype: float64}
# - {name: flux_aper6_i, datatype: float64}
# - {name: fluxerr_aper6_i, datatype: float64}
# - {name: flux_aper6_z, datatype: float64}
# - {name: fluxerr_aper6_z, datatype: float64}
# - {name: flux_aper6_F378, datatype: float64}
# - {name: fluxerr_aper6_F378, datatype: float64}
# - {name: flux_aper6_F395, datatype: float64}
# - {name: fluxerr_aper6_F395, datatype: float64}
# - {name: flux_aper6_F410, datatype: float64}
# - {name: fluxerr_aper6_F410, datatype: float64}
# - {name: flux_aper6_F430, datatype: float64}
# - {name: fluxerr_aper6_F430, datatype: float64}
# - {name: flux_aper6_F515, datatype: float64}
# - {name: fluxerr_aper6_F515, datatype: float64}
# - {name: flux_aper6_F660, datatype: float64}
# - {name: fluxerr_aper6_F660, datatype: float64}
# - {name: flux_aper6_F861, datatype: float64}
# - {name: fluxerr_aper6_F861, datatype: float64}
# - {name: x, datatype: float64}
# - {name: y, datatype: float64}
# - {name: field, datatype: string}
# - {name: a_image, datatype: float64}
# - {name: b_image, datatype: float64}
# - {name: theta_image, datatype: float64}
# - {name: kron_radius_i, datatype: float64}
# - {name: flags_r, datatype: int64}
# - {name: fwhm_r, datatype: float64}
# - {name: fwhm_psf_r, datatype: float64}
# - {name: ellog_r, datatype: float64}
# - {name: ellip_r, datatype: float64}
# - {name: class_r, datatype: float64}
# - {name: spread_r, datatype: float64}
# - {name: flux_radius_r, datatype: float64}
# - {name: area_r, datatype: int64}
# - {name: mumax_r, datatype: float64}
# - {name: kron_radius_r, datatype: float64}
# schema: astropy-2.0
NUMBER ALPHA DELTA u uerr g gerr r rerr i ierr z zerr F378 F378err F395 F395err F410 F410err F430 F430err F515 F515err F660 F660err F861 F861err flags_i fwhm_i fwhm_psf_i ellog_i ellip_i class_i spread_i flux_radius_i area_i mumax_i mag_aper2_i magerr_apper2_i mag_aper4_i magerr_apper4_i mag_aper6_i magerr_apper6_i flux_aper6_u fluxerr_aper6_u flux_aper6_g fluxerr_aper6_g flux_aper6_r fluxerr_aper6_r flux_aper6_i fluxerr_aper6_i flux_aper6_z fluxerr_aper6_z flux_aper6_F378 fluxerr_aper6_F378 flux_aper6_F395 fluxerr_aper6_F395 flux_aper6_F410 fluxerr_aper6_F410 flux_aper6_F430 fluxerr_aper6_F430 flux_aper6_F515 fluxerr_aper6_F515 flux_aper6_F660 fluxerr_aper6_F660 flux_aper6_F861 fluxerr_aper6_F861 x y field a_image b_image theta_image kron_radius_i flags_r fwhm_r fwhm_psf_r ellog_r ellip_r class_r spread_r flux_radius_r area_r mumax_r kron_radius_r
[from data line 526]
177358 126.80012332161397 -31.6711198141602 20.476015 0.21027237 19.190786 0.054600168 18.35366 0.021837771 18.20901 0.019144837 18.068127 0.022565426 20.253813 0.26729262 19.748287 0.2439187 19.534895 0.1989293 19.773964 0.22482066 19.076916 0.092929 17.939999 0.018598039 18.125114 0.031274136 0 2.094399 1.3 1.0863512 0.07948738 0.96888465 -0.0015845427 1.1769528 27 19.158056 18.536171 0.024807198 18.591936 0.04869611 18.484764 0.06535877 0.67925334 0.6682489 43.44455 7.48213 235.63281 6.2557955 86.71498 5.2187705 61.99446 4.518047 1.5364661 0.4944318 0.060931247 0.68268424 2.2406545 1.896901 1.958347 1.9979972 3.5145082 2.069632 48.269073 0.73259753 7.5346413 1.8938116 1505.043 9139.787 d279 1.3327931 1.2268529 42.429295 3.5 0 3.0126548 1.46 1.0863512 0.07948738 0.9614103 0.05103813 1.6970938 37 19.671926 3.5
25358 128.10843312301745 -32.767324144994305 19.903814 0.06528113 18.261507 0.015454981 17.502153 0.008687719 17.116135 0.007477382 16.947851 0.008920127 19.611387 0.08161375 19.350422 0.100299664 18.872849 0.06467378 18.78811 0.055057626 18.027008 0.025339236 17.241478 0.008285675 16.830378 0.010707345 0 1.8151836 1.12 1.0275252 0.026787817 0.9827014 -0.0010454522 1.136989 45 17.638073 17.321953 0.008681607 17.22768 0.012795771 17.173843 0.017234419 2.4309695 0.42592824 120.412315 4.651382 244.38403 4.3549843 277.75552 4.4078774 189.05894 4.3826914 1.6178182 0.31060505 2.7526312 0.44894567 7.8072257 1.191732 11.602567 1.2851512 24.276499 1.3704683 31.606756 0.5119682 74.95279 1.7008704 3483.2244 1974.0504 d280 1.3350213 1.299259 79.97395 3.5 0 1.8839017 1.24 1.0275252 0.026787817 0.9830085 -0.0017980636 1.2366264 48 18.196482 3.5
56732 127.16123014790838 -32.56287342145156 20.40554 0.10191793 18.614086 0.019922081 17.980219 0.011743255 17.651339 0.0104099205 17.573223 0.013619282 20.017967 0.11390384 20.049591 0.1844672 19.27991 0.09117718 19.069061 0.07045432 18.40397 0.033013158 17.707378 0.010939052 17.558964 0.016873129 0 1.7520157 1.12 1.0437357 0.04190314 0.982376 -0.0014665592 1.2066656 37 18.141275 17.840082 0.012669805 17.70818 0.019192323 17.679588 0.026909893 0.7876642 0.42309105 88.29669 4.616226 158.21648 4.269324 174.32716 4.3196363 112.5418 4.3294754 0.9016493 0.30887485 0.5666928 0.44184616 5.856002 1.187263 8.588604 1.2783694 17.420126 1.356549 21.50493 0.5001527 35.07348 1.6496836 8704.088 3307.1062 d280 1.3001634 1.2456825 11.873321 3.5 0 2.0167086 1.24 1.0437357 0.04190314 0.98104185 -0.0007731332 1.2808686 36 18.71575 3.5
108094 127.3059387287799 -32.228756819255906 20.624432 0.12225608 18.757977 0.02206402 18.203014 0.013609152 18.190428 0.014681329 17.956135 0.017782724 20.366741 0.15449977 99.0 99.0 19.64016 0.12320628 19.800905 0.1267886 19.130493 0.055802904 17.891768 0.012282892 17.550695 0.016780077 0 2.4913917 1.12 1.0951724 0.086901724 0.88820934 0.008209616 1.4319026 36 19.091614 18.189613 0.016521186 18.094963 0.026763659 18.099642 0.039164886 1.8052365 0.4248658 87.59373 4.61473 142.84059 4.253013 118.39786 4.2698326 84.99008 4.3090215 1.2686228 0.30976382 -0.17961322 0.43988204 5.6041365 1.186456 4.108182 1.2674423 15.92905 1.3532131 18.03826 0.49591324 38.633686 1.6541172 7914.6265 5497.9155 d280 1.4380097 1.3130442 1.7066478 3.5 0 2.1492455 1.24 1.0951724 0.086901724 0.9727798 0.0013605347 1.4359993 43 19.027601 3.5
109320 128.40363615187752 -32.218825767124486 19.94515 0.0676384 18.347769 0.016258577 17.716248 0.009829903 17.426628 0.008905958 17.195206 0.010479511 19.403097 0.068365015 19.400314 0.10222838 18.782625 0.060057357 18.659172 0.049928434 18.074512 0.02621523 17.464445 0.009479759 17.14709 0.013033873 0 2.0935001 1.12 1.0263648 0.025687575 0.97804976 0.0067885895 1.3212819 40 18.19486 17.52833 0.010038253 17.247313 0.01299786 17.012157 0.014972835 2.9956887 0.42678028 163.98572 4.698805 299.45697 4.4081273 322.35733 4.444386 221.64958 4.4041014 2.6209314 0.3130266 3.4941936 0.45120606 10.600565 1.1981663 13.483182 1.2891235 32.11329 1.3861645 35.649414 0.51650494 70.93689 1.6951429 1836.1907 5556.536 d280 1.2760091 1.2432315 28.024069 3.5 0 2.072767 1.24 1.0263648 0.025687575 0.9822972 0.0041754586 1.4279145 45 18.58135 3.5
117704 127.60165273920016 -32.16432281658335 20.959118 0.16408728 19.131033 0.029962206 18.175262 0.01345966 18.046713 0.013529076 18.016903 0.018652624 21.205622 0.32533455 20.10916 0.19059537 19.733635 0.13480978 19.61867 0.11045053 18.925816 0.049073484 17.733912 0.010841315 18.000088 0.022637289 0 2.0666544 1.12 1.076827 0.07134575 0.9213082 0.0017648495 1.2309469 32 18.740637 18.211065 0.016759511 18.083736 0.02651534 18.099234 0.039121266 -0.8036464 0.42126337 36.381397 4.552336 436.99188 4.540892 118.442375 4.266681 -1.7614441 4.244027 -0.12910828 0.30627242 0.67022514 0.44177884 1.2688974 1.1747242 3.3787756 1.2647046 7.4755263 1.3342797 112.55245 0.59898573 -0.25336584 1.6013612 6277.792 5924.0576 d280 1.2826697 1.1911566 -10.3135605 3.5 0 2.5968869 1.24 1.076827 0.07134575 0.96221167 0.01014908 1.802308 37 19.25343 3.5
118564 127.505411878526 -32.15805178976994 19.769903 0.060578104 18.387562 0.01707517 17.867664 0.011011276 17.584152 0.010020812 17.46983 0.012659474 19.159027 0.058698528 19.179373 0.09000055 18.830166 0.06452832 18.755781 0.054969873 18.176329 0.028651599 17.596348 0.010333348 17.485981 0.016049312 0 1.738448 1.12 1.0998504 0.090785444 0.9812777 -0.00021780713 1.2278717 46 18.104956 17.774755 0.012029081 17.617353 0.017740216 17.530676 0.023575574 2.95636 0.42687318 132.72198 4.6653123 198.83566 4.3092666 199.9538 4.3407235 132.14897 4.342203 3.0602236 0.3142501 2.3916218 0.44775853 8.39864 1.1931931 10.864067 1.283398 21.227327 1.3641173 24.965736 0.50413984 43.9005 1.660771 6811.1465 5964.171 d280 1.3718079 1.2472677 11.273014 3.5 0 2.1243367 1.24 1.0998504 0.090785444 0.980985 0.00023661483 1.3280145 45 18.651154 3.5
126461 127.96103864672166 -32.10448785980719 20.966412 0.16325149 19.290472 0.03313548 18.44922 0.016189903 18.1187 0.014150923 17.953276 0.017549505 20.405895 0.16221762 20.64954 0.30619982 19.788593 0.14191805 19.754103 0.12140306 19.000631 0.05177561 18.088375 0.0139081385 18.034372 0.022595804 0 1.7485989 1.12 1.034374 0.033231676 0.9824316 -0.0013249749 1.1512061 27 18.809668 18.30049 0.018029606 18.20545 0.02948506 18.160725 0.04136343 1.2833312 0.42379093 48.007 4.5678816 172.57574 4.2820697 111.92077 4.2628236 67.66359 4.295204 0.8898116 0.3087012 0.52466816 0.4414994 2.687691 1.1788263 4.535806 1.2680788 11.595375 1.3436549 81.156075 0.5669124 23.847105 1.6341054 4285.6704 6314.9775 d280 1.2772543 1.234809 17.599453 3.5 0 2.310864 1.24 1.034374 0.033231676 0.8163283 0.004109413 1.4582891 38 19.491724 3.5
127164 127.97622231661634 -32.09928451953089 21.44953 0.25032577 19.213947 0.031232622 17.930296 0.011490733 17.31941 0.00851806 16.994629 0.009275437 99.0 99.0 99.0 99.0 20.783804 0.33264914 20.399286 0.21155547 19.232107 0.06142396 17.459183 0.009450353 17.057497 0.01227692 0 1.846421 1.12 1.0968052 0.08826107 0.9981492 -0.00080838037 1.1915686 44 17.925903 17.499626 0.0098300725 17.376118 0.014472028 17.340372 0.019923717 2.2183468 0.42524984 50.352863 4.5681367 250.25381 4.358109 238.2602 4.371113 189.97159 4.380427 1.0878744 0.3090402 -0.43179426 0.43950176 1.3240439 1.1747706 1.0985304 1.2590966 10.079495 1.339724 108.70442 0.5950963 59.612396 1.6800997 4201.4087 6348.8594 d280 1.365588 1.2450597 33.532925 3.5 0 2.3458703 1.24 1.0968052 0.08826107 0.8565702 0.0027988332 1.4586222 49 18.894302 3.5
127202 127.97077624396876 -32.095342393113846 20.026644 0.073805116 18.369694 0.01687727 17.682423 0.0098107 17.357183 0.008753961 17.22143 0.010757982 19.854269 0.10175908 19.488428 0.11374442 19.160988 0.08361513 19.044998 0.06832195 18.182596 0.028798057 17.445807 0.009352297 17.230263 0.0136854565 0 1.8106966 1.12 1.0734903 0.06845921 0.99989223 -0.00061916484 1.1349332 44 18.136032 17.554232 0.010259789 17.428606 0.015133597 17.361095 0.020304061 2.551118 0.4261773 129.80986 4.662364 259.90317 4.3707542 233.75552 4.3703375 159.73392 4.3622 2.2440243 0.31221637 1.7148283 0.44555852 5.516412 1.1861471 12.73711 1.2879366 22.201786 1.3662503 76.72157 0.5623023 52.36591 1.6719189 4231.552 6374.727 d280 1.3584929 1.2654915 27.577633 3.5 0 2.2516117 1.24 1.0734903 0.06845921 0.98614925 0.0005420431 1.3388551 48 18.760065 3.5
143396 128.3144705585082 -31.98613104228684 20.102028 0.07807868 18.409578 0.017318487 17.725126 0.010077397 17.411943 0.009010634 17.26223 0.011064757 19.923052 0.106325544 19.575672 0.12170739 19.043642 0.07531107 19.004637 0.06595135 18.257694 0.030170122 17.502333 0.009773008 17.264132 0.014023507 0 1.8094406 1.12 1.0990751 0.0901441 0.98272043 7.484515e-05 1.1262897 44 18.127985 17.614523 0.010705088 17.494616 0.016002737 17.457773 0.022112139 1.654512 0.42465943 105.55064 4.635888 196.51572 4.308154 213.84113 4.3540373 127.09422 4.339895 0.8634579 0.3087772 1.8955925 0.4462585 5.177921 1.1855794 8.351788 1.2778045 19.508549 1.3609263 23.845007 0.5029469 48.375896 1.667094 2321.8672 7082.507 d280 1.3939081 1.2682556 28.691006 3.5 0 2.0029275 1.24 1.0990751 0.0901441 0.98330164 -0.0017038571 1.2573615 45 18.545399 3.5
148885 127.2314678208656 -31.94840428805015 21.16314 0.19758701 19.049772 0.027841624 18.272875 0.014510431 17.856253 0.012035831 17.657717 0.014497024 20.954168 0.2619036 20.08493 0.1888279 19.737322 0.13603109 19.7158 0.11988606 18.915697 0.049038038 17.784262 0.011718162 17.705551 0.018551352 0 1.913035 1.12 1.0278848 0.027128398 0.9815169 -0.0013339873 1.1873283 34 18.573816 18.054731 0.014877224 17.927105 0.023125866 17.870092 0.03187201 0.0011819276 0.4214312 57.02449 4.577927 128.59442 4.2368617 146.27278 4.2928247 102.0573 4.319657 0.12600432 0.3067174 0.7997887 0.44238284 1.8632618 1.1766727 1.732024 1.2612208 11.573273 1.3435062 19.188595 0.4971233 33.6347 1.6469321 8335.705 7331.18 d280 1.3087333 1.2732295 54.25981 3.5 0 2.1218944 1.24 1.0278848 0.027128398 0.98165584 -0.00071383925 1.3369715 37 19.16741 3.5
156783 127.29234496499052 -31.89286764754475 99.0 99.0 19.435024 0.03752875 18.164162 0.013467973 17.500723 0.009538883 17.093153 0.009924529 99.0 99.0 99.0 99.0 20.457626 0.25637162 20.14552 0.17434317 19.194878 0.060565397 17.718584 0.011143533 16.852194 0.010956159 0 1.9853851 1.12 1.055699 0.052760303 0.9633245 0.0032188864 1.3314589 45 18.132927 17.650396 0.010956988 17.505163 0.016126785 17.475943 0.022459712 0.15963447 0.42175257 47.941227 4.567806 143.02605 4.251958 210.29216 4.34908 164.05844 4.3643017 0.19289677 0.30691358 0.34582373 0.44090176 2.3549666 1.1779946 0.4832151 1.258297 8.162008 1.3363581 21.507723 0.4999446 73.82466 1.6991926 7999.0977 7696.2075 d280 1.3730528 1.3006102 -8.140789 3.5 0 2.4862816 1.24 1.055699 0.052760303 0.9734819 0.003450976 1.425306 43 19.109768 3.5
41657 104.0279140617614 -33.520960060522896 19.848175 0.13129036 18.578152 0.033821072 18.129925 0.018563697 17.901976 0.014282542 17.838469 0.018869687 19.05598 0.09480611 19.582867 0.20083906 18.719627 0.101436034 19.192139 0.17289324 18.316942 0.048796296 17.87287 0.016483303 17.831146 0.02539543 0 2.8933694 1.58 1.0810382 0.07496333 0.9795384 0.000695453 1.7668321 49 19.335228 18.187775 0.016084228 17.917006 0.022258572 17.833647 0.029851267 2.034037 0.51886487 97.6511 5.70327 153.60718 4.7731314 154.22037 4.23911 95.02536 3.7615786 1.7774998 0.39513132 2.16326 0.56159586 7.2149997 1.4980572 10.179729 1.9397094 17.170616 1.6622889 25.369764 0.54871535 31.79611 1.6244571 9652.302 6062.352 d282 1.5681127 1.4505618 73.629265 3.5 0 4.4249587 2.31 1.0810382 0.07496333 0.98092526 -0.0003111189 2.1704326 46 20.03432 3.5
53749 104.36876959889835 -33.29290185240955 99.0 99.0 18.77416 0.04042854 17.811388 0.01456825 17.277992 0.009300312 17.055363 0.01064408 99.0 99.0 99.0 99.0 99.0 99.0 19.600397 0.2650585 18.881878 0.07888249 17.408161 0.0120942565 17.15617 0.015494345 0 2.775655 1.58 1.0871261 0.08014351 0.9827282 -0.0009086004 1.7184764 61 18.713629 17.582485 0.010216893 17.340313 0.013645115 17.289438 0.018459115 -0.32590237 0.51574403 83.22837 5.688972 186.66728 4.8027163 254.58052 4.3271923 185.99869 3.8355117 0.61302584 0.39271522 0.33751923 0.55667955 -0.015373304 1.4835225 6.297568 1.9301629 13.1111765 1.6550367 25.951447 0.54927576 58.85699 1.6603082 7798.252 7565.718 d282 1.6908562 1.555345 69.43211 3.5 0 4.100153 2.31 1.0871261 0.08014351 0.98185366 0.0001630511 2.1897473 63 19.755753 3.5
54243 105.57753795151147 -33.28188713740328 18.579018 0.04450276 18.662933 0.036768056 18.394978 0.022688435 18.365728 0.020094696 18.292603 0.026640197 18.597692 0.06455912 18.3784 0.07273487 18.572834 0.08897693 18.647245 0.107041605 18.634127 0.06308262 18.177658 0.020965874 18.238781 0.03499994 0 2.9799757 1.58 1.15012 0.13052559 0.97685814 0.00052983576 1.7014548 37 19.749434 18.646132 0.023173036 18.42027 0.034489803 18.335482 0.046824858 7.892828 0.52760196 72.396545 5.680607 109.06177 4.732729 97.14215 4.18846 54.772896 3.7287166 3.6285481 0.39890626 3.2410161 0.56451315 9.732726 1.5032461 7.508639 1.9336494 12.157756 1.6538947 14.161376 0.53635657 18.662102 1.6068941 1184.0364 7626.1333 d282 1.65767 1.4413017 85.01394 3.5 0 4.1581717 2.31 1.15012 0.13052559 0.9779697 0.0005472228 2.1544526 49 20.220423 3.5
3502 105.7279964351544 -34.26113327931228 21.225838 0.5419449 18.850359 0.03819372 18.211752 0.01737804 18.00011 0.015768474 17.944893 0.022882296 20.20987 0.3036702 99.0 99.0 19.194807 0.14842902 19.144884 0.1451607 18.69849 0.07048853 17.238062 0.011218546 17.990751 0.03203397 0 3.027562 1.67 1.0451169 0.0431692 0.9805119 -0.001027761 1.7593436 44 19.589071 18.349379 0.017767524 18.089464 0.02502269 18.028305 0.034391187 2.1261609 0.6241782 64.791374 5.4433684 135.07732 4.532434 131.06245 4.150454 88.210396 3.8477852 0.74532217 0.46430773 0.89516735 0.5406814 4.1245575 1.4485934 4.2444124 1.5165604 11.898256 1.5934154 38.321144 0.55625963 24.201101 1.6208905 9562.897 1217.6333 d283 1.536163 1.469848 -1.3550128 3.5 0 3.1118715 1.65 1.0451169 0.0431692 0.98177606 -4.4362663e-05 1.7882195 45 19.782602 3.5
11040 106.32760688196308 -34.143613570975546 18.964912 2.2278059 18.678585 0.032209966 17.990932 0.015345367 17.547955 0.011936485 17.306883 0.014553872 19.342243 0.25768864 99.0 99.0 99.0 99.0 19.106918 0.1457727 18.466051 0.05930678 17.673048 0.015085022 17.367546 0.021024942 0 3.5845633 1.67 1.1126024 0.1012063 0.9998932 -0.006379482 1.6966377 19 19.21474 17.757616 0.011342563 16.925762 0.009469009 16.66426 0.010478794 -0.64135814 0.6202289 338.60995 5.7032886 447.27283 4.8226824 460.35834 4.4419885 279.7636 3.9993036 1.1720144 0.46539512 0.03685221 0.5383373 6.9273696 1.4543129 13.990832 1.5360725 57.92693 1.6743166 56.39813 0.5754436 81.79211 1.696577 6319.983 2001.3158 d283 1.034992 0.93024427 0.84473884 3.5 0 3.837487 1.65 1.1126024 0.1012063 0.9998509 -0.0054300698 1.7552432 19 19.695114 3.5
