Ha-emitters-disk-iteractive/Halpha-disk_splus_16r175-Mine_PerField.ecsv
# %ECSV 1.0
# ---
# datatype:
# - {name: NUMBER, datatype: int64}
# - {name: ALPHA, datatype: float64}
# - {name: DELTA, datatype: float64}
# - {name: u, datatype: float64}
# - {name: uerr, datatype: float64}
# - {name: g, datatype: float64}
# - {name: gerr, datatype: float64}
# - {name: r, datatype: float64}
# - {name: rerr, datatype: float64}
# - {name: i, datatype: float64}
# - {name: ierr, datatype: float64}
# - {name: z, datatype: float64}
# - {name: zerr, datatype: float64}
# - {name: F378, datatype: float64}
# - {name: F378err, datatype: float64}
# - {name: F395, datatype: float64}
# - {name: F395err, datatype: float64}
# - {name: F410, datatype: float64}
# - {name: F410err, datatype: float64}
# - {name: F430, datatype: float64}
# - {name: F430err, datatype: float64}
# - {name: F515, datatype: float64}
# - {name: F515err, datatype: float64}
# - {name: F660, datatype: float64}
# - {name: F660err, datatype: float64}
# - {name: F861, datatype: float64}
# - {name: F861err, datatype: float64}
# - {name: flags_i, datatype: int64}
# - {name: fwhm_i, datatype: float64}
# - {name: fwhm_psf_i, datatype: float64}
# - {name: ellog_i, datatype: float64}
# - {name: ellip_i, datatype: float64}
# - {name: class_i, datatype: float64}
# - {name: spread_i, datatype: float64}
# - {name: flux_radius_i, datatype: float64}
# - {name: area_i, datatype: int64}
# - {name: mumax_i, datatype: float64}
# - {name: mag_aper2_i, datatype: float64}
# - {name: magerr_apper2_i, datatype: float64}
# - {name: mag_aper4_i, datatype: float64}
# - {name: magerr_apper4_i, datatype: float64}
# - {name: mag_aper6_i, datatype: float64}
# - {name: magerr_apper6_i, datatype: float64}
# - {name: flux_aper6_u, datatype: float64}
# - {name: fluxerr_aper6_u, datatype: float64}
# - {name: flux_aper6_g, datatype: float64}
# - {name: fluxerr_aper6_g, datatype: float64}
# - {name: flux_aper6_r, datatype: float64}
# - {name: fluxerr_aper6_r, datatype: float64}
# - {name: flux_aper6_i, datatype: float64}
# - {name: fluxerr_aper6_i, datatype: float64}
# - {name: flux_aper6_z, datatype: float64}
# - {name: fluxerr_aper6_z, datatype: float64}
# - {name: flux_aper6_F378, datatype: float64}
# - {name: fluxerr_aper6_F378, datatype: float64}
# - {name: flux_aper6_F395, datatype: float64}
# - {name: fluxerr_aper6_F395, datatype: float64}
# - {name: flux_aper6_F410, datatype: float64}
# - {name: fluxerr_aper6_F410, datatype: float64}
# - {name: flux_aper6_F430, datatype: float64}
# - {name: fluxerr_aper6_F430, datatype: float64}
# - {name: flux_aper6_F515, datatype: float64}
# - {name: fluxerr_aper6_F515, datatype: float64}
# - {name: flux_aper6_F660, datatype: float64}
# - {name: fluxerr_aper6_F660, datatype: float64}
# - {name: flux_aper6_F861, datatype: float64}
# - {name: fluxerr_aper6_F861, datatype: float64}
# - {name: x, datatype: float64}
# - {name: y, datatype: float64}
# - {name: field, datatype: string}
# - {name: a_image, datatype: float64}
# - {name: b_image, datatype: float64}
# - {name: theta_image, datatype: float64}
# - {name: kron_radius_i, datatype: float64}
# - {name: flags_r, datatype: int64}
# - {name: fwhm_r, datatype: float64}
# - {name: fwhm_psf_r, datatype: float64}
# - {name: ellog_r, datatype: float64}
# - {name: ellip_r, datatype: float64}
# - {name: class_r, datatype: float64}
# - {name: spread_r, datatype: float64}
# - {name: flux_radius_r, datatype: float64}
# - {name: area_r, datatype: int64}
# - {name: mumax_r, datatype: float64}
# - {name: kron_radius_r, datatype: float64}
# schema: astropy-2.0
NUMBER ALPHA DELTA u uerr g gerr r rerr i ierr z zerr F378 F378err F395 F395err F410 F410err F430 F430err F515 F515err F660 F660err F861 F861err flags_i fwhm_i fwhm_psf_i ellog_i ellip_i class_i spread_i flux_radius_i area_i mumax_i mag_aper2_i magerr_apper2_i mag_aper4_i magerr_apper4_i mag_aper6_i magerr_apper6_i flux_aper6_u fluxerr_aper6_u flux_aper6_g fluxerr_aper6_g flux_aper6_r fluxerr_aper6_r flux_aper6_i fluxerr_aper6_i flux_aper6_z fluxerr_aper6_z flux_aper6_F378 fluxerr_aper6_F378 flux_aper6_F395 fluxerr_aper6_F395 flux_aper6_F410 fluxerr_aper6_F410 flux_aper6_F430 fluxerr_aper6_F430 flux_aper6_F515 fluxerr_aper6_F515 flux_aper6_F660 fluxerr_aper6_F660 flux_aper6_F861 fluxerr_aper6_F861 x y field a_image b_image theta_image kron_radius_i flags_r fwhm_r fwhm_psf_r ellog_r ellip_r class_r spread_r flux_radius_r area_r mumax_r kron_radius_r
527 101.69734980669034 -10.604027117232738 18.925064 0.07367564 17.419584 0.018588848 16.806477 0.00984008 16.490152 0.007781196 16.250996 0.008342626 18.364712 0.06717325 18.385742 0.09982049 17.909752 0.07478572 17.75881 0.06333553 17.199326 0.031203803 16.569424 0.009790142 16.207417 0.011542339 0 1.9833916 1.22 1.0221934 0.021711528 0.978235 0.0016173064 1.4905821 66 17.28341 16.633175 0.008005536 16.456564 0.009712107 16.406715 0.012338463 2.325149 0.35284847 106.72112 3.8202946 211.7036 3.3008447 246.6686 2.8024967 175.11484 2.1775157 1.7031635 0.26961946 2.2762425 0.39067256 4.926577 1.017132 5.9116344 1.0633781 20.67359 1.1400175 25.265581 0.38691103 61.03348 1.0653718 6371.1675 900.33716 d020 1.5444874 1.5109541 34.926414 3.5 0 2.7513134 1.45 1.0221934 0.021711528 0.9828437 0.008791005 1.6592282 66 18.034245 3.5
22037 101.78991648223712 -10.35821497121958 20.424515 0.2897759 18.363602 0.03750853 17.276155 0.013482697 16.85756 0.009812383 16.588728 0.010326817 99.0 99.0 99.0 99.0 18.764963 0.15623449 18.859884 0.15849465 18.132755 0.06255245 16.920012 0.012112585 16.697 0.015556398 0 2.0672514 1.22 1.1329397 0.117340505 0.5084197 0.00031774718 1.4286447 53 17.719221 17.076504 0.010539982 16.801046 0.012595265 16.66745 0.015274579 0.5740669 0.34871048 39.34504 3.7231736 134.28497 3.1948838 194.00809 2.7287219 191.74333 2.1996381 0.061547622 0.26453122 0.4094406 0.38323972 3.408101 1.0118642 2.8978763 1.0537891 8.044206 1.1070777 19.481848 0.37756908 44.40843 1.0300094 5775.784 2509.6274 d020 1.4865131 1.3120849 15.3556595 3.5 0 2.4034307 1.45 1.1329397 0.117340505 0.98167366 3.2204975e-05 1.5061736 49 18.461977 3.5
46462 101.5669263906136 -10.075984461544412 19.678461 0.1547352 18.136236 0.031990066 17.493593 0.01568236 17.207813 0.012179416 17.054031 0.013621511 19.03304 0.12301042 18.754244 0.14189097 18.588879 0.13715212 18.483906 0.11671212 17.91901 0.054472394 17.155165 0.013978363 17.093403 0.01972071 0 2.1907055 1.22 1.0194303 0.019059896 0.98142874 -0.00019601862 1.3739277 44 18.138443 17.43708 0.013396578 17.277964 0.018375162 17.223219 0.024477832 1.5314887 0.35111392 53.973766 3.7469077 104.17483 3.1561565 116.28183 2.6209273 77.20815 2.0332825 0.87162054 0.26716888 2.0997648 0.39000654 3.5027778 1.012998 5.895252 1.063331 10.97079 1.115501 15.790044 0.371938 25.350689 0.9895456 7213.0996 4356.338 d020 1.3922533 1.365717 -74.2787 3.5 0 2.661615 1.45 1.0194303 0.019059896 0.98115724 -0.00015200627 1.5510184 41 18.74863 3.5
112832 102.03244321994212 -9.301617548212835 20.193214 0.25029704 18.479366 0.04299854 17.375849 0.014727195 16.765373 0.009395277 16.42671 0.009399217 19.812456 0.28056356 19.600182 0.30344886 19.777733 0.4057606 18.808622 0.15994391 18.195683 0.06890791 16.825373 0.011734976 16.500137 0.013824148 0 2.4210424 1.22 1.0967656 0.088228166 0.97922367 4.991873e-05 1.4946307 52 17.720245 17.006071 0.010069907 16.765799 0.012245615 16.618563 0.014670839 0.20388404 0.34797478 33.694042 3.7160296 127.98939 3.1869817 202.94337 2.741574 169.73845 2.1687853 0.9364237 0.2671961 1.3774378 0.38703164 2.1617866 1.0084624 5.013539 1.0601467 7.094217 1.1048819 25.16554 0.3865619 54.67642 1.0517442 4210.006 9425.399 d020 1.4609573 1.3320597 46.57273 3.5 0 2.9502032 1.45 1.0967656 0.088228166 0.9306633 0.0001310002 1.6878134 49 18.692745 3.5
20490 106.44059137454651 -10.351077304585042 18.747587 0.034336593 17.475414 0.011068122 16.345085 0.004710775 15.643507 0.0033438902 15.260911 0.0033975425 18.547792 0.043528315 18.435724 0.060446408 18.081682 0.043885157 18.053583 0.040633257 17.351208 0.018968204 15.640376 0.0037115158 15.348403 0.004803911 0 2.467352 1.16 1.0923421 0.0845359 0.9838248 0.0047843885 1.4295537 118 16.632145 15.799076 0.0034025263 15.637886 0.003924877 15.57305 0.0047521754 6.3216615 0.523184 264.78012 5.5914903 776.2892 5.2374787 1218.9337 5.3338737 1031.7195 5.010144 3.8357985 0.3889157 5.59466 0.56132483 16.024601 1.4552076 15.75671 1.5358555 46.514366 1.6600542 146.11679 0.6708315 326.87152 2.145488 3535.692 2555.428 d023 1.7099335 1.5653827 -51.229893 3.5 0 2.5109894 1.12 1.0923421 0.0845359 0.97584915 0.0072260494 1.4078493 110 17.288618 3.5
24715 106.13539083987138 -10.301929175194203 19.796186 0.079636075 17.746552 0.013193369 16.63014 0.005529568 16.10488 0.004304178 15.8095455 0.0046320027 19.447006 0.08653356 19.150808 0.106793374 18.622356 0.06550791 18.547255 0.058848456 17.575682 0.022041498 16.28143 0.005216411 15.678017 0.005742009 0 2.0592365 1.16 1.0569059 0.053842008 0.98379004 0.0010203379 1.2863287 83 16.844856 16.310944 0.004589285 16.1657 0.005732704 16.121328 0.00735228 2.987187 0.5183469 195.81647 5.527016 545.03925 5.0423746 735.6463 4.980366 572.78265 4.71794 1.8211775 0.38485423 1.9021941 0.55147535 7.194887 1.4374146 8.242888 1.521081 32.703377 1.6363788 80.44417 0.6093993 222.45616 2.0372956 5500.9346 2878.0828 d023 1.4640149 1.3851894 -66.80732 3.5 0 1.8399198 1.12 1.0569059 0.053842008 0.98058367 -0.00024394246 1.2581456 79 17.233915 3.5
70251 106.0146633948677 -9.825718920989308 19.542 0.06668159 17.599987 0.01181908 16.757208 0.0059516625 16.328342 0.004877783 15.961002 0.005056986 19.007166 0.061608292 18.360172 0.057085093 18.163107 0.045396384 17.984083 0.037816513 17.333721 0.01879899 16.284533 0.005211234 16.076054 0.007159642 0 1.9565636 1.16 1.0235745 0.023031533 0.9832377 0.00046494236 1.2182627 76 17.126022 16.541882 0.005280545 16.405848 0.006867466 16.360094 0.00894947 3.0059063 0.5179342 222.83244 5.5482435 478.5029 4.9810495 590.42145 4.865524 494.78583 4.6628885 1.6749345 0.38422695 4.3416195 0.55759513 11.17622 1.4443536 16.62529 1.5365399 40.6171 1.6488173 76.39152 0.60500723 155.052 1.9627249 6279.5615 5994.998 d023 1.4131353 1.3805887 88.916336 3.5 0 1.8992049 1.12 1.0235745 0.023031533 0.9828219 0.0010771846 1.1958083 70 17.54092 3.5
80933 106.0202007337545 -9.719651435195228 19.67594 0.07473393 18.202496 0.017862983 17.046078 0.007034572 16.3261 0.0048831627 15.82476 0.0046807113 19.075914 0.06490457 19.028416 0.09543211 18.861727 0.07735001 18.705605 0.06479588 18.029703 0.029776925 16.472328 0.005777799 15.921805 0.006570488 0 1.818248 1.16 1.0212343 0.020792723 0.9833631 -0.0007251764 1.2137437 71 16.949085 16.539597 0.0052837864 16.387972 0.006783549 16.31948 0.008658368 2.2901893 0.5173534 124.206085 5.45882 380.48477 4.8986707 612.9259 4.886683 579.208 4.7224755 2.3181324 0.3859042 3.0710359 0.5546811 3.564711 1.430055 10.232477 1.5251853 22.57307 1.6187365 65.895424 0.59495246 180.02512 1.9916745 6244.089 6689.2754 d023 1.3834609 1.354695 -88.639175 3.5 0 1.7479055 1.12 1.0212343 0.020792723 0.98243374 -0.00062622176 1.1775937 61 17.6321 3.5
82617 106.15293353644374 -9.702203663626548 20.936201 0.22367938 18.391344 0.020347165 17.038065 0.00702392 16.322115 0.004880656 15.873806 0.00482543 21.10641 0.35884252 20.064651 0.22662687 19.551542 0.13542184 19.486263 0.1203119 18.208696 0.033692654 16.591393 0.006183152 15.986538 0.006789849 0 1.88571 1.16 1.0395198 0.038017333 0.9891092 -6.910376e-05 1.1666127 71 17.164118 16.543726 0.0052866507 16.410772 0.006892655 16.37888 0.009093247 2.1025033 0.51675373 97.840416 5.4300485 353.21204 4.8717217 580.2947 4.8588977 518.2149 4.679712 0.42747462 0.38176882 0.5540271 0.5475041 2.9648266 1.4279264 3.393214 1.5104927 17.51005 1.608813 57.32822 0.58596236 161.41823 1.9702648 5387.752 6803.604 d023 1.4166324 1.3627758 -74.8662 3.5 0 1.9178913 1.12 1.0395198 0.038017333 0.99481446 0.0009178875 1.1580645 62 17.893305 3.5
99530 105.95857364355876 -9.531422045700715 20.672804 0.17658643 18.691652 0.025686355 17.12178 0.0073858253 16.030499 0.004159225 15.354636 0.0036057187 20.41256 0.1987442 20.11352 0.242021 19.681038 0.15422297 19.320963 0.10624125 18.364746 0.038015224 16.54879 0.006056103 15.271132 0.004655793 0 1.8538392 1.16 1.0185943 0.018254876 0.98332286 -0.0009153335 1.2195377 77 16.721642 16.248468 0.0044149724 16.092928 0.005428494 16.023489 0.0067889444 1.4563149 0.5160339 75.182 5.4105277 358.42297 4.878372 805.01587 5.0324197 896.7479 4.9261303 0.92002404 0.3829671 1.2220479 0.5495835 3.712855 1.4301383 5.927317 1.5163093 17.19467 1.6089834 62.00119 0.5909428 328.8124 2.1475682 6642.3345 7921.1865 d023 1.3933257 1.3678907 51.674732 3.5 0 1.8133992 1.12 1.0185943 0.018254876 0.9643216 0.00013416221 1.2129916 64 17.848099 3.5
6274 107.34284727959373 -10.515825595262188 19.724604 0.11407913 18.445526 0.02351435 16.987911 0.0069475104 16.393066 0.005040264 15.792126 0.004555252 19.34719 0.10655626 19.333439 0.14034171 19.24416 0.13698961 18.995031 0.09736561 18.079044 0.036722455 15.97413 0.0045536207 15.736083 0.0059693702 0 1.9046243 1.05 1.1258277 0.11176455 0.99496895 0.0021555289 1.2020723 80 17.190626 16.55579 0.0054704826 16.396349 0.0071578315 16.33152 0.009266741 2.9519262 0.61139935 107.667145 6.1559873 419.12714 5.3299775 607.8442 5.18668 637.1437 4.944674 1.79549 0.4428751 1.225402 0.6123422 5.8853827 1.6298927 7.138644 1.7102813 21.050444 1.7997317 109.69711 0.6948859 231.4624 2.139942 6960.6436 1477.3942 d024 1.5336596 1.3622508 -76.28556 3.5 0 1.928099 1.17 1.1258277 0.11176455 0.99977696 0.0009310618 1.2681314 69 17.946362 3.5
10371 106.93427008948636 -10.452370270306284 20.852873 0.30552274 18.32795 0.022023031 16.672518 0.005785539 15.765513 0.0036038363 15.121172 0.0031505409 20.494099 0.28829172 20.471521 0.3763156 19.61891 0.19022766 19.477245 0.15080112 17.901962 0.033125147 16.089512 0.0049035386 15.278482 0.0047191544 0 1.925284 1.05 1.0635537 0.05975592 0.98317426 0.0003939461 1.2195251 81 16.398521 15.967425 0.003809156 15.833117 0.0046800873 15.784504 0.005903539 0.6012846 0.6083601 99.5498 6.1485696 527.45856 5.4172754 1006.0009 5.4686604 1092.9576 5.222998 0.75878847 0.44097692 2.0192578 0.6142055 2.1309118 1.6229627 -0.5918457 1.6973692 18.771412 1.7959574 92.01359 0.67928267 322.27454 2.230163 9591.146 1889.1932 d024 1.451073 1.3643628 -31.055006 3.5 0 2.023965 1.17 1.0635537 0.05975592 0.9826567 4.607888e-05 1.2768949 67 17.430933 3.5
26068 107.0996166623739 -10.266022812483442 99.0 99.0 18.764713 0.030017111 17.387133 0.008869547 16.545118 0.005534702 16.015192 0.0051877457 20.515657 0.297509 19.872202 0.22772841 19.74577 0.21090916 99.0 99.0 18.381247 0.046517026 16.843231 0.00766686 16.165472 0.007669163 0 1.7575002 1.05 1.1117003 0.10047698 0.9888167 -0.00046282515 1.1576122 68 17.14108 16.744606 0.006190713 16.593462 0.00835922 16.55539 0.01120841 0.91043043 0.60894525 62.32716 6.1185 263.94443 5.20296 494.58853 5.104559 491.0055 4.852952 1.283747 0.44205928 0.4476842 0.6106078 2.4572744 1.6240633 1.5320218 1.7006531 11.476273 1.7848119 44.660595 0.63590616 151.03583 2.0570254 8528.414 3110.9028 d024 1.476195 1.3278713 20.602427 3.5 0 2.0588825 1.17 1.1117003 0.10047698 0.9824528 -0.00016565403 1.2566565 49 18.152163 3.5
48772 108.23726602775976 -10.033114786708223 20.359087 0.20939398 17.893438 0.0155982 16.674772 0.005812463 16.050755 0.0042189686 15.725256 0.004393187 19.946898 0.18051265 19.84675 0.220141 18.817333 0.09658673 18.691837 0.0757696 17.559319 0.02528716 16.305243 0.005484769 15.831456 0.006336722 0 1.7859045 1.05 1.0091888 0.009105086 0.9834519 0.00082525454 1.1241045 73 16.659224 16.264822 0.0045617847 16.132172 0.0058459355 16.087105 0.0075584403 0.4311045 0.6083817 144.70036 6.189452 526.5657 5.4183564 761.3042 5.2985935 613.72437 4.9312406 1.1454192 0.44184503 0.8291281 0.6115771 5.9075084 1.6304387 5.759038 1.70835 33.98146 1.8207735 81.26409 0.6698507 197.99413 2.1062014 1197.7386 4633.2695 d024 1.3640131 1.3515936 -45.257607 3.5 0 1.8814106 1.17 1.0091888 0.009105086 0.98384833 -0.00022797678 1.2042443 65 17.412039 3.5
85722 108.42340024037247 -9.739951055797656 19.950548 0.073306166 17.823381 0.015450981 16.800894 0.0069437977 16.325756 0.005500635 16.041306 0.005998207 19.839048 0.116694115 19.804472 0.18949752 18.869785 0.090310715 18.69113 0.07279261 17.618988 0.025942706 16.47769 0.006615463 15.995449 0.007867814 0 2.4993942 1.38 1.0369625 0.035645008 0.98528564 0.001208817 1.5792797 70 17.565594 16.592882 0.005992711 16.346727 0.0076695047 16.208782 0.009480442 3.2004626 0.37920463 219.19598 5.6646757 552.9722 5.8357425 684.99426 5.9797864 523.2193 5.2347846 1.5922842 0.31697765 1.7053642 0.48522708 9.765335 1.3160864 12.175395 1.4393044 39.374542 1.7029785 72.76409 0.7282776 183.90375 2.371594 9246.046 6553.32 d025 1.5226476 1.4683728 12.897728 3.5 0 2.6177607 1.46 1.0369625 0.035645008 0.982157 0.00061103853 1.633404 68 18.127554 3.5
119134 109.13613856474096 -9.403371201072328 18.970531 0.034952555 17.163626 0.009699651 16.380465 0.005296455 16.126535 0.004807995 15.987776 0.0056935633 18.69532 0.04690488 18.401775 0.059445415 17.838741 0.039324995 17.669601 0.032854572 16.945202 0.016244138 16.150827 0.0052983137 16.058077 0.00804074 0 2.304687 1.38 1.0180483 0.01772827 0.99030316 0.00012272966 1.4783839 84 17.269753 16.388596 0.0052249953 16.207556 0.0068687387 16.151505 0.009029659 8.100509 0.38905331 327.2309 5.7653265 796.41583 6.0152445 722.1017 6.0039897 497.777 5.2204113 6.3180056 0.32865843 5.309722 0.49616876 19.100885 1.337083 25.223825 1.4669174 58.662743 1.7352184 173.10954 0.80693424 163.13315 2.3527865 4647.079 8759.517 d025 1.5751802 1.5472549 69.79251 3.5 0 2.5844104 1.46 1.0180483 0.01772827 0.9556758 0.001326229 1.6793213 91 17.730978 3.5
122490 109.0803652423221 -9.369718303223651 20.039705 0.0800023 18.638256 0.027993992 17.355045 0.009944237 16.761612 0.007154579 16.277193 0.006849723 19.723454 0.10449028 19.77513 0.18032421 19.853794 0.2034986 19.314754 0.119642854 18.451166 0.047483448 16.46561 0.0064736526 16.34263 0.009625122 0 2.282207 1.38 1.097535 0.08886731 0.95599234 0.0010387467 1.5512453 72 17.865398 17.014978 0.008048869 16.77068 0.010853834 16.707226 0.014595555 1.8642068 0.376403 85.615906 5.5374737 292.2316 5.636801 432.8222 5.8170166 402.52747 5.161657 1.116459 0.31570938 0.9970673 0.48295006 3.7707915 1.3022523 6.944837 1.427844 16.078064 1.6631318 67.629845 0.72388405 131.24211 2.3222966 5007.1997 8979.916 d025 1.6538502 1.506877 21.983181 3.5 0 2.656555 1.46 1.097535 0.08886731 0.9407133 0.0009942639 1.6698688 65 18.63455 3.5
22794 105.73532433643211 -11.778272807763877 20.848904 0.14147152 18.103409 0.012880283 16.754057 0.0055072694 16.095888 0.0041633304 15.753032 0.0045974907 20.182943 0.115491055 19.910864 0.1443863 19.218222 0.07508237 18.94933 0.05760612 17.95212 0.023158718 16.376368 0.005612476 15.817524 0.0064556976 0 2.1414201 1.22 1.0296724 0.028817356 0.9832317 -0.00036538465 1.2704613 82 17.009478 16.27745 0.0043497905 16.15292 0.0052650142 16.111246 0.0066007697 0.49868643 0.23411214 128.22142 2.66287 466.9564 3.4519508 732.9964 4.455194 608.4869 4.7402315 0.9243118 0.19465597 1.2288733 0.3172578 3.5921686 0.7239853 4.957395 0.78426814 21.56977 0.89268076 69.51255 0.5549854 194.40974 2.3012385 1557.4492 2427.378 d035 1.4859797 1.4431577 7.320509 3.5 0 2.141256 1.25 1.0296724 0.028817356 0.9827484 -0.0002406293 1.301489 82 17.766544 3.5
51602 105.74305243528676 -11.47858252366588 21.073586 0.17331842 18.47214 0.015934508 16.677332 0.005267181 15.607173 0.003202164 14.898346 0.0028215176 20.655886 0.16836007 20.559904 0.24153163 20.018644 0.13652867 19.598423 0.09019744 18.1982 0.026554529 16.142284 0.0049253525 15.03638 0.0041778926 0 2.0121908 1.22 1.036144 0.0348832 0.9845404 1.1432554e-05 1.2691466 107 16.357134 15.785319 0.00330712 15.65728 0.0037496504 15.616639 0.004510823 0.90201914 0.235477 95.28851 2.5970726 510.77728 3.506991 1155.9639 4.801426 1334.9403 5.1961794 0.29677722 0.19210684 0.26966098 0.3128056 2.3237007 0.7189141 3.5920606 0.7790633 18.901518 0.8842491 87.148705 0.57509786 402.74936 2.490462 1503.7395 4389.05 d035 1.5243194 1.4711462 -27.818983 3.5 0 2.2369065 1.25 1.036144 0.0348832 0.98415214 0.0016204512 1.3765038 103 17.636642 3.5
