Ha-emitters-disk-iteractive/Halpha-disk_splus_185r195-Mine_PerField.ecsv
# %ECSV 1.0
# ---
# datatype:
# - {name: NUMBER, datatype: int64}
# - {name: ALPHA, datatype: float64}
# - {name: DELTA, datatype: float64}
# - {name: u, datatype: float64}
# - {name: uerr, datatype: float64}
# - {name: g, datatype: float64}
# - {name: gerr, datatype: float64}
# - {name: r, datatype: float64}
# - {name: rerr, datatype: float64}
# - {name: i, datatype: float64}
# - {name: ierr, datatype: float64}
# - {name: z, datatype: float64}
# - {name: zerr, datatype: float64}
# - {name: F378, datatype: float64}
# - {name: F378err, datatype: float64}
# - {name: F395, datatype: float64}
# - {name: F395err, datatype: float64}
# - {name: F410, datatype: float64}
# - {name: F410err, datatype: float64}
# - {name: F430, datatype: float64}
# - {name: F430err, datatype: float64}
# - {name: F515, datatype: float64}
# - {name: F515err, datatype: float64}
# - {name: F660, datatype: float64}
# - {name: F660err, datatype: float64}
# - {name: F861, datatype: float64}
# - {name: F861err, datatype: float64}
# - {name: flags_i, datatype: int64}
# - {name: fwhm_i, datatype: float64}
# - {name: fwhm_psf_i, datatype: float64}
# - {name: ellog_i, datatype: float64}
# - {name: ellip_i, datatype: float64}
# - {name: class_i, datatype: float64}
# - {name: spread_i, datatype: float64}
# - {name: flux_radius_i, datatype: float64}
# - {name: area_i, datatype: int64}
# - {name: mumax_i, datatype: float64}
# - {name: mag_aper2_i, datatype: float64}
# - {name: magerr_apper2_i, datatype: float64}
# - {name: mag_aper4_i, datatype: float64}
# - {name: magerr_apper4_i, datatype: float64}
# - {name: mag_aper6_i, datatype: float64}
# - {name: magerr_apper6_i, datatype: float64}
# - {name: flux_aper6_u, datatype: float64}
# - {name: fluxerr_aper6_u, datatype: float64}
# - {name: flux_aper6_g, datatype: float64}
# - {name: fluxerr_aper6_g, datatype: float64}
# - {name: flux_aper6_r, datatype: float64}
# - {name: fluxerr_aper6_r, datatype: float64}
# - {name: flux_aper6_i, datatype: float64}
# - {name: fluxerr_aper6_i, datatype: float64}
# - {name: flux_aper6_z, datatype: float64}
# - {name: fluxerr_aper6_z, datatype: float64}
# - {name: flux_aper6_F378, datatype: float64}
# - {name: fluxerr_aper6_F378, datatype: float64}
# - {name: flux_aper6_F395, datatype: float64}
# - {name: fluxerr_aper6_F395, datatype: float64}
# - {name: flux_aper6_F410, datatype: float64}
# - {name: fluxerr_aper6_F410, datatype: float64}
# - {name: flux_aper6_F430, datatype: float64}
# - {name: fluxerr_aper6_F430, datatype: float64}
# - {name: flux_aper6_F515, datatype: float64}
# - {name: fluxerr_aper6_F515, datatype: float64}
# - {name: flux_aper6_F660, datatype: float64}
# - {name: fluxerr_aper6_F660, datatype: float64}
# - {name: flux_aper6_F861, datatype: float64}
# - {name: fluxerr_aper6_F861, datatype: float64}
# - {name: x, datatype: float64}
# - {name: y, datatype: float64}
# - {name: field, datatype: string}
# - {name: a_image, datatype: float64}
# - {name: b_image, datatype: float64}
# - {name: theta_image, datatype: float64}
# - {name: kron_radius_i, datatype: float64}
# - {name: flags_r, datatype: int64}
# - {name: fwhm_r, datatype: float64}
# - {name: fwhm_psf_r, datatype: float64}
# - {name: ellog_r, datatype: float64}
# - {name: ellip_r, datatype: float64}
# - {name: class_r, datatype: float64}
# - {name: spread_r, datatype: float64}
# - {name: flux_radius_r, datatype: float64}
# - {name: area_r, datatype: int64}
# - {name: mumax_r, datatype: float64}
# - {name: kron_radius_r, datatype: float64}
# schema: astropy-2.0
NUMBER ALPHA DELTA u uerr g gerr r rerr i ierr z zerr F378 F378err F395 F395err F410 F410err F430 F430err F515 F515err F660 F660err F861 F861err flags_i fwhm_i fwhm_psf_i ellog_i ellip_i class_i spread_i flux_radius_i area_i mumax_i mag_aper2_i magerr_apper2_i mag_aper4_i magerr_apper4_i mag_aper6_i magerr_apper6_i flux_aper6_u fluxerr_aper6_u flux_aper6_g fluxerr_aper6_g flux_aper6_r fluxerr_aper6_r flux_aper6_i fluxerr_aper6_i flux_aper6_z fluxerr_aper6_z flux_aper6_F378 fluxerr_aper6_F378 flux_aper6_F395 fluxerr_aper6_F395 flux_aper6_F410 fluxerr_aper6_F410 flux_aper6_F430 fluxerr_aper6_F430 flux_aper6_F515 fluxerr_aper6_F515 flux_aper6_F660 fluxerr_aper6_F660 flux_aper6_F861 fluxerr_aper6_F861 x y field a_image b_image theta_image kron_radius_i flags_r fwhm_r fwhm_psf_r ellog_r ellip_r class_r spread_r flux_radius_r area_r mumax_r kron_radius_r
[from data line 41]
55303 106.16452054810904 -11.543233024493732 21.090715 0.17907682 20.469131 0.09290225 18.921946 0.028412277 17.495499 0.009816489 16.751457 0.008102374 99.0 99.0 99.0 99.0 21.357246 0.5377244 21.194376 0.5240213 20.530037 0.20158108 18.018068 0.015874518 16.970684 0.012408029 0 1.7466447 1.06 1.0596371 0.056280673 0.99989164 -0.0015363848 1.0981725 42 18.24323 17.749336 0.011872379 17.637651 0.018151931 17.622925 0.025720151 1.2273628 0.28311682 -16.912092 4.030607 15.177985 4.0912447 180.31425 4.270451 209.20071 3.926701 -1.2500813 0.24727584 -0.43072978 0.39448324 -1.1808211 1.0089071 -3.087531 1.1098961 -4.7609997 1.2521417 10.362244 0.5462918 66.83616 1.6829898 8036.795 3968.4507 d036 1.320674 1.2463455 83.26467 3.5 0 2.5181298 1.42 1.0596371 0.056280673 0.96813387 -0.002113709 1.2393105 20 19.972559 3.5
56614 106.13597980807285 -11.53179518777956 20.51054 0.10194225 20.803434 0.12283464 19.022684 0.030774102 17.674946 0.010939692 16.852936 0.0085735945 21.564621 0.42300665 99.0 99.0 99.0 99.0 99.0 99.0 20.05661 0.13759911 18.261766 0.018695585 17.049982 0.013018645 0 1.7479694 1.06 1.021092 0.020656347 0.98091143 -0.0014375262 1.1945758 40 18.195572 17.905884 0.013387878 17.779282 0.020496976 17.741173 0.028585348 6.3347445 0.29680416 7.5787 4.043044 53.347622 4.1346326 161.70776 4.2564206 213.004 3.9319715 0.36212662 0.24858542 -0.29126725 0.3947314 -0.98222953 1.0095419 -0.328534 1.1105943 2.519286 1.2586628 16.302677 0.5530945 59.034687 1.6738415 8219.947 4043.0576 d036 1.2890264 1.2623998 -44.772175 3.5 0 2.359023 1.42 1.021092 0.020656347 0.97538 0.00027184404 1.4011397 29 20.026161 3.5
63733 105.96975712675425 -11.469496061073306 20.134375 0.07664745 20.005507 0.06403492 18.928993 0.029022947 18.093462 0.01452863 17.405813 0.012350885 19.904509 0.10412263 19.977102 0.17506371 99.0 99.0 99.0 99.0 19.986721 0.13132349 18.114817 0.01701436 17.54674 0.017925054 0 1.7970736 1.06 1.0624846 0.058809876 0.981889 -0.0018818354 1.1927049 31 18.651682 18.347242 0.018831447 18.25575 0.031000994 18.32701 0.048328724 5.031062 0.29337198 12.024635 4.0482097 42.743813 4.122695 94.27496 4.1953855 117.910545 3.8554738 3.1590807 0.25728688 2.1943889 0.40285763 -1.0502626 1.0093832 -0.44935447 1.1104198 -2.1776958 1.2527326 12.777743 0.5491806 35.211056 1.6423753 9286.899 4448.9717 d036 1.303114 1.2264781 51.90031 3.5 0 2.6240366 1.42 1.0624846 0.058809876 0.98392487 0.00096290256 1.3632487 25 20.05365 3.5
78832 106.7962422774802 -11.321548408450376 99.0 99.0 21.088667 0.15427354 19.086443 0.0321958 17.663006 0.010725054 16.768024 0.0080365855 99.0 99.0 99.0 99.0 99.0 99.0 99.0 99.0 20.602898 0.21332212 18.353651 0.019746486 17.043644 0.012769718 0 2.0044484 1.06 1.077647 0.07205236 0.99934834 0.004348051 1.2855757 47 18.564001 17.826666 0.012602489 17.659813 0.018497717 17.616505 0.025581608 -0.09989759 0.2798581 6.428688 4.040278 44.81086 4.124268 181.38379 4.2726417 247.6579 3.9581547 -0.047041092 0.24735364 1.0830935 0.3986705 0.39101833 1.010366 -0.9919165 1.1102452 4.8870215 1.2636371 10.516147 0.54662526 69.17306 1.6864792 3984.2686 5420.6235 d036 1.4288818 1.3259275 55.63684 3.5 0 2.6611607 1.42 1.077647 0.07205236 0.9962935 0.004496521 1.562271 30 20.294853 3.5
80920 106.21822634070676 -11.299594643980722 99.0 99.0 20.830875 0.12724581 19.465733 0.044519518 18.601858 0.020617215 17.913671 0.017463556 20.958961 0.25668883 20.360487 0.2481701 99.0 99.0 99.0 99.0 20.65796 0.24294682 18.432274 0.0214553 18.144634 0.02683718 0 1.6661168 1.06 1.0508312 0.048372388 0.981906 -0.0009696116 1.1406146 25 19.21958 18.82485 0.027768947 18.687143 0.04545142 18.600843 0.06191087 -0.24013203 0.27990213 10.420303 4.0461187 22.148466 4.1006484 73.259315 4.1763797 81.04181 3.8256283 0.27950028 0.24828383 0.3740897 0.39607725 0.20967428 1.0099953 -0.39334196 1.1104198 1.3448272 1.2557968 5.822078 0.54153854 21.557713 1.6242083 7694.2256 5563.653 d036 1.1844394 1.1271453 69.56547 3.5 0 2.6605158 1.42 1.0508312 0.048372388 0.97635025 -0.001872074 1.2295808 17 20.503307 3.5
87864 106.00394272798026 -11.22744332063186 20.653671 0.11870006 19.948359 0.060452357 18.888447 0.027890878 18.007734 0.01369391 17.20498 0.010808585 20.588907 0.1841436 19.791836 0.14943668 20.866426 0.3465718 19.834473 0.13895535 19.717554 0.10473502 17.875502 0.014559702 17.120808 0.013698965 0 1.7924526 1.06 1.0634297 0.05964631 0.98066604 -0.0010719661 1.1624066 32 18.803938 18.260645 0.017574238 18.093103 0.026882049 18.053402 0.037752636 1.2446285 0.2830766 15.359848 4.049399 57.535233 4.135299 121.2941 4.2165484 150.57436 3.8788614 1.1829178 0.25095153 1.2595975 0.3990834 0.9982517 1.011503 2.0318077 1.11512 2.6782205 1.2578475 18.456984 0.55493706 57.386814 1.6702646 9070.602 6033.825 d036 1.3011283 1.2235208 83.33432 3.5 0 2.53633 1.42 1.0634297 0.05964631 0.9963414 0.002019089 1.5134529 32 20.124754 3.5
97093 106.18286566049976 -11.127601254698307 99.0 99.0 21.152346 0.16868995 18.770563 0.025482066 17.641184 0.010711798 16.697714 0.007821421 99.0 99.0 99.0 99.0 99.0 99.0 99.0 99.0 20.922405 0.28949335 17.913244 0.014791599 16.961143 0.012314096 0 1.9108623 1.06 1.0394702 0.037971437 0.88986444 0.0019336678 1.3607541 53 18.391928 17.838125 0.0127054 17.557621 0.016972618 17.457558 0.022231659 0.727005 0.28188837 7.283169 4.042026 81.83118 4.1642165 209.97954 4.2985206 282.60214 3.9860644 0.22954854 0.24812478 -0.12811807 0.39466938 -0.81225556 1.0093832 -2.0324352 1.1104198 1.8100747 1.2568551 19.59403 0.55656785 76.99994 1.6967708 7922.6523 6689.1753 d036 1.4172643 1.3634487 -12.590729 3.5 0 2.7812116 1.42 1.0394702 0.037971437 0.9310188 0.0040248143 1.7132713 39 20.029564 3.5
101006 106.29572446808864 -11.085599580621109 99.0 99.0 99.0 99.0 19.434456 0.043221083 18.00848 0.013572315 16.880753 0.00873761 99.0 99.0 99.0 99.0 99.0 99.0 99.0 99.0 21.515406 0.4933695 18.408861 0.02025302 16.933826 0.012131713 0 1.9840899 1.06 1.046038 0.04401183 0.9520883 0.0021249305 1.3599206 45 18.700495 18.195354 0.016728947 17.97189 0.024222193 17.909681 0.033219617 -0.28305015 0.27992412 -11.497348 4.032826 27.958801 4.107198 138.46109 4.235381 220.83455 3.9378762 -0.2887714 0.24741197 -0.9459728 0.3947004 0.16810721 1.0099533 -2.643618 1.110507 -1.6734644 1.2528311 11.598263 0.54793334 73.44223 1.6923261 7198.0513 6964.8843 d036 1.3758612 1.315307 30.730999 0.0 0 2.3777213 1.42 1.046038 0.04401183 0.9545639 -0.008442879 1.5432557 15 20.47497 3.5
102323 106.273811643161 -11.071554984018512 99.0 99.0 21.962835 0.34939408 19.128582 0.03403863 17.944859 0.013122422 17.16785 0.01053458 99.0 99.0 99.0 99.0 99.0 99.0 99.0 99.0 20.79562 0.26130202 18.477205 0.021836974 17.333181 0.015660228 0 1.9932073 1.06 1.0286739 0.027874589 0.998903 -0.00010842547 1.1827508 33 18.720573 18.178873 0.01653898 18.019323 0.02524875 17.963009 0.03485082 0.12744251 0.28033918 4.8695045 4.04014 40.947735 4.122045 131.82474 4.2303867 158.98648 3.8895974 -0.18978038 0.24747029 0.107548095 0.39519858 0.3704284 1.0107813 0.6952959 1.112677 1.1703413 1.2557926 6.62516 0.5425923 47.34644 1.6588378 7338.899 7056.685 d036 1.2672592 1.2319349 61.56235 3.5 0 2.497844 1.42 1.0286739 0.027874589 0.95878935 0.00017088241 1.4575757 25 20.303442 3.5
106127 105.942063531712 -11.03069706123387 23.263374 1.2161376 20.070126 0.06791023 18.775902 0.026087303 18.176115 0.015435791 17.67851 0.014922344 21.436983 0.38986355 99.0 99.0 20.835035 0.3383402 20.87485 0.33890066 19.76091 0.109942645 17.941027 0.015958121 17.868645 0.022344157 0 1.7839838 1.06 1.0546488 0.05181706 0.9785613 -0.00096161105 1.1259029 27 18.93906 18.441765 0.020331362 18.360224 0.034009457 18.430704 0.05307775 0.01818087 0.27997395 12.433605 4.0490584 48.7513 4.1294203 85.6877 4.187947 91.14412 3.834119 -0.012597953 0.24741197 -0.47109476 0.3947004 0.2239618 1.0101163 1.3494262 1.1142085 2.7800233 1.2591567 14.257144 0.5508332 23.230831 1.6265684 9470.642 7320.9097 d036 1.2793643 1.2130715 76.261444 3.5 0 2.4694006 1.42 1.0546488 0.05181706 0.9979885 0.0009276712 1.4856412 30 20.00009 3.5
123088 106.32129503211002 -10.850649667372265 21.879538 0.35437405 20.81893 0.13043551 19.197622 0.036550686 18.098982 0.014653915 17.289255 0.011406395 99.0 99.0 21.52184 0.7298701 99.0 99.0 99.0 99.0 20.94243 0.30390117 18.355204 0.020352622 17.481203 0.01726988 0 1.7427753 1.06 1.0101963 0.010093391 0.9786074 -0.0019533616 1.2383316 35 18.654333 18.32583 0.018542126 18.175327 0.028898794 18.103811 0.03953586 0.7918421 0.28210846 0.05787629 4.033219 38.99069 4.1193204 115.79129 4.215385 144.48613 3.877417 -0.07795002 0.24743141 0.15228873 0.39530507 -0.31511113 1.0095419 -0.12452695 1.1105943 -0.861889 1.2529296 9.510091 0.5456863 37.88973 1.646159 7035.0557 8502.946 d036 1.2247537 1.2123919 33.73725 3.5 0 2.9628427 1.42 1.0101963 0.010093391 0.9678282 -0.0005497752 1.463718 26 20.414057 3.5
124769 106.58942411983186 -10.831996306056476 22.113094 0.45588404 20.402845 0.09128138 18.948137 0.03040078 18.368628 0.017712632 18.091232 0.019842515 99.0 99.0 99.0 99.0 20.95229 0.39169788 99.0 99.0 19.96808 0.131056 18.419874 0.021484865 18.208002 0.028252954 0 1.8030014 1.06 1.0321921 0.03118813 0.9911247 -0.0015518884 1.1237344 28 19.170786 18.614721 0.023429342 18.539015 0.03982647 18.47544 0.055281617 1.0281063 0.282794 24.929197 4.0662494 55.400784 4.137449 82.228905 4.1857705 57.363316 3.8075042 0.34236002 0.24856126 -0.04820701 0.39479345 0.5478877 1.0112988 1.7669964 1.1156119 3.6359446 1.2613913 15.124071 0.55189776 18.272268 1.6203002 5311.3306 8625.642 d036 1.2491499 1.2101912 -88.6015 3.5 0 2.5105968 1.42 1.0321921 0.03118813 0.97741634 -0.00021636728 1.4532272 25 20.142494 3.5
130083 106.44458788806672 -10.769788268533365 99.0 99.0 20.615114 0.10991273 18.527138 0.021803627 17.35906 0.009079601 16.545908 0.0071775815 99.0 99.0 99.0 99.0 20.761986 0.3258204 99.0 99.0 20.486643 0.20287111 17.823357 0.014060743 16.638397 0.010266089 0 1.7888879 1.06 1.0358484 0.034607768 0.99958825 -0.00020893115 1.2309958 51 18.147305 17.581383 0.01053943 17.39928 0.014858947 17.300817 0.019372633 -0.2623757 0.27992412 2.4171298 4.035987 97.27492 4.1808205 242.59029 4.3274517 294.67938 3.9957511 0.09464912 0.24771413 -0.030825313 0.3947004 1.9448335 1.0151258 0.86830604 1.1128901 1.6864058 1.2566721 24.167982 0.5615105 94.16263 1.7187287 6242.6523 9032.723 d036 1.37828 1.3305808 43.025608 0.0 0 2.4262254 1.42 1.0358484 0.034607768 0.9892471 5.543949e-05 1.6933073 43 19.896042 3.5
138996 106.31707970973582 -10.670632323372615 99.0 99.0 21.070005 0.16305004 19.1069 0.0340466 17.769783 0.011903983 16.863197 0.008776356 99.0 99.0 99.0 99.0 99.0 99.0 99.0 99.0 99.0 99.0 18.37012 0.020407498 17.091007 0.013592446 0 1.7762624 1.06 1.0637827 0.05995834 0.8640271 -7.1333205e-05 1.259266 45 18.437986 18.001081 0.014393109 17.824865 0.02133886 17.719694 0.028038163 -0.50721604 0.27988014 -0.015576772 4.032192 46.959938 4.1268773 164.93866 4.258358 231.16624 3.9454615 -0.42223865 0.24737309 -0.53648347 0.39463836 -1.3201452 1.0093039 0.17467587 1.1108124 0.8436487 1.2545575 8.338706 0.54427457 64.05827 1.6799942 7063.135 9681.339 d036 1.3494598 1.2685484 79.2687 3.5 0 3.1632578 1.42 1.0637827 0.05995834 0.960373 0.0021710538 1.5627272 28 20.303135 3.5
141428 106.43387479186438 -10.624190724179234 21.801973 0.3357644 21.166386 0.17874567 19.443653 0.04500592 18.292892 0.016822737 17.379347 0.012119564 99.0 99.0 21.704128 0.81377685 99.0 99.0 99.0 99.0 99.0 99.0 18.690353 0.02594783 17.638214 0.019234722 0 1.963575 1.06 1.056226 0.05323291 0.8914707 0.0021237766 1.3501635 34 19.028847 18.477747 0.020873412 18.261253 0.031156208 18.117086 0.039983306 2.7198217 0.28711239 5.3867235 4.037335 39.18698 4.116676 114.38415 4.211286 151.2827 3.880288 0.024855837 0.24733582 1.1145747 0.39863446 -1.372252 1.0088278 -1.734274 1.1098087 -0.6738869 1.2520432 9.720096 0.5455458 39.35939 1.6470058 6311.954 9985.81 d036 1.3177001 1.2475551 34.365837 3.5 0 3.9300702 1.42 1.056226 0.05323291 0.78394467 0.00028623486 1.6510693 29 20.718857 3.5
142143 106.59133004212516 -10.648568022065124 99.0 99.0 20.623072 0.11078013 19.114431 0.03453635 18.571825 0.02056476 18.202055 0.02159351 99.0 99.0 99.0 99.0 99.0 99.0 20.530369 0.25562486 20.416645 0.1903736 18.616543 0.02458166 18.27835 0.0300549 0 1.7406383 1.06 1.1079947 0.097468615 0.9795199 -0.0003590379 1.2090408 21 19.212597 18.817244 0.027593935 18.714365 0.04657622 18.83575 0.07662703 0.42625228 0.28106838 21.034216 4.0599337 41.67897 4.121558 59.006542 4.16344 54.99526 3.8044024 0.06112487 0.24758773 0.71515757 0.39735648 -0.028950738 1.0093832 2.7856832 1.118048 2.2644813 1.257888 13.348219 0.5498027 16.724293 1.6177282 5298.9487 9826.382 d036 1.3235724 1.1945657 41.975048 3.5 0 3.361591 1.42 1.1079947 0.097468615 0.8877437 0.0004614185 1.569579 26 20.282469 3.5
6007 108.55185230027054 -11.964352788752372 99.0 99.0 21.423742 0.1163004 19.311321 0.024983278 18.111713 0.012751706 17.17668 0.010381502 99.0 99.0 99.0 99.0 99.0 99.0 99.0 99.0 20.98499 0.18762293 18.494778 0.01918683 17.270054 0.014185545 0 1.8344839 1.15 1.0071317 0.007081151 0.9816728 0.0010742919 1.1031955 34 18.82247 18.328392 0.015462041 18.227192 0.023931054 18.154503 0.032233965 0.060515992 0.21576351 9.310504 2.141517 48.124416 2.4905925 114.44569 3.3969045 154.60759 3.9268055 -0.27798456 0.18434466 0.2721318 0.30881372 0.70448405 0.69394374 1.4306008 0.74605 2.0045073 0.7869385 10.031657 0.36639714 47.22577 1.5327495 1966.5094 1210.0754 d037 1.2289478 1.2202454 -7.145978 3.5 0 2.0564365 1.29 1.0071317 0.007081151 0.9777449 0.0032153204 1.2743727 23 20.300482 3.5
15058 108.4042740473216 -11.867536524825876 21.873077 0.30364853 20.43802 0.056027327 18.615925 0.01585624 17.521782 0.009264948 16.771715 0.008154594 99.0 99.0 21.406136 0.5061345 21.341965 0.40179086 21.14131 0.3112958 19.928112 0.08467424 17.791216 0.012175271 16.877697 0.011493864 0 1.7691774 1.15 1.0346557 0.03349489 0.9998928 -0.0015177059 1.0955393 42 18.378973 17.801588 0.010596918 17.685272 0.015187298 17.639414 0.020510118 0.26270255 0.21650118 15.424431 2.1566918 79.71276 2.545404 183.92238 3.473545 214.5727 3.9741926 0.11709488 0.18486255 0.52667624 0.31006598 0.45882067 0.692951 1.1728501 0.74505275 3.3102548 0.79171395 18.356058 0.3799458 64.43799 1.5570648 2910.7393 1845.5023 d037 1.2858351 1.2427663 -35.96042 3.5 0 1.9404957 1.29 1.0346557 0.03349489 0.9998469 -0.0042555975 1.135819 30 19.578077 3.5
32312 108.4459146587778 -11.68571034438351 22.017221 0.36733654 20.566023 0.062108647 18.82835 0.017622674 17.806324 0.010765407 17.17492 0.010332603 99.0 99.0 99.0 99.0 21.0826 0.3435376 21.116373 0.3236489 20.455864 0.13001095 17.899801 0.013021347 17.266096 0.014119793 0 1.8375477 1.15 1.0330964 0.032036185 0.983865 -0.0016450335 1.1367307 42 18.514683 18.052948 0.012637274 17.917677 0.018395 17.890032 0.02551966 0.43581006 0.21704912 14.380661 2.153482 65.74412 2.5206716 146.01164 3.4310932 155.53139 3.9266677 0.14138597 0.18490908 -0.03241208 0.30742267 0.91668904 0.69468474 -0.5572153 0.7400011 3.5854328 0.79246306 16.287548 0.37652913 45.954136 1.5306158 2642.165 3035.3435 d037 1.2856148 1.2444286 -82.516464 3.5 0 1.9892098 1.29 1.0330964 0.032036185 0.98904204 -0.0032407895 1.233567 34 19.690487 3.5
