Ha-emitters-disk-iteractive/Halpha-disk_splus_175r185-Mine_PerField.ecsv
# %ECSV 1.0
# ---
# datatype:
# - {name: NUMBER, datatype: int64}
# - {name: ALPHA, datatype: float64}
# - {name: DELTA, datatype: float64}
# - {name: u, datatype: float64}
# - {name: uerr, datatype: float64}
# - {name: g, datatype: float64}
# - {name: gerr, datatype: float64}
# - {name: r, datatype: float64}
# - {name: rerr, datatype: float64}
# - {name: i, datatype: float64}
# - {name: ierr, datatype: float64}
# - {name: z, datatype: float64}
# - {name: zerr, datatype: float64}
# - {name: F378, datatype: float64}
# - {name: F378err, datatype: float64}
# - {name: F395, datatype: float64}
# - {name: F395err, datatype: float64}
# - {name: F410, datatype: float64}
# - {name: F410err, datatype: float64}
# - {name: F430, datatype: float64}
# - {name: F430err, datatype: float64}
# - {name: F515, datatype: float64}
# - {name: F515err, datatype: float64}
# - {name: F660, datatype: float64}
# - {name: F660err, datatype: float64}
# - {name: F861, datatype: float64}
# - {name: F861err, datatype: float64}
# - {name: flags_i, datatype: int64}
# - {name: fwhm_i, datatype: float64}
# - {name: fwhm_psf_i, datatype: float64}
# - {name: ellog_i, datatype: float64}
# - {name: ellip_i, datatype: float64}
# - {name: class_i, datatype: float64}
# - {name: spread_i, datatype: float64}
# - {name: flux_radius_i, datatype: float64}
# - {name: area_i, datatype: int64}
# - {name: mumax_i, datatype: float64}
# - {name: mag_aper2_i, datatype: float64}
# - {name: magerr_apper2_i, datatype: float64}
# - {name: mag_aper4_i, datatype: float64}
# - {name: magerr_apper4_i, datatype: float64}
# - {name: mag_aper6_i, datatype: float64}
# - {name: magerr_apper6_i, datatype: float64}
# - {name: flux_aper6_u, datatype: float64}
# - {name: fluxerr_aper6_u, datatype: float64}
# - {name: flux_aper6_g, datatype: float64}
# - {name: fluxerr_aper6_g, datatype: float64}
# - {name: flux_aper6_r, datatype: float64}
# - {name: fluxerr_aper6_r, datatype: float64}
# - {name: flux_aper6_i, datatype: float64}
# - {name: fluxerr_aper6_i, datatype: float64}
# - {name: flux_aper6_z, datatype: float64}
# - {name: fluxerr_aper6_z, datatype: float64}
# - {name: flux_aper6_F378, datatype: float64}
# - {name: fluxerr_aper6_F378, datatype: float64}
# - {name: flux_aper6_F395, datatype: float64}
# - {name: fluxerr_aper6_F395, datatype: float64}
# - {name: flux_aper6_F410, datatype: float64}
# - {name: fluxerr_aper6_F410, datatype: float64}
# - {name: flux_aper6_F430, datatype: float64}
# - {name: fluxerr_aper6_F430, datatype: float64}
# - {name: flux_aper6_F515, datatype: float64}
# - {name: fluxerr_aper6_F515, datatype: float64}
# - {name: flux_aper6_F660, datatype: float64}
# - {name: fluxerr_aper6_F660, datatype: float64}
# - {name: flux_aper6_F861, datatype: float64}
# - {name: fluxerr_aper6_F861, datatype: float64}
# - {name: x, datatype: float64}
# - {name: y, datatype: float64}
# - {name: field, datatype: string}
# - {name: a_image, datatype: float64}
# - {name: b_image, datatype: float64}
# - {name: theta_image, datatype: float64}
# - {name: kron_radius_i, datatype: float64}
# - {name: flags_r, datatype: int64}
# - {name: fwhm_r, datatype: float64}
# - {name: fwhm_psf_r, datatype: float64}
# - {name: ellog_r, datatype: float64}
# - {name: ellip_r, datatype: float64}
# - {name: class_r, datatype: float64}
# - {name: spread_r, datatype: float64}
# - {name: flux_radius_r, datatype: float64}
# - {name: area_r, datatype: int64}
# - {name: mumax_r, datatype: float64}
# - {name: kron_radius_r, datatype: float64}
# schema: astropy-2.0
NUMBER ALPHA DELTA u uerr g gerr r rerr i ierr z zerr F378 F378err F395 F395err F410 F410err F430 F430err F515 F515err F660 F660err F861 F861err flags_i fwhm_i fwhm_psf_i ellog_i ellip_i class_i spread_i flux_radius_i area_i mumax_i mag_aper2_i magerr_apper2_i mag_aper4_i magerr_apper4_i mag_aper6_i magerr_apper6_i flux_aper6_u fluxerr_aper6_u flux_aper6_g fluxerr_aper6_g flux_aper6_r fluxerr_aper6_r flux_aper6_i fluxerr_aper6_i flux_aper6_z fluxerr_aper6_z flux_aper6_F378 fluxerr_aper6_F378 flux_aper6_F395 fluxerr_aper6_F395 flux_aper6_F410 fluxerr_aper6_F410 flux_aper6_F430 fluxerr_aper6_F430 flux_aper6_F515 fluxerr_aper6_F515 flux_aper6_F660 fluxerr_aper6_F660 flux_aper6_F861 fluxerr_aper6_F861 x y field a_image b_image theta_image kron_radius_i flags_r fwhm_r fwhm_psf_r ellog_r ellip_r class_r spread_r flux_radius_r area_r mumax_r kron_radius_r
[from data line 195]
41623 104.62845820889152 -25.41986914268601 18.40832 0.04071201 18.253328 0.029613134 17.577692 0.012707334 17.264208 0.009658119 17.139008 0.0122073125 19.19114 0.13000545 99.0 99.0 18.747057 0.13374309 18.491518 0.10062831 18.12674 0.04885302 17.198858 0.011745233 17.159266 0.016599158 0 2.1095371 1.31 1.1412047 0.123732984 0.9337964 -0.00025923148 1.3886573 57 18.136206 17.489954 0.011491325 17.335602 0.01753348 17.31772 0.025001533 27.027287 0.70401525 106.0608 8.038801 237.76056 6.541425 248.72058 5.725963 182.35178 4.8322473 1.4347678 0.51798004 -0.9700977 0.72900546 9.960421 2.0333922 4.850154 2.1540956 11.133695 2.2717369 31.579659 0.7742617 62.849762 2.1150644 4242.034 4715.958 d187 1.6119466 1.4124956 18.261213 3.5 0 2.6901166 1.48 1.1412047 0.123732984 0.966595 0.0018221497 1.5847186 57 18.828865 3.5
86600 104.38157560872637 -24.79827217585446 20.439526 0.24575524 18.861635 0.051795308 18.273869 0.022901643 17.981932 0.01693979 17.89773 0.022897534 19.736258 0.21277635 19.867014 0.3879826 19.066126 0.1826694 19.965069 0.38752413 18.63945 0.0788309 17.940317 0.021120826 17.940208 0.031132044 0 2.5878448 1.31 1.0819966 0.0757826 0.99199665 0.0016308841 1.5240648 35 19.261526 18.20015 0.020293757 18.068436 0.033398945 18.039087 0.04789972 2.3425493 0.6765048 72.11378 8.0159 108.55419 6.454402 127.9867 5.645053 88.33295 4.7711306 1.2200657 0.51761156 0.5071696 0.7299721 4.940369 2.025954 4.173943 2.1529706 8.96151 2.268832 16.282566 0.7622673 24.075254 2.0746326 5702.5854 8785.656 d187 1.4502702 1.3403649 0.8151235 3.5 0 2.8917186 1.48 1.0819966 0.0757826 0.98862094 -0.0004625633 1.6615328 34 19.693594 3.5
94683 104.30084571261024 -24.688643220294427 20.745436 0.32086238 19.177156 0.06847023 18.463833 0.026851116 18.224266 0.020726545 18.202847 0.029766921 19.927254 0.24778205 99.0 99.0 19.645708 0.3083218 19.252956 0.2027257 18.750587 0.08652488 17.956278 0.02188482 18.173952 0.03803067 0 2.6333647 1.31 1.0600946 0.05668795 0.8797451 0.0010249314 1.4345545 31 19.371622 18.466595 0.025437478 18.330309 0.04221506 18.124872 0.05179369 0.7742521 0.674934 28.244062 7.9895124 121.32125 6.464985 118.263535 5.640244 73.760635 4.7631116 2.2349515 0.51932186 1.2977604 0.7317939 1.44657 2.0215054 7.8383937 2.1588228 13.683599 2.2754636 25.938263 0.7700532 24.584078 2.0758026 6182.9077 9503.035 d187 1.3429015 1.2667751 28.800488 3.5 0 2.9607315 1.48 1.0600946 0.05668795 0.78668505 0.0009119623 1.5970135 33 19.851719 3.5
97741 104.02369833920108 -24.639830589842205 19.899082 0.14550221 18.286201 0.031642634 17.737543 0.015052509 17.513819 0.01209688 17.396252 0.01571725 19.025614 0.10903633 19.228716 0.20053273 18.541197 0.11139701 18.712723 0.12252804 18.15341 0.052232936 17.00625 0.010564635 17.448479 0.021518713 0 2.4941602 1.31 1.101358 0.09203005 0.87605274 0.0007478506 1.6020995 45 18.68745 17.760962 0.014205487 17.528723 0.020726427 17.429153 0.02760957 2.8004558 0.6766551 122.14174 8.044372 201.61038 6.5134015 224.45969 5.706478 139.97101 4.802049 1.884785 0.51834446 2.8735123 0.7343329 6.168071 2.0266306 5.484261 2.1536467 15.679526 2.276028 46.799034 0.7855082 45.90617 2.0963018 7832.1963 9819.536 d187 1.5261488 1.3856972 27.417234 3.5 0 2.8162124 1.48 1.101358 0.09203005 0.97483176 -0.0006791828 1.6894335 45 19.080997 3.5
11846 105.4389528990148 -25.877500548330936 21.45668 0.66764975 19.33059 0.075005576 18.109531 0.020981472 17.59279 0.014561395 17.310244 0.015538756 19.93432 0.26661834 20.021187 0.40929416 20.984226 0.97244096 19.854038 0.32325667 19.393425 0.14812468 17.73873 0.018277695 17.36601 0.021587756 0 1.9866495 1.13 1.029948 0.029077172 0.978766 -0.00015517106 1.2782255 36 18.357548 17.808346 0.016635178 17.669624 0.024078839 17.633587 0.03307765 0.44337606 0.3571928 16.043291 3.535307 56.60516 2.8985255 82.97848 2.5273786 62.308853 2.0912118 0.6959877 0.26961145 0.7042567 0.38350812 0.37260267 0.9924761 -1.0105544 1.0259517 2.2755241 1.0467083 8.776911 0.33963782 19.105461 0.9042369 8651.844 1715.0063 d188 1.2959443 1.2582619 -34.07626 3.5 0 1.8874252 1.19 1.029948 0.029077172 0.98047435 -0.0016235779 1.3053616 30 18.882797 3.5
50163 106.65940119856523 -25.459512834355984 18.415 0.0504045 17.970076 0.025657095 17.660137 0.01561865 17.565298 0.014259883 17.608055 0.018594194 18.002354 0.054914303 18.063795 0.083121814 18.125202 0.085193455 17.986982 0.069513746 17.985949 0.04991413 17.491663 0.01577045 17.621521 0.024924895 0 1.8328457 1.13 1.0184582 0.018123686 0.9811959 -0.0011646058 1.2461085 37 18.194046 17.783997 0.016400171 17.65929 0.02389303 17.595142 0.0320037 2.9825191 0.36286858 60.579468 3.6034122 83.67502 2.9407272 85.96922 2.533456 48.44758 2.0718706 2.6026304 0.27533767 1.426565 0.38653773 4.5553384 1.0055422 5.701984 1.043492 8.249566 1.0635614 10.30405 0.34253827 15.513676 0.89611655 1449.8988 4447.059 d188 1.3039575 1.2803249 -54.60583 3.5 0 2.0037768 1.19 1.0184582 0.018123686 0.97836804 0.0003221048 1.2714231 32 18.445297 3.5
61949 105.57552327649168 -25.33815628214997 19.988743 0.18898232 18.89629 0.05310177 18.338337 0.025005404 18.105255 0.02043632 18.059824 0.025409464 20.045498 0.30306554 19.007538 0.17744537 19.010904 0.17899609 19.032896 0.163734 18.678654 0.0853318 17.981125 0.021912226 18.147556 0.035597328 0 2.0990047 1.13 1.0946099 0.08643246 0.98821294 0.00030177753 1.3194437 29 18.91975 18.308443 0.024080133 18.140003 0.035852276 17.983095 0.04502497 0.46172753 0.35728824 26.147144 3.5508611 49.054996 2.8876166 60.13978 2.4933624 31.111822 2.044627 0.74602014 0.26980007 0.90302336 0.38433006 2.7531464 0.999692 3.2016766 1.0355932 5.2777805 1.0550078 9.0695095 0.34020215 10.728314 0.88394207 7857.9766 5248.302 d188 1.3035688 1.1908982 20.36951 3.5 0 2.095976 1.19 1.0946099 0.08643246 0.9771055 -0.0007578726 1.3871868 30 19.260042 3.5
65434 105.9519651432324 -25.301960045924822 20.702805 0.36995313 18.676464 0.044261113 18.10258 0.021098724 17.812136 0.016732436 17.683365 0.019466866 19.442175 0.18207003 19.164267 0.20720805 18.95353 0.17163336 19.18169 0.18903552 18.632956 0.08232772 17.681961 0.018834714 17.782751 0.027577715 0 1.9578034 1.13 1.0463408 0.044288456 0.98085374 -0.00015906396 1.3025765 35 18.56069 18.030535 0.01957389 17.855103 0.02814001 17.818531 0.038934607 0.015552633 0.35643816 29.863697 3.5574553 64.09031 2.9110065 69.982124 2.5089564 46.4406 2.068403 1.2261893 0.27128854 0.97379726 0.38471976 2.8495345 1.000286 0.93269706 1.0292056 4.874866 1.0542426 8.733916 0.3397076 16.006426 0.8971213 5631.045 5488.72 d188 1.3167068 1.2583919 47.84291 3.5 0 2.0752559 1.19 1.0463408 0.044288456 0.9695707 1.7993289e-05 1.3849897 32 19.023785 3.5
72590 105.26371348470414 -25.227553063140547 19.59641 0.14007199 18.879179 0.05331533 18.38969 0.026608383 18.209736 0.022260886 18.014517 0.024829077 99.0 99.0 99.0 99.0 19.88976 0.39468685 19.587994 0.2736045 18.987991 0.1114712 18.087969 0.023598757 18.053324 0.033836473 0 2.0460026 1.13 1.0469046 0.044803083 0.9945413 -0.000663933 1.1384643 32 19.080635 18.453241 0.026955744 18.479548 0.048169047 18.647015 0.081645 7.979024 0.3733659 76.82755 3.6275976 105.47057 2.9731736 32.628258 2.4529781 25.491638 2.037451 1.1477826 0.27116346 1.379944 0.3864191 0.41283005 0.99345213 5.189913 1.0421519 3.9930375 1.0522622 18.465097 0.3565753 5.917746 0.8725942 9706.535 5964.6465 d188 1.2811638 1.2237637 2.0546174 3.5 0 2.5365653 1.19 1.0469046 0.044803083 0.96673214 0.007561645 1.5301479 35 19.493921 3.5
98984 105.94633418199868 -24.958769178816357 18.36871 0.051085576 18.169329 0.030607844 17.842943 0.01800676 17.72309 0.016014213 17.688051 0.019760301 18.092182 0.060839754 18.009762 0.08245498 18.218006 0.095464356 18.20292 0.08561953 18.094933 0.055457227 17.601715 0.017266681 17.70171 0.026423786 0 2.1154075 1.13 1.0429262 0.04115939 0.9788922 -3.3038625e-05 1.2885792 36 18.587664 17.95469 0.018510584 17.81985 0.027303698 17.781075 0.037677813 3.9573045 0.36492956 52.52968 3.5916371 72.477455 2.9241362 72.43863 2.5131943 46.50603 2.068956 2.7308884 0.27570623 2.5622368 0.39084098 5.1228304 1.0072082 5.075015 1.0416564 9.946675 1.0680968 10.864119 0.34351662 17.70311 0.90142673 5664.83 7735.081 d188 1.3399863 1.2848333 34.14212 3.5 0 2.198193 1.19 1.0429262 0.04115939 0.9764007 -0.00041873354 1.3456717 33 18.811874 3.5
14635 108.4303192527816 -25.862311230954955 99.0 99.0 19.57953 0.109855674 18.488422 0.031435646 17.998672 0.020608613 17.648308 0.021025455 20.75009 0.55713683 99.0 99.0 99.0 99.0 19.782408 0.35509348 19.023176 0.122183904 18.048178 0.02437178 17.467274 0.022782302 0 2.973662 1.46 1.1249819 0.1110968 0.93788886 -0.000110328874 1.5931098 33 19.442379 18.265947 0.024598194 18.100588 0.04004468 18.019478 0.0551024 2.4343026 0.9095162 16.938301 8.637305 82.87896 7.4201126 128.29492 6.509538 100.30801 5.379565 0.011022697 0.5550541 -0.34261528 0.7758768 -0.9352093 2.6108396 4.770277 2.27844 11.248746 2.4758842 12.880406 0.8760252 37.44007 2.3858163 9391.616 1811.0746 d190 1.4585019 1.2964671 -24.565084 3.5 0 3.0735602 1.56 1.1249819 0.1110968 0.96095484 -0.0005763512 1.6195866 31 19.95803 3.5
22084 109.1130254339964 -25.790753924389737 20.421965 0.32973737 19.287144 0.078907974 18.350765 0.026869064 17.79937 0.016745238 17.507687 0.017892497 19.717255 0.21199155 19.953741 0.36540437 19.856813 0.39950657 19.636456 0.28574577 19.351622 0.1555978 17.603977 0.016663084 17.564371 0.023514224 0 2.7573586 1.46 1.0064776 0.0064359307 0.98076725 0.00048391675 1.4861685 32 19.018658 18.039373 0.020344762 17.900806 0.03350515 17.748375 0.043082807 1.5921308 0.90880555 22.717684 8.64422 116.65005 7.44275 164.68358 6.533178 113.458786 5.389228 1.9656405 0.5580516 1.6234453 0.7792611 3.1818688 2.6172373 3.9174104 2.2781894 10.027263 2.4754372 19.326616 0.8807695 40.599358 2.3896024 5370.154 2289.2637 d190 1.3279111 1.3193648 -43.88993 3.5 0 2.6277347 1.56 1.0064776 0.0064359307 0.97897 -0.0013050215 1.5212004 28 19.645905 3.5
38248 109.12042171630696 -25.634917085722805 99.0 99.0 19.048368 0.06372059 18.334705 0.026474036 18.17197 0.022394607 18.002966 0.026449796 19.502522 0.17307909 20.181215 0.7027464 18.816313 0.15808313 18.929384 0.15120026 18.862276 0.101188324 18.048565 0.023025028 18.041693 0.03382986 0 2.5064976 1.46 1.0681169 0.06377286 0.98448163 -0.0022257026 1.4827591 24 19.378141 18.442215 0.028690072 18.219954 0.04465725 18.178131 0.06366779 2.5165284 0.90954924 29.306608 8.644183 110.0341 7.4354377 110.85321 6.498876 75.440475 5.3647532 2.3307662 0.5583091 0.8499949 0.7774304 12.743441 2.6320934 4.338325 2.277684 7.2387266 2.471059 16.658092 0.8785443 26.432 2.375582 5326.3384 3309.3315 d190 1.3159652 1.2320423 59.427742 3.5 0 2.7402294 1.56 1.0681169 0.06377286 0.975658 -0.0011233053 1.5530663 23 19.696756 3.5
79338 109.4695335221016 -25.23462562973689 99.0 99.0 19.204243 0.07363785 18.38026 0.027626548 17.9253 0.018143725 17.681078 0.019985579 20.337162 0.43717718 99.0 99.0 99.0 99.0 19.610771 0.28893748 19.011354 0.11591177 17.013908 0.010836193 17.779776 0.027070206 0 2.5049944 1.46 1.0418755 0.040192425 0.980464 -0.00051067467 1.5062134 30 19.071516 18.164871 0.022676788 17.93334 0.034524787 17.851442 0.04730657 1.0858942 0.90809333 49.7038 8.660007 117.68009 7.442778 149.76964 6.5240226 106.17078 5.384607 0.5685171 0.55602276 1.5555433 0.7790718 0.35304987 2.6122568 6.825627 2.2818992 9.634893 2.4747918 42.16665 0.896144 31.805212 2.3814065 3258.7085 5926.3076 d190 1.2847519 1.2331146 -42.313248 3.5 0 2.641153 1.56 1.0418755 0.040192425 0.97175014 -0.0015931573 1.584492 26 19.686844 3.5
83686 109.11401146628069 -25.194565158462527 99.0 99.0 19.555948 0.101659045 18.407362 0.028605036 17.963955 0.018963005 17.71504 0.020813294 99.0 99.0 99.0 99.0 99.0 99.0 99.0 99.0 19.63976 0.20653267 17.954206 0.021754548 17.802576 0.027998053 0 2.52946 1.46 1.0055875 0.0055564046 0.9775299 0.0009089612 1.491595 33 19.242292 18.203758 0.023383623 18.009436 0.036945023 17.80597 0.045378238 -1.6666055 0.9064315 27.41939 8.643708 123.21665 7.4437184 156.17535 6.5257483 127.96619 5.395532 -1.1767393 0.5550384 0.7207489 0.777246 -1.8792859 2.6108396 4.9594097 2.278693 3.983537 2.4674852 17.317852 0.8790625 31.374037 2.3802826 5363.6704 6191.6685 d190 1.3131415 1.3058451 -68.9955 3.5 0 2.780531 1.56 1.0055875 0.0055564046 0.97921014 -0.00034755262 1.54998 30 19.825611 3.5
84532 109.6846043465884 -25.185494461341776 99.0 99.0 99.0 99.0 18.300007 0.0259085 17.85935 0.017291183 17.662115 0.019688066 99.0 99.0 99.0 99.0 99.0 99.0 99.0 99.0 19.298191 0.14944352 17.755148 0.018444998 17.698544 0.025478322 0 2.3481562 1.46 1.0118475 0.011708796 0.981365 -0.0019768726 1.4559664 32 18.972572 18.117262 0.021689186 17.911924 0.033800855 17.839304 0.046762675 -1.6541197 0.90621775 33.083496 8.645137 96.81037 7.426549 151.45325 6.5215087 105.98396 5.381605 0.22817318 0.5552329 -1.3727858 0.77569383 -5.770507 2.610224 -0.99169743 2.271514 5.8830137 2.4691048 17.486792 0.87897617 35.493084 2.3834946 1983.8204 6243.299 d190 1.2955525 1.2803831 65.20919 3.5 0 2.6229427 1.56 1.0118475 0.011708796 0.9960049 -0.002453191 1.5415126 24 19.6276 3.5
107926 109.68236953132843 -24.96859825288075 17.372652 0.036809172 99.0 99.0 18.46219 0.030733071 18.468832 0.028919047 17.75612 0.021553267 19.510378 0.19301061 99.0 99.0 99.0 99.0 99.0 99.0 99.0 99.0 18.016039 0.022848893 18.097063 0.03678581 0 3.0568655 1.46 1.2463375 0.19764912 0.9685898 0.004324434 1.3668165 18 19.794935 18.64448 0.034109708 18.077175 0.039203763 17.273727 0.02803307 96.87952 1.0219065 -217.44997 8.625591 849.67993 7.8556323 254.982 6.581886 194.20618 5.4327626 22.592016 0.58629006 17.078596 0.80757993 51.907917 2.6967762 86.45036 2.3848646 22.351019 2.4882815 118.83609 0.9457625 42.047108 2.3896465 1990.795 7663.113 d190 1.0993661 0.88207734 -3.8212793 3.5 0 5.8697414 1.56 1.2463375 0.19764912 0.94735837 -0.015796646 1.8478538 18 20.231733 3.5
108793 109.660021833555 -24.959339796721785 18.606258 0.06766174 18.056787 0.028036527 17.769094 0.017204275 17.4412 0.012720309 17.4202 0.016270544 99.0 99.0 99.0 99.0 99.0 99.0 18.943342 0.15731288 17.932236 0.04674632 17.302622 0.0130966455 17.477247 0.021615366 0 2.7961965 1.46 1.2271566 0.18510813 0.9621352 0.009210331 1.7785549 48 18.726652 17.622663 0.014405295 17.099894 0.016499676 16.682362 0.016520647 19.742283 0.9310153 534.35693 8.94661 335.79758 7.5657773 439.59796 6.687332 195.25107 5.433361 -7.2482886 0.55495113 0.49312106 0.77669203 -9.235268 2.6104293 25.364832 2.3054736 69.7728 2.542156 115.3336 0.9435355 61.556408 2.4073288 2123.1548 7724.2847 d190 1.565971 1.276097 49.628414 3.5 0 4.863344 1.56 1.2271566 0.18510813 0.961848 0.008751548 1.7464695 48 19.18091 3.5
