Ha-emitters-disk-iteractive/Halpha-disk_splus_13r16-Mine_PerField.ecsv
# %ECSV 1.0
# ---
# datatype:
# - {name: NUMBER, datatype: int64}
# - {name: ALPHA, datatype: float64}
# - {name: DELTA, datatype: float64}
# - {name: u, datatype: float64}
# - {name: uerr, datatype: float64}
# - {name: g, datatype: float64}
# - {name: gerr, datatype: float64}
# - {name: r, datatype: float64}
# - {name: rerr, datatype: float64}
# - {name: i, datatype: float64}
# - {name: ierr, datatype: float64}
# - {name: z, datatype: float64}
# - {name: zerr, datatype: float64}
# - {name: F378, datatype: float64}
# - {name: F378err, datatype: float64}
# - {name: F395, datatype: float64}
# - {name: F395err, datatype: float64}
# - {name: F410, datatype: float64}
# - {name: F410err, datatype: float64}
# - {name: F430, datatype: float64}
# - {name: F430err, datatype: float64}
# - {name: F515, datatype: float64}
# - {name: F515err, datatype: float64}
# - {name: F660, datatype: float64}
# - {name: F660err, datatype: float64}
# - {name: F861, datatype: float64}
# - {name: F861err, datatype: float64}
# - {name: flags_i, datatype: int64}
# - {name: fwhm_i, datatype: float64}
# - {name: fwhm_psf_i, datatype: float64}
# - {name: ellog_i, datatype: float64}
# - {name: ellip_i, datatype: float64}
# - {name: class_i, datatype: float64}
# - {name: spread_i, datatype: float64}
# - {name: flux_radius_i, datatype: float64}
# - {name: area_i, datatype: int64}
# - {name: mumax_i, datatype: float64}
# - {name: mag_aper2_i, datatype: float64}
# - {name: magerr_apper2_i, datatype: float64}
# - {name: mag_aper4_i, datatype: float64}
# - {name: magerr_apper4_i, datatype: float64}
# - {name: mag_aper6_i, datatype: float64}
# - {name: magerr_apper6_i, datatype: float64}
# - {name: flux_aper6_u, datatype: float64}
# - {name: fluxerr_aper6_u, datatype: float64}
# - {name: flux_aper6_g, datatype: float64}
# - {name: fluxerr_aper6_g, datatype: float64}
# - {name: flux_aper6_r, datatype: float64}
# - {name: fluxerr_aper6_r, datatype: float64}
# - {name: flux_aper6_i, datatype: float64}
# - {name: fluxerr_aper6_i, datatype: float64}
# - {name: flux_aper6_z, datatype: float64}
# - {name: fluxerr_aper6_z, datatype: float64}
# - {name: flux_aper6_F378, datatype: float64}
# - {name: fluxerr_aper6_F378, datatype: float64}
# - {name: flux_aper6_F395, datatype: float64}
# - {name: fluxerr_aper6_F395, datatype: float64}
# - {name: flux_aper6_F410, datatype: float64}
# - {name: fluxerr_aper6_F410, datatype: float64}
# - {name: flux_aper6_F430, datatype: float64}
# - {name: fluxerr_aper6_F430, datatype: float64}
# - {name: flux_aper6_F515, datatype: float64}
# - {name: fluxerr_aper6_F515, datatype: float64}
# - {name: flux_aper6_F660, datatype: float64}
# - {name: fluxerr_aper6_F660, datatype: float64}
# - {name: flux_aper6_F861, datatype: float64}
# - {name: fluxerr_aper6_F861, datatype: float64}
# - {name: x, datatype: float64}
# - {name: y, datatype: float64}
# - {name: field, datatype: string}
# - {name: a_image, datatype: float64}
# - {name: b_image, datatype: float64}
# - {name: theta_image, datatype: float64}
# - {name: kron_radius_i, datatype: float64}
# - {name: flags_r, datatype: int64}
# - {name: fwhm_r, datatype: float64}
# - {name: fwhm_psf_r, datatype: float64}
# - {name: ellog_r, datatype: float64}
# - {name: ellip_r, datatype: float64}
# - {name: class_r, datatype: float64}
# - {name: spread_r, datatype: float64}
# - {name: flux_radius_r, datatype: float64}
# - {name: area_r, datatype: int64}
# - {name: mumax_r, datatype: float64}
# - {name: kron_radius_r, datatype: float64}
# schema: astropy-2.0
NUMBER ALPHA DELTA u uerr g gerr r rerr i ierr z zerr F378 F378err F395 F395err F410 F410err F430 F430err F515 F515err F660 F660err F861 F861err flags_i fwhm_i fwhm_psf_i ellog_i ellip_i class_i spread_i flux_radius_i area_i mumax_i mag_aper2_i magerr_apper2_i mag_aper4_i magerr_apper4_i mag_aper6_i magerr_apper6_i flux_aper6_u fluxerr_aper6_u flux_aper6_g fluxerr_aper6_g flux_aper6_r fluxerr_aper6_r flux_aper6_i fluxerr_aper6_i flux_aper6_z fluxerr_aper6_z flux_aper6_F378 fluxerr_aper6_F378 flux_aper6_F395 fluxerr_aper6_F395 flux_aper6_F410 fluxerr_aper6_F410 flux_aper6_F430 fluxerr_aper6_F430 flux_aper6_F515 fluxerr_aper6_F515 flux_aper6_F660 fluxerr_aper6_F660 flux_aper6_F861 fluxerr_aper6_F861 x y field a_image b_image theta_image kron_radius_i flags_r fwhm_r fwhm_psf_r ellog_r ellip_r class_r spread_r flux_radius_r area_r mumax_r kron_radius_r
[from data line 678]
150546 127.83922519958908 -31.9295442021041 16.011307 0.005249596 13.703724 0.0012718848 13.036347 0.00086226146 12.970621 0.00088536507 12.808284 0.0009908394 15.709117 0.00665753 15.249414 0.0076246653 14.642655 0.0047390615 14.341876 0.0038472065 13.519943 0.0022296025 12.9354 0.0009599174 12.516989 0.0012098347 0 2.9823306 1.12 1.0647616 0.060822666 0.9984525 0.021174127 1.4892468 424 14.153111 12.999787 0.00083644013 12.848872 0.00079865725 12.790773 0.00080532255 93.1561 0.56623805 9054.733 10.762947 16599.273 12.696433 15735.874 11.668926 10630.528 9.166616 58.19894 0.4311027 80.77526 0.6570254 398.3448 1.9291224 600.27246 2.289499 1584.0634 3.280675 1826.0504 1.5529053 3970.9072 4.4504294 4960.0356 7461.072 d280 1.8769262 1.7627665 23.109486 3.5 0 2.9078262 1.24 1.0647616 0.060822666 0.9955183 0.009795667 1.5582794 422 14.340081 3.5
182463 127.23545793933866 -31.697780036646904 17.602295 0.013078162 14.178349 0.0016034922 13.010846 0.000851911 12.823807 0.0008244468 12.597456 0.0008920358 17.185255 0.015307877 16.785706 0.017765699 15.790679 0.008752436 15.296969 0.0062914654 13.873057 0.0026457284 12.859922 0.0009307095 12.155589 0.0010270956 0 3.5256183 1.12 1.1057816 0.095662236 0.9978411 0.028927991 1.6965892 465 14.148829 12.737734 0.0007398379 12.564385 0.00069543836 12.502463 0.00069463835 21.386927 0.45882192 5831.0347 9.047025 17172.117 12.891022 20521.771 13.126344 15775.661 10.768535 14.883351 0.34269115 19.449125 0.50081575 136.99352 1.477005 251.48743 1.764844 1143.6743 2.8730168 2000.9348 1.6189351 5930.9365 5.3211384 8321.276 8971.847 d280 1.9903445 1.7999437 70.142586 3.5 0 3.050016 1.24 1.1057816 0.095662236 0.99964637 0.011500689 1.6170716 463 14.366913 3.5
187634 127.74930398697973 -31.664240534676395 16.438417 0.0066502513 13.875578 0.0013823766 13.026924 0.00085999555 12.872075 0.0008443366 12.52727 0.0009841318 16.091932 0.008188907 15.660128 0.00948418 14.95065 0.005565188 14.635635 0.004465672 13.621753 0.002342731 12.838906 0.0010220312 12.38056 0.0011401392 0 2.911855 1.12 1.1106834 0.09965342 0.99488854 0.0176842 1.5621188 415 14.16645 12.914752 0.00080372253 12.7483425 0.00076038286 12.684802 0.000762404 62.00887 0.52232534 7727.5366 10.091804 16515.557 12.667625 17349.197 12.179647 12190.645 9.680295 41.26572 0.39886883 54.772106 0.5957979 301.68936 1.7753453 461.09546 2.0959148 1444.1022 3.1567984 1848.6177 1.5615729 4625.0874 4.758755 5459.4473 9197.948 d280 1.939664 1.7463698 19.410631 3.5 0 2.9109683 1.24 1.1106834 0.09965342 0.99967223 0.00815155 1.6115696 415 14.348428 3.5
29317 105.06350665420918 -33.754119223555406 17.757696 0.023195516 15.792278 0.004562012 15.046204 0.0024421231 14.677398 0.00202138 14.5096035 0.00225396 17.411194 0.025654498 17.11801 0.028299408 16.52212 0.018150374 16.329762 0.018460786 15.630799 0.007634916 14.8342905 0.0025077101 14.479556 0.0031187255 0 2.7637882 1.58 1.0966874 0.08816314 0.98426276 0.0007195592 1.7460898 190 16.105392 14.967183 0.0021455057 14.73987 0.0021424633 14.680226 0.0023815506 14.782042 0.53748596 1084.4736 6.5566936 2427.5535 6.5367303 2815.2039 6.1736193 1966.835 5.0785546 9.951793 0.41125265 13.219894 0.58995575 52.16062 1.5841352 77.148834 2.092679 191.39207 1.9389054 297.0948 0.7925966 694.0653 2.353664 4005.1448 4549.4478 d282 1.9788079 1.80435 -81.86401 3.5 0 4.0956845 2.31 1.0966874 0.08816314 0.9844081 0.00052787084 2.2037802 191 17.00739 3.5
36323 105.108826485917 -33.61993843564412 17.91361 0.026400993 16.254929 0.0061109173 15.71343 0.0035694144 15.442592 0.0030428153 15.331077 0.003546505 17.448177 0.026479933 17.243713 0.031121649 16.828442 0.022643628 16.68178 0.023564711 16.129337 0.010322373 15.519731 0.0036470608 15.254084 0.0047390293 0 2.7871885 1.58 1.1009686 0.09170884 0.98543245 0.0002864545 1.7158422 141 16.831488 15.732695 0.0032081292 15.507375 0.0034473843 15.446994 0.0040842 13.034026 0.534692 714.6422 6.247603 1306.1346 5.7329755 1389.3212 5.224922 913.3084 4.3843927 9.777795 0.41071022 11.810028 0.58612067 41.85921 1.5640254 55.36274 2.0431392 122.540115 1.8337342 158.45096 0.67895603 338.05157 1.9943323 3755.79 5427.0176 d282 1.9271396 1.7504039 -84.626175 3.5 0 4.201587 2.31 1.1009686 0.09170884 0.98435175 0.0004912335 2.2182553 141 17.682535 3.5
27171 106.77349715179052 -33.88644207691972 17.53841 0.022631269 16.427061 0.0063077523 15.985035 0.0040049613 15.789106 0.0037089575 15.712062 0.0046112696 17.083933 0.023563279 16.938507 0.023639347 16.687525 0.01971537 16.67381 0.019456996 16.25691 0.01129138 15.844954 0.0044012708 15.558606 0.005914138 0 2.8261013 1.67 1.0174061 0.017108321 0.982194 0.00034969643 1.8138539 132 17.323975 16.124258 0.0039450005 15.858392 0.004286539 15.791901 0.0051780385 20.080153 0.6562122 637.09454 5.970707 1028.1661 5.3184776 1028.1105 4.902022 653.2221 4.277216 13.171183 0.49472532 14.715441 0.576801 49.863125 1.5384277 54.787323 1.6143047 113.79637 1.7666674 117.45249 0.63571286 249.73026 1.8993117 3899.5847 3683.0195 d283 1.8052582 1.7743732 -28.353933 3.5 0 2.8297722 1.65 1.0174061 0.017108321 0.9832479 0.000110464185 1.7946583 131 17.49392 3.5
31242 106.4920086961308 -33.8200272481642 17.309687 0.019055627 15.829561 0.004367793 15.559568 0.0031466803 15.447777 0.003054315 15.414936 0.003847729 16.636593 0.017367583 16.34337 0.016073944 16.116978 0.0133960275 16.064274 0.012853092 15.749801 0.0082236715 15.319326 0.003259318 15.255512 0.0049588666 0 2.9013207 1.67 1.0023329 0.0023275018 0.9866049 0.00053767295 1.8403594 153 16.908625 15.785636 0.0032661988 15.513151 0.0033999805 15.446059 0.0039908695 24.664078 0.66473675 1118.5099 6.386954 1519.9633 5.7093844 1413.7623 5.1953416 855.4326 4.424291 20.964008 0.5134064 26.50998 0.60659516 84.59601 1.6050217 100.418915 1.699641 182.87492 1.8767351 192.34087 0.7032265 322.17987 1.9818205 5429.071 4120.033 d283 1.8370748 1.832799 -3.9107313 3.5 0 2.9144297 1.65 1.0023329 0.0023275018 0.9835941 0.00045759333 1.8296335 154 17.03921 3.5
67220 106.59418188635976 -33.26409124780649 16.0656 0.00825893 14.633627 0.0022581364 14.307289 0.0016332174 14.207584 0.0015925932 14.19218 0.0019403327 15.461997 0.008463015 15.202965 0.008347194 14.929661 0.00654059 14.850276 0.006121036 14.51905 0.004080076 14.238938 0.0018471451 14.104229 0.0026347348 0 2.9973533 1.67 1.02725 0.026527226 0.99953777 0.0010385283 1.889683 260 15.8834715 14.563666 0.0017391312 14.284261 0.0016361476 14.211072 0.0017371502 75.856094 0.7479417 3329.2717 8.007862 4791.7236 7.811113 4409.3174 7.0530815 2658.246 5.543948 62.132473 0.6005737 73.73072 0.7117032 252.47159 1.8884684 301.61362 2.028225 559.4772 2.3832932 515.97565 0.9395086 963.038 2.59162 4869.4053 7758.5767 d283 2.0002623 1.9472009 30.203379 3.5 0 3.0509157 1.65 1.02725 0.026527226 0.99948215 0.0011367567 1.904224 260 16.02433 3.5
84715 114.84107305467924 -33.638874097184576 13.917354 0.0020202145 13.353938 0.0012148723 13.153635 0.0009771197 13.161517 0.0009859208 13.193455 0.0012134907 13.636785 0.0026334296 13.423947 0.0033260828 13.330277 0.0029131353 13.323036 0.0027895053 13.230788 0.0021890553 12.844404 0.0009625554 13.198696 0.0016791505 0 2.3570666 1.3 1.0228614 0.02235037 0.9704474 0.0014564281 1.5353336 373 14.428555 13.408932 0.0010363503 13.229665 0.0009874878 13.17342 0.0010121102 494.19116 0.9141581 10028.668 11.476591 12461.465 11.329384 10652.024 9.927277 6022.203 7.215 305.3057 0.7454785 363.06363 1.1230977 966.4683 2.6705205 1099.7462 2.9143522 1643.9135 3.4084294 1739.0905 1.5522901 2130.2249 3.4466145 5982.7954 5305.5674 d288 1.8500661 1.8087164 27.825363 3.5 0 2.535752 1.34 1.0228614 0.02235037 0.9771645 0.0017472523 1.6039369 373 14.497101 3.5
113216 114.40436158944192 -33.41600262669464 14.914985 0.0032712326 14.071422 0.0017308696 13.685261 0.0012659592 13.565236 0.0012004846 13.476069 0.0013973787 14.439322 0.0039007412 14.244343 0.004986056 14.169141 0.004434774 14.129038 0.0041743172 13.89294 0.0030387624 13.433516 0.0012833303 13.488625 0.0019359754 0 2.2774796 1.3 1.0479939 0.045795918 0.99638826 0.0007454488 1.526656 269 14.601141 13.820088 0.0012610492 13.636209 0.001215952 13.585128 0.0012736431 196.99478 0.6143191 5105.6494 8.92912 7556.1187 9.259983 7290.3604 8.550016 4629.991 6.5876436 145.25706 0.5486108 168.76846 0.8299832 440.72302 2.009238 516.87787 2.221872 886.79095 2.7009456 1001.8433 1.2324165 1618.503 3.1080363 8370.052 6757.3306 d288 1.8086026 1.725776 76.00282 3.5 0 2.368385 1.34 1.0479939 0.045795918 0.9884079 0.0007707524 1.5924162 269 14.766563 3.5
125831 124.97690186790534 -33.60935976509472 16.628817 0.010026256 15.234102 0.003079097 15.015864 0.002333289 15.030313 0.002474249 15.02768 0.003164345 15.935792 0.008355777 15.417277 0.009538465 15.240073 0.007482014 15.177381 0.006981232 14.939084 0.004912879 14.883411 0.0025166573 14.849825 0.0038412346 0 3.8725095 1.35 1.2491245 0.19943935 0.8067974 0.016555542 1.9149212 174 16.30299 15.110759 0.0024349063 14.834441 0.0024480296 14.777379 0.002810734 47.26474 0.55683976 2029.8876 6.365091 2769.8296 6.469539 2395.7883 6.2006664 1394.1332 5.664295 41.778164 0.3889857 56.661594 0.5978028 186.46051 1.5355902 218.2875 1.6640235 393.34756 1.9871948 308.83032 0.7928936 550.9074 2.4744742 6010.305 5498.728 d294 2.1006017 1.6816591 -9.715136 3.5 0 4.0607004 1.53 1.2491245 0.19943935 0.9595774 0.010667317 2.0448675 176 16.533895 3.5
130259 124.2275483977435 -33.57676298943471 14.216257 0.002918338 13.687548 0.0014365568 13.650062 0.0012042703 13.685819 0.0012841794 13.764062 0.0016444476 13.950129 0.0030635146 13.570523 0.003770831 13.637024 0.0033553422 13.622553 0.0032276781 13.649156 0.002611562 13.459784 0.001250615 13.786816 0.0022509203 0 2.4587424 1.35 1.0198247 0.01943934 0.992263 0.0027161997 1.4672048 271 14.737214 13.914346 0.0013339496 13.749087 0.0013136024 13.702396 0.0014006412 371.86633 1.0270802 7100.22 9.691543 8229.792 9.461886 6448.244 8.316461 3559.0212 6.748014 229.9472 0.6697091 285.98395 1.0168227 736.2635 2.3656325 820.66516 2.5387194 1160.86 2.886069 1035.0869 1.2255962 1264.549 3.0373728 10097.14 5693.6196 d294 1.7546495 1.7205403 81.365654 3.5 0 2.5968225 1.53 1.0198247 0.01943934 0.9835669 0.002079995 1.5923404 271 14.836059 3.5
166363 124.6459215467952 -33.36573452319347 15.36979 0.005182732 14.456131 0.002099241 14.383834 0.0017218103 14.38351 0.0018155869 14.405684 0.0022959574 14.826334 0.0047342926 14.428405 0.0057668034 14.455309 0.0050329827 14.443885 0.004837751 14.408085 0.0037929676 14.285549 0.0018777584 14.450027 0.0031473627 0 2.4343586 1.35 1.0328193 0.03177637 0.9966981 0.0005404839 1.5060273 205 15.427066 14.615888 0.001886697 14.443548 0.0019357167 14.391648 0.0021597764 128.61853 0.7048393 3476.8174 7.467376 4221.274 7.384625 3417.754 6.797039 1990.0099 5.982729 102.61864 0.49741915 129.15096 0.75583124 346.58807 1.8169976 384.6405 1.9453955 575.06555 2.2330563 484.9494 0.9168176 685.1206 2.5899007 7821.1265 7088.878 d294 1.7673551 1.711195 1.7692558 3.5 0 2.7739472 1.53 1.0328193 0.03177637 0.98361707 0.00065464515 1.6743721 206 15.652675 3.5
113274 126.8343043699121 -33.54912723345556 14.571721 0.0028998028 14.138403 0.0019151702 14.050291 0.0016431565 13.984162 0.0015552453 14.007036 0.0018325928 14.338278 0.0038107908 14.160899 0.0049389545 13.952443 0.0044130534 14.032451 0.0042093326 14.004349 0.0033052866 13.836954 0.0019847038 14.094194 0.0051418226 0 2.3933108 1.34 1.0944462 0.0862959 0.9871638 0.0011308633 1.5072172 230 14.925706 14.204891 0.0016149814 14.03773 0.0016404069 13.986676 0.0018088433 270.84937 0.78179497 4525.342 9.078894 4934.4927 8.813959 4696.019 7.8216968 2785.333 5.5793576 161.96767 0.61266917 180.72008 0.8891911 461.85434 2.123165 530.9699 2.3053045 765.2961 2.5989234 686.6358 1.4046284 490.2507 4.036942 5098.238 5893.065 d295 1.868926 1.7076454 8.50473 3.5 0 3.019715 1.58 1.0944462 0.0862959 0.9860847 0.00049558864 1.7669104 235 15.394473 3.5
31236 104.5502926145372 -35.043045555373006 16.384653 0.009697165 13.961892 0.0016253806 13.093359 0.00091279903 12.821969 0.0008196052 12.701059 0.0009212973 16.147236 0.011373574 15.771572 0.011938625 14.911925 0.0065857167 14.655025 0.005458658 13.903859 0.002988228 12.94074 0.0009861009 12.616968 0.0012485808 0 2.8055887 1.24 1.0206683 0.020249724 0.99962735 0.010661276 1.6135054 357 14.199499 13.02604 0.0008452002 12.82754 0.0007986571 12.771496 0.0008194594 54.6716 0.7657086 6227.2217 11.004519 14704.257 12.839888 16330.588 12.322517 10798.92 9.47461 32.737488 0.5669055 43.69035 0.7935604 256.85184 2.2884552 362.01794 2.5139837 990.95337 3.2043083 1710.6672 1.5939486 3778.0051 4.5228753 5613.7666 5132.1626 d297 1.8217947 1.7849039 44.66314 3.5 0 2.583113 1.31 1.0206683 0.020249724 0.98815393 0.0039033976 1.6039261 357 14.373811 3.5
35031 106.8002657366012 -35.032444836708926 17.64565 0.026831964 15.722676 0.007922509 15.077924 0.0044893273 14.71689 0.0030589546 14.447794 0.0028641745 17.287327 0.032450687 17.010601 0.041025274 16.469656 0.026555697 16.339333 0.023509534 15.499656 0.010876373 14.85106 0.003782514 14.539727 0.0046332097 0 2.2011535 1.16 1.1085151 0.097892344 0.98152167 0.00453651 1.4319077 141 15.784563 14.946643 0.0031573377 14.765344 0.0031432726 14.708159 0.0034032636 6.9908433 0.36976242 495.83624 5.217958 1031.9841 5.017009 1202.089 3.7670586 865.28595 2.6222768 4.5630455 0.2836463 5.4486256 0.40651706 24.747934 1.0802372 30.496202 1.135881 89.595474 1.2719474 124.86017 0.5021635 290.4473 1.3814197 2742.6733 5194.4526 d298 1.7421192 1.5715791 88.99014 3.5 0 2.457821 1.43 1.1085151 0.097892344 0.98025143 0.0011200414 1.603744 138 16.314907 3.5
36001 106.5255344988136 -35.01408129247021 16.58804 0.013318879 15.150263 0.0056763915 14.635814 0.0035555356 14.55212 0.0027999924 14.353758 0.0027075552 16.184065 0.01574047 16.01661 0.021383755 15.578327 0.0149398595 15.460749 0.013464913 14.963638 0.008007212 14.545314 0.003213679 14.357436 0.004207045 0 3.5604966 1.16 1.2146844 0.17674088 0.6082555 0.020925844 1.7272971 185 15.730976 14.55392 0.0026053349 14.342566 0.0024985867 14.282123 0.002628983 21.80731 0.39927655 946.7863 5.8625135 1728.6188 5.856624 1779.7184 4.3083324 1107.0374 2.8345864 14.74789 0.31079477 15.873877 0.44274527 63.4405 1.1812154 75.3015 1.2510923 170.92256 1.4426647 185.14436 0.5696427 372.58698 1.5050808 4214.867 5320.2153 d298 2.029267 1.6706126 -59.79878 3.5 0 3.7491024 1.43 1.2146844 0.17674088 0.9437891 0.011717009 1.925161 185 16.195513 3.5
37592 106.54215758509945 -34.985510429066935 17.231787 0.02031087 15.395589 0.0065837107 14.81771 0.0039104996 14.469253 0.0027042932 14.172107 0.002494496 16.97506 0.026282895 16.674833 0.032710627 16.039438 0.020112988 15.931686 0.01815157 15.235616 0.009409276 14.539589 0.0032301862 14.266929 0.004046906 0 2.5407753 1.16 1.0866704 0.07975775 0.9989504 0.00964413 1.4867848 161 15.607733 14.682416 0.0027730123 14.491188 0.002704851 14.432184 0.0028733339 10.084048 0.37593105 652.51086 5.44859 1377.0892 5.447963 1549.9828 4.1009374 1116.7974 2.8422966 6.8346863 0.28978294 7.644619 0.4142136 36.078125 1.1102515 44.13474 1.1716326 113.95315 1.3249269 167.01909 0.55012256 371.64102 1.5034783 4125.2734 5507.004 d298 1.7908826 1.6480458 87.1824 3.5 0 3.265621 1.43 1.0866704 0.07975775 0.96949375 0.0109664155 1.7378579 160 16.324566 3.5
