Ha-emitters/SDSS-spectra/spectra-information_sdss-unique.ecsv
# %ECSV 1.0
# ---
# datatype:
# - {name: FileName, datatype: string}
# - {name: ID, datatype: string}
# - {name: RA, datatype: float64}
# - {name: DEC, datatype: float64}
# - {name: Redshift, datatype: float64}
# meta: {name: first table}
# schema: astropy-2.0
FileName ID RA DEC Redshift
spec-0269-51910-0379.fits SDSSJ100154.56+004525.9 150.47733 0.75718711 1.3561506271362305
spec-0285-51930-0521.fits SDSSJ120038.28+011246.3 180.15948 1.2128693 1.3584496974945068
spec-0288-52000-0171.fits SDSSJ121942.46-001821.4 184.92691 -0.30593417 1.338140845298767
spec-0288-52000-0561.fits SDSSJ122130.97+010727.9 185.37906 1.1244127 1.3702797889709473
spec-0296-51984-0289.fits SDSSJ131730.82-011402.7 199.37841 -1.234089 1.3172050714492798
spec-0327-52294-0620.fits SDSSJ113904.34-012625.2 174.76807 -1.4403307 1.379645586013794
spec-1144-53238-0450.fits SDSSJ222100.03+010543.3 335.25014 1.0953482 -0.00012560612231027335
spec-1474-52933-0180.fits SDSSJ215922.03-002243.1 329.8418 -0.378627 -0.000597357633523643
spec-1474-52933-0416.fits SDSSJ215804.84+010147.1 329.52015 1.029746 -0.00010610683966660872
spec-1476-52964-0249.fits SDSSJ221242.27-010358.9 333.17613 -1.066374 1.384613187838113e-05
spec-1499-53001-0212.fits SDSSJ011136.02-004400.2 17.900101 -0.733402 -0.00025074355653487146
spec-1500-53730-0111.fits SDSSJ012119.10-001949.9 20.329569 -0.330521 3.990412733401172e-05
spec-1507-53763-0200.fits SDSSJ021349.27-000214.2 33.455308 -0.037265 0.0001451844727853313
spec-2690-54211-0292.fits SDSSJ110434.70-170154.1 166.14457 -17.031691 0.0001888628612505272
spec-2716-54628-0439.fits SDSSJ135745.99-090734.1 209.44162 -9.126151 0.00034859159495681524
spec-2892-54552-0186.fits SDSSJ120231.44-002044.4 180.63098 -0.345664 0.00015650012937840074
spec-2892-54552-0550.fits SDSSJ120635.64+001452.3 181.64851 0.247871 -0.0003254727926105261
spec-3112-54802-0315.fits SDSSJ005338.21-000302.7 13.4092 -0.0507383 -0.00025915520382113755
spec-3184-54850-0450.fits SDSSJ030001.98+010340.8 45.008235 1.061332 2.5051000193343498e-05
spec-3735-55209-0834.fits SDSSJ010619.24+004823.3 16.58018700000002 0.80647784 4.440167427062988
spec-0415-51810-0508.fits SDSSJ033429.44+000611.0 53.622683 0.10305002 0.3478197455406189
spec-0416-51811-0436.fits SDSSJ033818.72+001153.6 54.577998 0.19821633 1.5895451307296753
spec-0514-51994-0008.fits SDSSJ114820.83+012634.3 177.08679 1.4428585 0.3373749554157257
spec-0515-52051-0011.fits SDSSJ115748.00+014320.8 179.45 1.722435 1.3651808500289917
spec-0515-52051-0014.fits SDSSJ115758.21+014625.5 179.49253 1.7737519 1.3667370080947876
spec-0686-52519-0275.fits SDSSJ000505.59-000359.4 1.2733064 -0.06649403 0.00024197003222070634
spec-0710-52203-0439.fits SDSSJ030757.55+000711.9 46.989794 0.11998386 1.3425660133361816
spec-0330-52370-0302.fits SDSSJ114838.49-023524.7 177.16039 -2.5901835 1.348138451576233
spec-0411-51817-0194.fits SDSSJ030238.17+000203.5 45.659049 0.034300505 1.3503086566925049
spec-1078-52643-0443.fits SDSSJ013304.52+000355.9 23.268845 0.065529 1.3686764759768266e-05
spec-1137-52971-0041.fits SDSSJ222513.55-011519.6 336.30645 -1.2554366 -0.0001908036501845345
spec-2690-54211-0253.fits SDSSJ110607.48-173113.6 166.53116 -17.520444 2.5462818145751953
spec-3775-55207-0450.fits SDSSJ113509.02-024015.8 173.7875799999999 -2.6710638 2.460947275161743
spec-7845-56980-0742.fits SDSSJ014017.06-005003.0 25.0711 -0.83417502 0.3344068229198456
spec-9198-57713-0538.fits SDSSJ235157.59+003610.6 357.98995 0.602944 1.3583483695983887
spec-9230-58021-0675.fits SDSSJ215010.52-001000.6 327.54385 -0.16682801 0.33476534485816956
spec-7862-56984-0899.fits SDSSJ000912.18+002413.3 2.300761000000023 0.403701 2.496358871459961
spec-7867-57003-0749.fits SDSSJ003159.18-010352.1 7.996603999999991 -1.064468 -3.342817217344418e-05
spec-7870-57016-0036.fits SDSSJ005019.30-000240.6 12.58043199999997 -0.044603 -0.00020057969959452748
spec-7874-57279-0038.fits SDSSJ011048.45-001244.2 17.70186200000001 -0.21227066 -0.00017634576943237334
spec-7876-57002-0974.fits SDSSJ012128.09+003450.6 20.36703399999999 0.58072498 0.32882213592529297
spec-8788-57360-0183.fits SDSSJ010321.76-002401.0 15.84067399999998 -0.400274 1.323433518409729
spec-8789-57358-0340.fits SDSSJ010925.97-003739.1 17.35819500000002 -0.62752001 1.3594541549682617
spec-9202-57713-0030.fits SDSSJ233307.84+004814.7 353.2826700000001 0.804097 1.3663333654403687
spec-9207-57667-0050.fits SDSSJ224956.09+000218.2 342.4837 0.038386003 3.3081398010253906
spec-9208-57688-0439.fits SDSSJ234928.83-010909.7 357.37014 -1.152689 1.3835629224777222
spec-9214-57684-0769.fits SDSSJ230551.91-004717.8 346.46631 -0.788285 1.363922357559204
spec-9218-57724-0804.fits SDSSJ224539.94-002419.7 341.41641 -0.40546601 3.277073621749878
spec-9220-57932-0636.fits SDSSJ211614.26-001036.4 319.05942 -0.17677801 1.3891032934188843
spec-9228-58014-0362.fits SDSSJ214410.63-010113.5 326.04429 -1.02041 0.3552062213420868
spec-1082-52523-0510.fits SDSSJ010639.87+003418.8 16.666115 0.5719 9.18888472369872e-05
spec-1083-52520-0169.fits SDSSJ005812.17-004155.6 14.550688 -0.69879 -0.00018497950804885477
spec-1090-52903-0500.fits SDSSJ000753.50+001759.7 1.972922 0.299924 5.554098606808111e-05
spec-1095-52521-0200.fits SDSSJ232435.19-000211.9 351.14661 -0.036633 -0.00012266782869119197
spec-1095-52521-0378.fits SDSSJ232331.33+010806.0 350.88055 1.1350056 -2.7582262191572227e-05
spec-1101-52621-0162.fits SDSSJ223738.39-003857.4 339.40994 -0.649266 -3.0210921977413818e-05
spec-1101-52621-0260.fits SDSSJ223538.68-010152.1 338.91116 -1.031139 -0.00023670619702897966
spec-1107-52968-0384.fits SDSSJ214738.18+003823.7 326.90909 0.639905 -9.388841135660186e-05
spec-1114-53179-0070.fits SDSSJ210226.97-001958.9 315.61237 -0.333036 -0.0001599473471287638
spec-1116-52932-0478.fits SDSSJ204626.11+002337.7 311.60879 0.393809 0.3320327699184418
spec-1119-52581-0358.fits SDSSJ001542.97+000427.6 3.9290556 0.074344366 -0.00010877729073399678
spec-1133-52993-0152.fits SDSSJ003553.01-000248.6 8.9708928 -0.046846923 -0.0006357136880978942
spec-1134-52644-0511.fits SDSSJ003549.61+010916.4 8.9567248 1.1545643 -0.0002542430302128196
spec-1135-53024-0504.fits SDSSJ003705.30+000425.8 9.2720968 0.073836477 -0.00037874458939768374
spec-0330-52370-0430.fits SDSSJ115003.29-014544.2 177.51372 -1.7622789 0.0010268017649650574
spec-0331-52368-0251.fits SDSSJ115835.73-031101.6 179.64889 -3.1837742 0.00010917008330579847
spec-0376-52143-0631.fits SDSSJ223439.93+004127.2 338.66636 0.69089559 0.0001388813543599099
spec-0377-52145-0484.fits SDSSJ223633.54+002652.6 339.13973 0.44793182 1.3543906211853027
spec-0380-51792-0575.fits SDSSJ230351.64+010651.0 345.96517 1.1141683 -1.4441603525483515e-05
spec-0387-51791-0004.fits SDSSJ000323.21-005939.2 0.84670246 -0.99422981 2.2195121346157975e-05
spec-0395-51783-0008.fits SDSSJ010045.13-010212.3 15.188047 -1.0367462 -0.0007214561337605119
spec-0410-51877-0527.fits SDSSJ025607.24+011038.7 44.03017 1.1774222 1.3485822677612305
spec-0411-51817-0153.fits SDSSJ030449.86-000813.4 46.207754 -0.13706169 3.2877440452575684
spec-0712-52199-0603.fits SDSSJ032759.21+004422.7 51.99672 0.7396476 1.3569486141204834
spec-0981-52435-0084.fits SDSSJ204234.96-003144.2 310.64565 -0.52893326 2.4850399494171143
spec-0981-52435-0575.fits SDSSJ204340.04+002853.4 310.91682 0.48151376 0.3165498375892639
spec-0982-52466-0085.fits SDSSJ205000.93-004223.7 312.50389 -0.70657123 -0.0007348732324317098
spec-0982-52466-0091.fits SDSSJ204956.62-001201.7 312.48591 -0.20048362 0.36902621388435364
spec-0983-52443-0459.fits SDSSJ205316.77+005920.9 313.31988 0.98915183 4.333379745483398
spec-0984-52442-0311.fits SDSSJ205352.04-001601.6 313.46682 -0.26710468 0.36249497532844543
spec-0984-52442-0533.fits SDSSJ210014.12+004446.0 315.05882 0.74610065 -0.0001113781618187204
spec-0986-52443-0231.fits SDSSJ211359.65-004723.0 318.49856 -0.78973276 -7.943980017444119e-05
spec-1021-52460-0167.fits SDSSJ204012.12-002339.0 310.0505 -0.39416632 -0.0004038345068693161
spec-1064-52577-0237.fits SDSSJ032433.93-002129.6 51.141392 -0.35823 6.727802974637598e-05
spec-1074-52937-0462.fits SDSSJ020542.94+002701.3 31.428917 0.450369 -3.882687451550737e-05
spec-1510-52992-0277.fits SDSSJ023537.78-000351.5 38.907397 -0.064312 -9.2011243395973e-05
spec-1510-52992-0578.fits SDSSJ024109.56+004813.6 40.289822 0.803773 -0.00044865472591482103
spec-1511-52946-0400.fits SDSSJ024408.08+000324.3 41.033667 0.056744 0.00012587590026669204
spec-1521-52945-0295.fits SDSSJ212507.72-004756.6 321.28215 -0.799046 -0.00145047961268574
spec-1521-52945-0327.fits SDSSJ212609.17+011148.0 321.5382 1.196665 -0.000814805447589606
spec-1522-52932-0456.fits SDSSJ212124.39+004717.7 320.35162 0.788254 -0.000809101911727339
spec-1523-52937-0241.fits SDSSJ211236.58-011330.8 318.15241 -1.225217 1.1867491593875457e-05
spec-1904-53682-0490.fits SDSSJ004437.67+001435.4 11.156952 0.243176 -7.647506572538987e-05
spec-1961-53299-0322.fits SDSSJ212849.20+003154.9 322.205 0.531907 -0.0005946585442870855
spec-1961-53299-0566.fits SDSSJ213444.63+005617.4 323.68595 0.938155 -7.690666825510561e-05
spec-1961-53299-0635.fits SDSSJ213851.67+000012.4 324.71528 0.003456 -0.00011664714111248031
spec-2049-53350-0322.fits SDSSJ032723.61+004139.3 51.848372 0.694238 3.4278204111615196e-05
spec-2049-53350-0566.fits SDSSJ033513.49+010405.0 53.806226 1.068064 0.0002894900680985302
spec-4196-55478-0600.fits SDSSJ214244.86+004528.2 325.6868999999999 0.75784299 2.5192859172821045
spec-4197-55479-0626.fits SDSSJ215002.70+011343.8 327.51124 1.2288411 3.2926201820373535
spec-4208-55476-0302.fits SDSSJ230544.20-002532.1 346.43415 -0.42558 2.5351357460021973
spec-4209-55478-0447.fits SDSSJ231000.41-010611.9 347.50171 -1.103308 1.3345730304718018
spec-4209-55478-0532.fits SDSSJ230855.49+003705.7 347.23122 0.61824398 1.7830164432525635
spec-4215-55471-0312.fits SDSSJ235314.81-001820.6 358.3117099999999 -0.30571338 -1.049636830430245e-05
spec-4220-55447-0418.fits SDSSJ002540.19-001531.4 6.417456000000016 -0.258714 1.3532363176345825
spec-4233-55449-0071.fits SDSSJ015819.77-001222.2 29.582381 -0.20615729 3.2855353355407715
spec-4344-55557-0830.fits SDSSJ023230.64-011654.6 38.12765899999999 -1.281822 1.3651466369628906
spec-4740-55651-0188.fits SDSSJ113722.20+014858.7 174.3425099999999 1.8163158 -0.00022350589279085398
spec-5144-55829-0126.fits SDSSJ213714.76+001112.8 324.31152 0.18688061 1.386389136314392
spec-6781-56274-0571.fits SDSSJ023157.89+002712.4 37.99120599999998 0.4534431 1.3759371042251587
spec-7332-56683-0775.fits SDSSJ015949.46+000316.7 29.95608900000002 0.054635538 1.897307356557576e-06
spec-7820-56984-0072.fits SDSSJ025910.39-002239.8 44.79328399999997 -0.377719 0.35989078879356384
spec-9142-57664-0514.fits SDSSJ213438.54+001304.0 323.66057 0.217767 1.344062328338623
spec-9145-58041-0210.fits SDSSJ220242.61-012528.1 330.6775600000001 -1.4244673 1.376046061515808
spec-9145-58041-0446.fits SDSSJ215703.72-013112.7 329.2655199999999 -1.5201911 1.3335438966751099
spec-9146-58042-0345.fits SDSSJ220851.96-010603.8 332.21651 -1.101054 0.3516484200954437
spec-9146-58042-0510.fits SDSSJ220529.34-003110.7 331.37225 -0.519646 2.4516355991363525
spec-9146-58042-0632.fits SDSSJ220759.39+001722.6 331.99747 0.289617 0.36752331256866455
spec-9148-58039-0192.fits SDSSJ222721.76-010637.8 336.84065 -1.110499 1.3657054901123047
spec-9152-58041-0463.fits SDSSJ225358.85-011721.0 343.49522 -1.2891663 1.3744730949401855
spec-9154-58013-0971.fits SDSSJ231742.60+000535.1 349.42751 0.093087013 0.32076433300971985
spec-9155-58043-0666.fits SDSSJ232101.17+001922.7 350.25486 0.32298301 1.3723865747451782
spec-9163-58043-0138.fits SDSSJ213925.57+012345.6 324.8565599999999 1.3959936 1.3918343782424927
spec-9174-58070-0114.fits SDSSJ231643.23+011640.2 349.1801399999999 1.2778336 0.00033096381230279803
spec-9233-58035-0700.fits SDSSJ215621.81+010330.6 329.0908899999999 1.058507 1.3482437133789062
spec-9311-57743-0716.fits SDSSJ024652.16-011243.1 41.71734700000002 -1.211966 1.3405938148498535
spec-9372-58074-0211.fits SDSSJ025625.63-011911.6 44.106787 -1.319898 2.503058671951294
spec-9372-58074-0418.fits SDSSJ025207.31-011343.2 43.03044199999999 -1.228653 2.4545681476593018
spec-9376-58072-0598.fits SDSSJ022251.15-012048.2 35.71311800000001 -1.346733 3.218209743499756
spec-9378-58071-0545.fits SDSSJ014921.53-003221.1 27.33972599999998 -0.53919101 1.3824301958084106
spec-9383-58097-0972.fits SDSSJ021645.02+000842.5 34.18757800000003 0.14515 1.3681840896606445
spec-9390-58103-0283.fits SDSSJ015409.27+002645.2 28.53863899999999 0.44590101 1.3547829389572144
spec-9395-58113-0530.fits SDSSJ012301.79+000323.3 20.757473 0.056479999 1.363590955734253
spec-9396-58101-0408.fits SDSSJ011824.51-001506.5 19.60212999999999 -0.25180901 2.5060181617736816
spec-9403-58018-0690.fits SDSSJ000230.71+004959.1 0.6279739999999947 0.83307 1.355089783668518
spec-9406-58067-0121.fits SDSSJ001731.27-004859.3 4.380308000000014 -0.81648599 1.3565937280654907
spec-9406-58067-0648.fits SDSSJ001327.31+005232.1 3.363802000000021 0.87557 0.36243972182273865
spec-9409-58051-0225.fits SDSSJ003722.18-001140.6 9.342412000000024 -0.194614 1.3692824840545654
