Ha-emitters-disk/Halpha-disk_splus_16r175-Mine_PerField.ecsv
# %ECSV 1.0
# ---
# datatype:
# - {name: NUMBER, datatype: int64}
# - {name: ALPHA, datatype: float64}
# - {name: DELTA, datatype: float64}
# - {name: u, datatype: float64}
# - {name: uerr, datatype: float64}
# - {name: g, datatype: float64}
# - {name: gerr, datatype: float64}
# - {name: r, datatype: float64}
# - {name: rerr, datatype: float64}
# - {name: i, datatype: float64}
# - {name: ierr, datatype: float64}
# - {name: z, datatype: float64}
# - {name: zerr, datatype: float64}
# - {name: F378, datatype: float64}
# - {name: F378err, datatype: float64}
# - {name: F395, datatype: float64}
# - {name: F395err, datatype: float64}
# - {name: F410, datatype: float64}
# - {name: F410err, datatype: float64}
# - {name: F430, datatype: float64}
# - {name: F430err, datatype: float64}
# - {name: F515, datatype: float64}
# - {name: F515err, datatype: float64}
# - {name: F660, datatype: float64}
# - {name: F660err, datatype: float64}
# - {name: F861, datatype: float64}
# - {name: F861err, datatype: float64}
# - {name: flags_i, datatype: int64}
# - {name: fwhm_i, datatype: float64}
# - {name: fwhm_psf_i, datatype: float64}
# - {name: ellog_i, datatype: float64}
# - {name: ellip_i, datatype: float64}
# - {name: class_i, datatype: float64}
# - {name: spread_i, datatype: float64}
# - {name: flux_radius_i, datatype: float64}
# - {name: area_i, datatype: int64}
# - {name: mumax_i, datatype: float64}
# - {name: mag_aper2_i, datatype: float64}
# - {name: magerr_apper2_i, datatype: float64}
# - {name: mag_aper4_i, datatype: float64}
# - {name: magerr_apper4_i, datatype: float64}
# - {name: mag_aper6_i, datatype: float64}
# - {name: magerr_apper6_i, datatype: float64}
# - {name: flux_aper6_u, datatype: float64}
# - {name: fluxerr_aper6_u, datatype: float64}
# - {name: flux_aper6_g, datatype: float64}
# - {name: fluxerr_aper6_g, datatype: float64}
# - {name: flux_aper6_r, datatype: float64}
# - {name: fluxerr_aper6_r, datatype: float64}
# - {name: flux_aper6_i, datatype: float64}
# - {name: fluxerr_aper6_i, datatype: float64}
# - {name: flux_aper6_z, datatype: float64}
# - {name: fluxerr_aper6_z, datatype: float64}
# - {name: flux_aper6_F378, datatype: float64}
# - {name: fluxerr_aper6_F378, datatype: float64}
# - {name: flux_aper6_F395, datatype: float64}
# - {name: fluxerr_aper6_F395, datatype: float64}
# - {name: flux_aper6_F410, datatype: float64}
# - {name: fluxerr_aper6_F410, datatype: float64}
# - {name: flux_aper6_F430, datatype: float64}
# - {name: fluxerr_aper6_F430, datatype: float64}
# - {name: flux_aper6_F515, datatype: float64}
# - {name: fluxerr_aper6_F515, datatype: float64}
# - {name: flux_aper6_F660, datatype: float64}
# - {name: fluxerr_aper6_F660, datatype: float64}
# - {name: flux_aper6_F861, datatype: float64}
# - {name: fluxerr_aper6_F861, datatype: float64}
# - {name: x, datatype: float64}
# - {name: y, datatype: float64}
# - {name: field, datatype: string}
# - {name: a_image, datatype: float64}
# - {name: b_image, datatype: float64}
# - {name: theta_image, datatype: float64}
# - {name: kron_radius_i, datatype: float64}
# - {name: flags_r, datatype: int64}
# - {name: fwhm_r, datatype: float64}
# - {name: fwhm_psf_r, datatype: float64}
# - {name: ellog_r, datatype: float64}
# - {name: ellip_r, datatype: float64}
# - {name: class_r, datatype: float64}
# - {name: spread_r, datatype: float64}
# - {name: flux_radius_r, datatype: float64}
# - {name: area_r, datatype: int64}
# - {name: mumax_r, datatype: float64}
# - {name: kron_radius_r, datatype: float64}
# schema: astropy-2.0
NUMBER ALPHA DELTA u uerr g gerr r rerr i ierr z zerr F378 F378err F395 F395err F410 F410err F430 F430err F515 F515err F660 F660err F861 F861err flags_i fwhm_i fwhm_psf_i ellog_i ellip_i class_i spread_i flux_radius_i area_i mumax_i mag_aper2_i magerr_apper2_i mag_aper4_i magerr_apper4_i mag_aper6_i magerr_apper6_i flux_aper6_u fluxerr_aper6_u flux_aper6_g fluxerr_aper6_g flux_aper6_r fluxerr_aper6_r flux_aper6_i fluxerr_aper6_i flux_aper6_z fluxerr_aper6_z flux_aper6_F378 fluxerr_aper6_F378 flux_aper6_F395 fluxerr_aper6_F395 flux_aper6_F410 fluxerr_aper6_F410 flux_aper6_F430 fluxerr_aper6_F430 flux_aper6_F515 fluxerr_aper6_F515 flux_aper6_F660 fluxerr_aper6_F660 flux_aper6_F861 fluxerr_aper6_F861 x y field a_image b_image theta_image kron_radius_i flags_r fwhm_r fwhm_psf_r ellog_r ellip_r class_r spread_r flux_radius_r area_r mumax_r kron_radius_r
[from data line 346]
56665 105.19314544949188 -36.17412426936821 18.421333 0.017038615 17.061077 0.006316741 16.59101 0.0045848424 16.84736 0.0057530827 16.326895 0.005608959 17.955654 0.01947877 17.741474 0.024882464 17.416285 0.018565584 17.258118 0.016321827 16.847826 0.010989773 16.565662 0.005271288 16.36488 0.0075871907 0 7.1105328 1.82 1.1891664 0.15907478 0.98331696 0.025493119 2.2309647 92 18.043104 16.807907 0.0052078106 16.492878 0.005343357 16.434374 0.0063558705 10.359819 0.22883904 403.42783 2.763726 616.991 3.0803354 592.99493 3.4705331 364.48703 3.4633377 7.589025 0.1954191 9.205457 0.31112114 30.54864 0.7308543 38.122513 0.800564 73.03162 0.9266688 63.93788 0.37085608 121.84988 1.3838503 1033.9364 6713.627 d313 1.7483567 1.4702373 84.45228 3.5 0 2.234768 1.38 1.1891664 0.15907478 0.9995588 3.5297977e-05 1.4200411 94 17.633919 3.5
60555 105.19895134154336 -36.11366940411511 18.981659 0.02366 17.325478 0.0072436533 16.681305 0.004805432 16.869297 0.0058414754 16.303955 0.005529854 18.602243 0.028209196 18.386278 0.035697367 17.918642 0.024517402 17.77004 0.021699846 17.109226 0.012589564 16.626318 0.005441504 16.344664 0.00750318 0 8.122915 1.82 1.1502923 0.1306557 0.98288286 0.003293546 2.2238188 98 18.205612 16.8409 0.0053042276 16.5393 0.005509567 16.488665 0.0066191633 6.085002 0.21402304 310.33475 2.5800624 559.438 2.9978669 564.0715 3.438012 374.7089 3.4720583 4.373871 0.18192142 4.988725 0.2903853 19.242094 0.68370175 23.56293 0.7429161 58.00394 0.87909484 59.535835 0.36363855 125.66651 1.389672 999.7712 7109.0825 d313 1.7448843 1.5169052 78.042305 3.5 0 2.327057 1.38 1.1502923 0.1306557 0.9969701 0.00036427454 1.4113994 104 17.698381 3.5
64120 105.1859411110839 -36.05749143131292 18.668325 0.01965161 17.066204 0.006332711 16.472357 0.00431973 16.722807 0.0053507606 16.195328 0.0052002203 18.1532 0.021710904 17.953207 0.027811306 17.511406 0.019467406 17.366905 0.017289864 16.830545 0.010907967 16.440916 0.0049692355 16.18278 0.006933783 0 7.421977 1.82 1.147177 0.12829494 0.98356944 0.021625446 2.2498398 109 17.89483 16.675758 0.004841832 16.365278 0.004914018 16.314184 0.0058120475 8.126154 0.22111817 393.66852 2.7441962 682.6253 3.170614 662.4093 3.5450778 421.53348 3.5122006 6.527113 0.19097675 7.6172757 0.30332902 29.230242 0.72517765 35.211716 0.78902626 72.55571 0.9248645 70.52245 0.38124695 144.36855 1.4180685 1065.3842 7477.411 d313 1.7637699 1.5374871 85.99819 3.5 0 2.291179 1.38 1.147177 0.12829494 0.9834891 8.322432e-05 1.4070015 112 17.57491 3.5
66608 105.19380138839075 -36.01842859505954 19.004887 0.0239403 17.160568 0.0066497405 16.369526 0.004108455 16.464304 0.004657145 15.884291 0.004373685 18.608538 0.028208688 18.51656 0.038766675 17.817122 0.02314323 17.674 0.020466028 16.934107 0.011490728 16.294716 0.004616324 15.892118 0.00597886 0 7.3536077 1.82 1.1922371 0.16124076 0.9831931 0.002242203 2.205133 107 17.735668 16.457516 0.0043047382 16.144192 0.00426995 16.090801 0.0049466146 6.2535295 0.2146121 362.24683 2.6838207 757.0874 3.271626 813.7288 3.7064486 553.0891 3.6280107 4.351516 0.18181291 3.9238493 0.28490067 20.538637 0.689223 26.309204 0.75406855 65.95011 0.9044833 80.56781 0.39681253 185.3933 1.4800208 1021.5479 7732.752 d313 1.7791011 1.4922376 85.92409 3.5 0 2.2825632 1.38 1.1922371 0.16124076 0.9835121 -0.0007001117 1.3912008 111 17.492918 3.5
69522 105.18348174994917 -35.97393516788632 20.048399 0.047075085 17.88048 0.009687318 17.036655 0.0057681836 17.063688 0.006494582 16.512262 0.006231756 19.806736 0.059525516 19.730932 0.083842576 18.77574 0.04036331 18.515766 0.033252966 17.748007 0.017652316 16.907766 0.006284803 16.535946 0.008415203 0 7.259688 1.82 1.2228222 0.18221962 0.9831879 0.028993946 2.204223 85 18.36439 17.090311 0.0061089164 16.777065 0.006478063 16.699797 0.0077750375 1.8594849 0.1983215 193.01848 2.3283525 410.99365 2.774468 464.38828 3.324711 312.32825 3.4157627 1.6926017 0.16986696 2.0684333 0.27513775 10.262197 0.6438649 11.704145 0.6924997 32.29612 0.7912545 45.917088 0.3404285 102.70017 1.3532952 1073.6694 8024.474 d313 1.7488248 1.4301547 85.34999 3.5 0 2.238718 1.38 1.2228222 0.18221962 0.98336923 -0.000515727 1.3957224 81 18.124516 3.5
70919 105.19430379554902 -35.9524570345286 18.944426 0.023102146 17.10435 0.006463968 16.372639 0.0041163503 16.520416 0.0048028114 15.999753 0.00466794 18.678808 0.029422805 18.396566 0.036113907 17.772099 0.022496438 17.661043 0.020363 16.898558 0.0112921605 16.319555 0.004678269 16.020138 0.0063745356 0 7.3213153 1.82 1.1810343 0.15328455 0.9835085 0.030115532 2.2073665 109 17.697062 16.532812 0.0044811843 16.225393 0.0044932733 16.187788 0.0053011426 6.3758693 0.21496841 375.59872 2.7093012 745.06555 3.2550285 744.1917 3.6326578 505.24606 3.585513 4.0871525 0.1805911 5.2166724 0.29141062 21.239178 0.6919684 27.24371 0.75758666 69.24466 0.9145911 77.665375 0.39232662 163.56421 1.4471754 1015.10486 8164.5757 d313 1.7746251 1.5026025 86.97188 3.5 0 2.2633865 1.38 1.1810343 0.15328455 0.99801445 -0.00016627625 1.4092923 113 17.435854 3.5
76334 105.1875994752372 -35.87199654236312 19.588503 0.034466013 17.786476 0.009207998 17.140745 0.00609596 17.284971 0.007382436 16.780392 0.007328599 19.266443 0.042313088 19.05248 0.053851303 18.436346 0.03283047 18.21597 0.02780822 17.595234 0.016256275 17.077106 0.006835574 16.817526 0.009743163 0 7.6691604 1.82 1.2452551 0.19695175 0.9830518 0.028823338 2.2361186 80 18.518562 17.325037 0.0070031597 16.98916 0.007514099 16.955921 0.009503697 3.4363115 0.20432198 203.6322 2.3522334 369.74402 2.7091212 366.80206 3.209922 245.20265 3.3541298 2.2688718 0.17252883 3.1332803 0.2807935 11.697768 0.65039736 18.024092 0.7198079 37.821545 0.81093735 40.059383 0.32994357 80.94951 1.3179185 1046.0554 8691.583 d313 1.7644763 1.4169596 88.5183 3.5 0 2.30143 1.38 1.2452551 0.19695175 0.998862 -0.00042961724 1.3983312 79 18.204887 3.5
81579 105.1888713059719 -35.79043771163793 19.76434 0.038258452 17.476885 0.007825164 16.599367 0.004610875 16.649595 0.005146478 16.122076 0.0050225873 19.512491 0.049540296 19.15691 0.057366274 18.331728 0.031069579 18.182556 0.027321389 17.334816 0.014160524 16.50997 0.0051576355 16.1561 0.0069100675 0 7.6376176 1.82 1.245219 0.19692838 0.98380226 0.03351343 2.1892915 98 17.971092 16.715618 0.004948606 16.402264 0.0050349445 16.352106 0.0059791887 3.4926536 0.20456116 277.22757 2.511797 610.04834 3.07053 639.6727 3.521845 447.1843 3.5367708 1.8244503 0.17050378 2.798415 0.27906647 12.672227 0.65487933 16.905876 0.7151418 47.497253 0.84438205 65.46953 0.3733257 142.81578 1.4163795 1034.6619 9225.428 d313 1.8357459 1.4742354 87.304375 3.5 0 2.3517132 1.38 1.245219 0.19692838 0.9838386 -0.0003973666 1.4246632 106 17.685816 3.5
88089 104.4705325257486 -35.65095530100388 18.211266 0.015055494 18.017567 0.010574473 16.507132 0.0044863243 15.512402 0.0028850872 15.465612 0.0034770267 99.0 99.0 18.845482 0.04864279 99.0 99.0 17.364628 0.01750912 18.073343 0.02123466 15.762524 0.0035644576 15.474965 0.004843697 0 3.489653 1.82 1.0290338 0.028214574 0.98470974 -0.0027351363 1.4984708 118 16.597174 15.673476 0.0028757565 15.505527 0.0029170543 15.47597 0.003258263 12.793689 0.23677447 304.62183 2.567962 1026.9475 3.6119056 1433.5477 4.30099 837.08276 3.8630514 1.2989856 0.16797559 4.7735744 0.28921378 5.7229 0.62258 44.902134 0.8257668 37.834175 0.8108106 131.09837 0.46697354 273.7564 1.6042799 4847.8086 10157.281 d313 1.598209 1.5531162 22.151194 3.5 0 2.4573693 1.38 1.0290338 0.028214574 0.99163276 0.007613987 1.2355433 95 16.91006 3.5
88146 104.59477255804492 -35.649767426997784 17.303936 0.009209607 18.672853 0.014705093 16.65394 0.0048110955 15.176391 0.0024486664 14.747745 0.0023976166 20.529566 0.094817735 19.550278 0.07349392 19.316715 0.055743642 18.21031 0.027793864 18.943947 0.03461734 15.0203495 0.0024948479 14.7673855 0.0033937693 0 2.6395419 1.82 1.0420053 0.040311992 0.9998659 -0.0019104033 1.4039998 151 15.722372 14.985382 0.0020536592 14.872754 0.0020629445 14.844752 0.002208617 30.157717 0.28752998 228.45645 2.4068313 1294.396 3.9204376 2563.8887 5.2142253 1584.5933 4.423932 2.1027672 0.17172988 4.137285 0.28596634 10.606004 0.6453061 26.865685 0.75623214 24.651863 0.7630511 260.97412 0.61148566 529.27716 1.9193945 4186.936 10163.815 d313 1.6472037 1.5808016 3.9528837 3.5 0 2.5823817 1.38 1.0420053 0.040311992 0.9998984 0.018300219 1.2530329 125 16.533136 3.5
10759 105.21607615454006 -36.89051135169055 18.90347 0.022874055 17.147701 0.006625591 16.405582 0.0042053033 16.505177 0.004783399 16.027624 0.0048024193 18.669487 0.02968607 18.402561 0.03664508 17.720041 0.022004042 17.63908 0.02027848 16.910728 0.0114399195 16.321579 0.004698374 16.045609 0.0064665764 0 8.903128 1.82 1.2390969 0.19296062 0.9833142 0.01025465 2.368845 117 18.129894 16.594893 0.0046331035 16.207407 0.0044418625 16.148771 0.005154648 6.6081767 0.215808 384.10144 2.7258742 729.2445 3.2339485 771.4209 3.661513 502.34424 3.5832102 3.9603674 0.1800465 4.975071 0.29020286 23.613325 0.7020385 28.295982 0.76185507 69.97336 0.9168998 78.69759 0.3939141 163.25053 1.4467796 954.8996 2023.2177 d313 1.9296308 1.557288 77.68417 3.5 0 2.77097 1.38 1.2390969 0.19296062 0.9920536 0.00011785635 1.555712 124 17.671494 3.5
17915 105.20698747798984 -36.77909788018903 19.036764 0.024647059 16.933477 0.0059387526 16.147566 0.003693234 16.300732 0.0042836647 15.741889 0.004075877 18.730495 0.030671464 18.304674 0.03451385 17.707117 0.021855446 17.475698 0.01846612 16.691435 0.010231102 16.048904 0.004091975 15.79102 0.0056307483 0 8.433088 1.82 1.2279156 0.18561178 0.9825536 0.005420833 2.3304968 127 17.72433 16.337698 0.0040388172 15.967094 0.003827335 15.913187 0.004364855 5.7811112 0.2127709 453.12408 2.855538 919.75616 3.4798713 958.3532 3.8518167 637.137 3.6970382 4.0263743 0.18026775 5.3227987 0.29185414 23.1424 0.699822 32.36533 0.777735 83.61172 0.95818996 101.642975 0.42736834 213.58182 1.5200449 996.00085 2752.9736 d313 1.8979101 1.5456356 77.786865 3.5 0 2.6132236 1.38 1.2279156 0.18561178 0.99951375 -1.7756505e-05 1.5033652 129 17.304228 3.5
19461 105.21185591115716 -36.756165138345736 19.75312 0.038728185 17.4779 0.007843175 16.656614 0.004752959 16.739178 0.0054228576 16.180536 0.005195802 19.535593 0.05074401 19.010887 0.05324002 18.337841 0.0315633 18.109112 0.026448276 17.272406 0.013778555 16.537344 0.0052057034 16.245436 0.0071354024 0 7.950006 1.82 1.1728379 0.14736724 0.9855392 0.0063243285 2.3844988 111 18.189213 16.788595 0.0051531075 16.387554 0.004988796 16.316069 0.0058209146 3.156704 0.20321448 285.64395 2.5287478 601.28735 3.0574756 661.2608 3.5443301 457.49445 3.5445263 2.1111937 0.1717567 2.7878447 0.27889296 12.891 0.65560776 19.337507 0.7251773 51.52036 0.8576281 67.31378 0.37620172 145.47617 1.4199942 969.1321 2902.8616 d313 1.8917084 1.6129326 85.59879 3.5 0 2.629093 1.38 1.1728379 0.14736724 0.9885346 -7.174793e-06 1.5614985 113 17.814062 3.5
28351 105.20915303979965 -36.61562206869061 19.156706 0.0264079 17.403221 0.007532527 16.730242 0.0049354625 16.921175 0.0060163937 16.352245 0.00571942 18.780443 0.03156232 18.522636 0.039485075 17.953863 0.025103496 17.846323 0.022793578 17.165184 0.013012773 16.64964 0.0055090766 16.377771 0.0076485374 0 7.662058 1.82 1.1768056 0.15024197 0.9820054 0.019284451 2.31692 98 18.228863 16.896898 0.0054720887 16.537844 0.005504661 16.47403 0.006547098 4.9631495 0.20998253 303.77182 2.566737 549.43713 2.9834507 571.72626 3.446729 380.31174 3.47729 3.6133518 0.17859648 4.158875 0.2861542 18.674662 0.68129426 22.15064 0.7371363 54.253326 0.8668743 59.34779 0.36334133 125.08024 1.3888336 975.10785 3822.9675 d313 1.792599 1.5232754 74.43222 3.5 0 2.390131 1.38 1.1768056 0.15024197 0.9835209 -0.0005195493 1.4635099 95 17.790653 3.5
29351 105.20514945549236 -36.59630345449376 18.585505 0.018781815 17.19174 0.006772632 16.673012 0.0047959127 16.937971 0.0060629067 16.406502 0.005905999 18.11037 0.021273518 18.004377 0.028771697 17.546026 0.01995421 17.529102 0.018987045 16.99352 0.011886837 16.640062 0.0054829703 16.431139 0.007889948 0 8.798652 1.82 1.196982 0.1645655 0.98307943 0.008786261 2.3038955 99 18.255856 16.927063 0.0055656694 16.58796 0.0056920853 16.529417 0.0068219467 8.953122 0.22391386 358.03137 2.6745422 568.3601 3.0095813 543.29236 3.41281 353.75278 3.4508142 6.8844213 0.19240785 6.9975686 0.30022478 26.165974 0.71247 30.52572 0.7705255 64.17931 0.8984929 59.163864 0.3628796 118.36535 1.3773429 995.02216 3949.6113 d313 1.8056326 1.5084877 75.83115 3.5 0 2.4757566 1.38 1.196982 0.1645655 0.996544 -5.7881593e-05 1.4608334 105 17.844893 3.5
29536 105.20972282681572 -36.59668453928325 18.861813 0.022074955 17.500267 0.007921043 16.92837 0.00545969 17.161768 0.0069192587 16.576756 0.006529271 18.525227 0.026857568 18.421925 0.03657178 17.94093 0.024846464 17.809984 0.022133684 17.27373 0.01375061 16.863785 0.006140051 16.619276 0.00871826 0 8.749822 1.82 1.1999614 0.16663986 0.9827194 0.01912452 2.2713296 88 18.419611 17.153091 0.006328963 16.806545 0.006607541 16.74183 0.008030505 6.776254 0.21643034 277.46307 2.5116549 458.72745 2.8477607 446.75357 3.3035512 308.0146 3.4109397 4.8829145 0.18407619 4.9239063 0.28998017 19.710283 0.685553 23.098753 0.7408341 50.315456 0.8536095 48.31553 0.3445741 99.77273 1.3482652 971.0083 3946.9019 d313 1.7835314 1.486324 76.85102 3.5 0 2.3921475 1.38 1.1999614 0.16663986 0.9836677 -0.00048020796 1.4666375 86 17.978338 3.5
37321 105.20832956007672 -36.46998644228282 19.50825 0.033016983 17.633348 0.00850039 16.882095 0.0053267544 16.994698 0.006275664 16.5257 0.00639653 19.164757 0.039652888 18.948486 0.050454922 18.370855 0.03183924 18.171759 0.027189871 17.440779 0.014957239 16.768917 0.005843188 16.423166 0.0078107305 0 7.874014 1.82 1.2484804 0.19902629 0.9812571 0.007255572 2.2705522 85 18.355543 16.953182 0.005651017 16.643236 0.005911465 16.621164 0.007319407 3.685076 0.20526658 236.13333 2.424008 462.12558 2.853507 499.26892 3.3649654 311.46265 3.4151988 2.5977051 0.17404133 3.5437093 0.28296256 12.766676 0.6552614 16.523771 0.7134647 44.642517 0.8346368 52.88282 0.35250452 117.08793 1.3762759 970.94556 4776.2993 d313 1.8283006 1.4644207 81.00808 3.5 0 2.3824093 1.38 1.2484804 0.19902629 0.999804 -6.357546e-05 1.4350861 88 17.954815 3.5
38386 105.2021956485804 -36.44792344998696 21.002945 0.0939022 17.852642 0.009566367 16.458439 0.0043010795 15.956114 0.0035613214 15.038206 0.002781921 20.351347 0.088674426 19.987825 0.102750435 19.231506 0.054577023 18.953882 0.044015847 17.678804 0.01704307 16.0888 0.0041627497 15.116731 0.003992427 0 7.6976485 1.82 1.2449473 0.19675314 0.9862656 0.0032722666 2.2977657 129 17.252335 15.914026 0.0032447483 15.563347 0.003015333 15.511924 0.0033346987 0.806629 0.19409367 191.07507 2.3230367 689.7686 3.1802828 1386.8542 4.258509 1239.7875 4.173756 0.91259813 0.1660971 1.3993883 0.27136287 6.8753786 0.62783015 7.4768786 0.67323536 33.62599 0.7956875 97.754425 0.42191935 387.04443 1.750725 1001.95886 4921.004 d313 1.896528 1.5233802 79.77784 3.5 0 2.3855069 1.38 1.2449473 0.19675314 0.9922684 -0.00018189164 1.413656 122 17.481106 3.5
