Ha-emitters-disk/Halpha-disk_splus_175r185-Mine_PerField.ecsv
# %ECSV 1.0
# ---
# datatype:
# - {name: NUMBER, datatype: int64}
# - {name: ALPHA, datatype: float64}
# - {name: DELTA, datatype: float64}
# - {name: u, datatype: float64}
# - {name: uerr, datatype: float64}
# - {name: g, datatype: float64}
# - {name: gerr, datatype: float64}
# - {name: r, datatype: float64}
# - {name: rerr, datatype: float64}
# - {name: i, datatype: float64}
# - {name: ierr, datatype: float64}
# - {name: z, datatype: float64}
# - {name: zerr, datatype: float64}
# - {name: F378, datatype: float64}
# - {name: F378err, datatype: float64}
# - {name: F395, datatype: float64}
# - {name: F395err, datatype: float64}
# - {name: F410, datatype: float64}
# - {name: F410err, datatype: float64}
# - {name: F430, datatype: float64}
# - {name: F430err, datatype: float64}
# - {name: F515, datatype: float64}
# - {name: F515err, datatype: float64}
# - {name: F660, datatype: float64}
# - {name: F660err, datatype: float64}
# - {name: F861, datatype: float64}
# - {name: F861err, datatype: float64}
# - {name: flags_i, datatype: int64}
# - {name: fwhm_i, datatype: float64}
# - {name: fwhm_psf_i, datatype: float64}
# - {name: ellog_i, datatype: float64}
# - {name: ellip_i, datatype: float64}
# - {name: class_i, datatype: float64}
# - {name: spread_i, datatype: float64}
# - {name: flux_radius_i, datatype: float64}
# - {name: area_i, datatype: int64}
# - {name: mumax_i, datatype: float64}
# - {name: mag_aper2_i, datatype: float64}
# - {name: magerr_apper2_i, datatype: float64}
# - {name: mag_aper4_i, datatype: float64}
# - {name: magerr_apper4_i, datatype: float64}
# - {name: mag_aper6_i, datatype: float64}
# - {name: magerr_apper6_i, datatype: float64}
# - {name: flux_aper6_u, datatype: float64}
# - {name: fluxerr_aper6_u, datatype: float64}
# - {name: flux_aper6_g, datatype: float64}
# - {name: fluxerr_aper6_g, datatype: float64}
# - {name: flux_aper6_r, datatype: float64}
# - {name: fluxerr_aper6_r, datatype: float64}
# - {name: flux_aper6_i, datatype: float64}
# - {name: fluxerr_aper6_i, datatype: float64}
# - {name: flux_aper6_z, datatype: float64}
# - {name: fluxerr_aper6_z, datatype: float64}
# - {name: flux_aper6_F378, datatype: float64}
# - {name: fluxerr_aper6_F378, datatype: float64}
# - {name: flux_aper6_F395, datatype: float64}
# - {name: fluxerr_aper6_F395, datatype: float64}
# - {name: flux_aper6_F410, datatype: float64}
# - {name: fluxerr_aper6_F410, datatype: float64}
# - {name: flux_aper6_F430, datatype: float64}
# - {name: fluxerr_aper6_F430, datatype: float64}
# - {name: flux_aper6_F515, datatype: float64}
# - {name: fluxerr_aper6_F515, datatype: float64}
# - {name: flux_aper6_F660, datatype: float64}
# - {name: fluxerr_aper6_F660, datatype: float64}
# - {name: flux_aper6_F861, datatype: float64}
# - {name: fluxerr_aper6_F861, datatype: float64}
# - {name: x, datatype: float64}
# - {name: y, datatype: float64}
# - {name: field, datatype: string}
# - {name: a_image, datatype: float64}
# - {name: b_image, datatype: float64}
# - {name: theta_image, datatype: float64}
# - {name: kron_radius_i, datatype: float64}
# - {name: flags_r, datatype: int64}
# - {name: fwhm_r, datatype: float64}
# - {name: fwhm_psf_r, datatype: float64}
# - {name: ellog_r, datatype: float64}
# - {name: ellip_r, datatype: float64}
# - {name: class_r, datatype: float64}
# - {name: spread_r, datatype: float64}
# - {name: flux_radius_r, datatype: float64}
# - {name: area_r, datatype: int64}
# - {name: mumax_r, datatype: float64}
# - {name: kron_radius_r, datatype: float64}
# schema: astropy-2.0
NUMBER ALPHA DELTA u uerr g gerr r rerr i ierr z zerr F378 F378err F395 F395err F410 F410err F430 F430err F515 F515err F660 F660err F861 F861err flags_i fwhm_i fwhm_psf_i ellog_i ellip_i class_i spread_i flux_radius_i area_i mumax_i mag_aper2_i magerr_apper2_i mag_aper4_i magerr_apper4_i mag_aper6_i magerr_apper6_i flux_aper6_u fluxerr_aper6_u flux_aper6_g fluxerr_aper6_g flux_aper6_r fluxerr_aper6_r flux_aper6_i fluxerr_aper6_i flux_aper6_z fluxerr_aper6_z flux_aper6_F378 fluxerr_aper6_F378 flux_aper6_F395 fluxerr_aper6_F395 flux_aper6_F410 fluxerr_aper6_F410 flux_aper6_F430 fluxerr_aper6_F430 flux_aper6_F515 fluxerr_aper6_F515 flux_aper6_F660 fluxerr_aper6_F660 flux_aper6_F861 fluxerr_aper6_F861 x y field a_image b_image theta_image kron_radius_i flags_r fwhm_r fwhm_psf_r ellog_r ellip_r class_r spread_r flux_radius_r area_r mumax_r kron_radius_r
[from data line 1015]
99873 132.02888386567523 -38.92648223958046 21.568117 1.5274694 19.575 0.07064964 18.427725 0.023184385 17.890074 0.013520251 17.515507 0.014384696 20.213215 0.34733748 20.119333 0.34864745 19.90229 0.2805962 99.0 99.0 19.362545 0.1257747 17.958609 0.018507931 17.565493 0.019563278 0 2.2224638 1.23 1.1246294 0.11081821 0.98323977 0.00072646415 1.3067839 34 18.78788 18.113844 0.01675415 17.967943 0.026470907 17.880104 0.035735786 0.41834292 0.68489707 17.499546 7.582455 107.01541 6.0982003 154.58199 5.0866566 114.38914 4.2454433 0.8348983 0.5066462 0.7604625 0.7088987 4.4778495 1.9501684 1.7816405 2.0552924 5.619982 2.139412 15.46406 0.71891665 44.76791 1.9017733 5660.482 6684.3003 d361 1.4123821 1.2558645 19.987755 3.5 0 3.106861 1.57 1.1246294 0.11081821 0.98330814 -4.6152425e-05 1.5637633 31 19.633669 3.5
121795 132.9323846952076 -38.74830752691895 19.826813 0.119129546 18.494173 0.026939223 17.917173 0.015370009 17.449198 0.009914716 17.098644 0.010595434 18.954744 0.08610963 18.881445 0.11027846 18.511782 0.077137545 18.510317 0.073174834 17.910873 0.035418406 17.441364 0.012121798 17.063644 0.013863039 0 2.0318112 1.23 1.2198554 0.18023074 0.98570776 -0.00684141 1.0706537 25 18.057814 17.687723 0.011954695 17.51367 0.017805997 17.3963 0.02316475 2.0509388 0.68639815 86.51474 7.6266785 167.5609 6.13846 241.36848 5.148472 166.17789 4.2812514 2.088301 0.50836 2.2553284 0.71168005 14.253037 1.9639925 20.1516 2.0814366 35.43174 2.1778598 39.281303 0.7382664 89.64285 1.9516834 1048.446 7829.382 d361 1.3295768 1.0899463 80.91151 3.5 0 2.2870357 1.57 1.2198554 0.18023074 0.9716316 -0.017794032 1.0209905 17 18.354029 3.5
129285 132.43754074049485 -38.692845106953946 20.849056 0.32563826 19.189129 0.0499138 18.083542 0.017616443 17.618196 0.011171483 17.343771 0.012666748 20.398094 0.32735866 99.0 99.0 20.199844 0.36021256 19.749863 0.22470266 18.885307 0.08244014 17.334229 0.01187525 17.373388 0.017108398 0 2.3226068 1.23 1.1349701 0.11891949 0.97940415 -0.00031173354 1.3686087 40 18.583746 17.830528 0.013354692 17.6804 0.020555902 17.59278 0.02758916 1.011068 0.684915 54.383842 7.600916 149.48468 6.1228456 201.41344 5.116784 156.56898 4.2723665 0.005328342 0.5048746 -0.34838432 0.7066431 2.1825693 1.944864 3.4123182 2.0557814 7.2230177 2.1395495 33.360107 0.7331038 47.642014 1.9033698 3573.2058 8209.666 d361 1.4511917 1.2786167 19.045815 3.5 0 3.0425296 1.57 1.1349701 0.11891949 0.98217 -0.00081912795 1.5711989 33 19.384956 3.5
129667 132.40003190578335 -38.689059386692655 99.0 99.0 19.059065 0.04486344 17.997631 0.016508767 17.518375 0.010459374 17.187517 0.011331682 21.044449 0.59022224 99.0 99.0 19.60502 0.21522284 19.520641 0.18556212 18.829102 0.078576095 17.663982 0.014841362 17.28812 0.016089212 0 2.3226032 1.23 1.1352378 0.11912727 0.9492884 7.40396e-05 1.3962764 45 18.461306 17.742922 0.012466404 17.577986 0.01881322 17.505068 0.025510168 -0.28719142 0.6837838 56.222652 7.6021895 139.60457 6.1158214 218.36015 5.1292853 215.77391 4.3151846 1.2273998 0.50678307 -0.20960869 0.7066431 4.1032705 1.947775 6.484943 2.0603378 9.7315 2.142895 21.9518 0.7236784 57.059307 1.9141197 3764.7456 8235.196 d361 1.523517 1.3420246 48.050404 0.0 0 3.4227936 1.57 1.1352378 0.11912727 0.98107976 0.00079793326 1.6410282 39 19.236818 3.5
130 131.9693215101243 -39.818876558010125 99.0 99.0 17.173405 0.009769524 17.52517 0.011203292 16.254257 0.004791169 16.968037 0.009548998 19.64534 0.15189245 19.50524 0.1820807 17.756577 0.040231466 17.681406 0.037073966 16.97142 0.017623298 16.058636 0.0049579656 15.459423 0.0052876966 0 2.7744668 1.23 1.2363063 0.19113892 0.9966734 -0.00014798582 1.1264031 50 16.287115 16.197681 0.0042838226 16.096954 0.0056116767 16.061201 0.0073182425 0.719503 0.6852336 314.2587 7.785754 286.86758 6.225189 825.5052 5.5628424 285.07788 4.3685093 -0.1842305 0.5053428 0.7415289 0.7088592 17.926964 1.9704062 21.406511 2.0842288 59.808228 2.2105622 92.6439 0.7808537 265.7807 2.1400578 5957.9277 842.7254 d361 1.5771052 1.275659 -5.000853 3.5 0 2.6153939 1.57 1.2363063 0.19113892 0.9759806 -0.0059658233 1.2884592 39 17.754755 3.5
459 132.66949321000993 -39.810909837094194 99.0 99.0 16.780767 0.007513234 17.977997 0.014992978 15.346687 0.0029602675 17.335545 0.011870212 19.880098 0.17975684 18.647022 0.08601755 18.08652 0.050933335 17.927492 0.042950585 16.242191 0.010818402 14.919541 0.0026533117 13.590169 0.0020062139 0 2.3400495 1.23 1.2481545 0.19881713 0.98063946 0.029387109 1.0987141 113 14.748121 14.778098 0.0019388358 14.679354 0.0021243023 14.637053 0.0024517735 2.2833683 0.68697876 489.76572 7.9035277 267.96558 6.211965 3064.6392 6.9187856 342.6838 4.409268 1.6959856 0.507987 1.3295398 0.7100852 12.9115715 1.9628836 14.564885 2.0741868 116.34926 2.2824385 316.91086 0.9378984 1539.6836 3.1829422 2437.2285 884.6843 d361 1.8540156 1.4854056 4.755578 3.5 0 4.734845 1.57 1.2481545 0.19881713 0.8995019 0.007659092 2.7336452 71 18.71324 3.5
44864 132.43582995015814 -39.40021601626932 99.0 99.0 19.423325 0.059148833 18.217718 0.01891846 17.624464 0.010948729 17.209661 0.011217758 99.0 99.0 20.57685 0.5028255 20.302261 0.3820072 99.0 99.0 19.190212 0.104857795 17.84548 0.016284307 17.351349 0.016354667 0 1.9104497 1.23 1.1063277 0.096108675 0.9828778 -0.0015863928 1.2358941 37 18.348738 17.841799 0.013498984 17.722603 0.021334419 17.715313 0.030814582 -0.47719517 0.68437546 44.338516 7.6004734 115.98724 6.104131 179.91812 5.105066 151.70293 4.2723308 0.8489955 0.5066286 0.7869149 0.7088985 0.6012388 1.9441433 -1.1770241 2.052484 4.85693 2.1382263 18.009869 0.7209903 49.658867 1.9072278 3601.0886 3579.5532 d361 1.3716215 1.2397968 -12.592716 0.0 0 2.6890109 1.57 1.1063277 0.096108675 0.98189366 0.00020923068 1.479448 35 19.517916 3.5
99873 132.02888386567523 -38.92648223958046 21.568117 1.5274694 19.575 0.07064964 18.427725 0.023184385 17.890074 0.013520251 17.515507 0.014384696 20.213215 0.34733748 20.119333 0.34864745 19.90229 0.2805962 99.0 99.0 19.362545 0.1257747 17.958609 0.018507931 17.565493 0.019563278 0 2.2224638 1.23 1.1246294 0.11081821 0.98323977 0.00072646415 1.3067839 34 18.78788 18.113844 0.01675415 17.967943 0.026470907 17.880104 0.035735786 0.41834292 0.68489707 17.499546 7.582455 107.01541 6.0982003 154.58199 5.0866566 114.38914 4.2454433 0.8348983 0.5066462 0.7604625 0.7088987 4.4778495 1.9501684 1.7816405 2.0552924 5.619982 2.139412 15.46406 0.71891665 44.76791 1.9017733 5660.482 6684.3003 d361 1.4123821 1.2558645 19.987755 3.5 0 3.106861 1.57 1.1246294 0.11081821 0.98330814 -4.6152425e-05 1.5637633 31 19.633669 3.5
121795 132.9323846952076 -38.74830752691895 19.826813 0.119129546 18.494173 0.026939223 17.917173 0.015370009 17.449198 0.009914716 17.098644 0.010595434 18.954744 0.08610963 18.881445 0.11027846 18.511782 0.077137545 18.510317 0.073174834 17.910873 0.035418406 17.441364 0.012121798 17.063644 0.013863039 0 2.0318112 1.23 1.2198554 0.18023074 0.98570776 -0.00684141 1.0706537 25 18.057814 17.687723 0.011954695 17.51367 0.017805997 17.3963 0.02316475 2.0509388 0.68639815 86.51474 7.6266785 167.5609 6.13846 241.36848 5.148472 166.17789 4.2812514 2.088301 0.50836 2.2553284 0.71168005 14.253037 1.9639925 20.1516 2.0814366 35.43174 2.1778598 39.281303 0.7382664 89.64285 1.9516834 1048.446 7829.382 d361 1.3295768 1.0899463 80.91151 3.5 0 2.2870357 1.57 1.2198554 0.18023074 0.9716316 -0.017794032 1.0209905 17 18.354029 3.5
129285 132.43754074049485 -38.692845106953946 20.849056 0.32563826 19.189129 0.0499138 18.083542 0.017616443 17.618196 0.011171483 17.343771 0.012666748 20.398094 0.32735866 99.0 99.0 20.199844 0.36021256 19.749863 0.22470266 18.885307 0.08244014 17.334229 0.01187525 17.373388 0.017108398 0 2.3226068 1.23 1.1349701 0.11891949 0.97940415 -0.00031173354 1.3686087 40 18.583746 17.830528 0.013354692 17.6804 0.020555902 17.59278 0.02758916 1.011068 0.684915 54.383842 7.600916 149.48468 6.1228456 201.41344 5.116784 156.56898 4.2723665 0.005328342 0.5048746 -0.34838432 0.7066431 2.1825693 1.944864 3.4123182 2.0557814 7.2230177 2.1395495 33.360107 0.7331038 47.642014 1.9033698 3573.2058 8209.666 d361 1.4511917 1.2786167 19.045815 3.5 0 3.0425296 1.57 1.1349701 0.11891949 0.98217 -0.00081912795 1.5711989 33 19.384956 3.5
129667 132.40003190578335 -38.689059386692655 99.0 99.0 19.059065 0.04486344 17.997631 0.016508767 17.518375 0.010459374 17.187517 0.011331682 21.044449 0.59022224 99.0 99.0 19.60502 0.21522284 19.520641 0.18556212 18.829102 0.078576095 17.663982 0.014841362 17.28812 0.016089212 0 2.3226032 1.23 1.1352378 0.11912727 0.9492884 7.40396e-05 1.3962764 45 18.461306 17.742922 0.012466404 17.577986 0.01881322 17.505068 0.025510168 -0.28719142 0.6837838 56.222652 7.6021895 139.60457 6.1158214 218.36015 5.1292853 215.77391 4.3151846 1.2273998 0.50678307 -0.20960869 0.7066431 4.1032705 1.947775 6.484943 2.0603378 9.7315 2.142895 21.9518 0.7236784 57.059307 1.9141197 3764.7456 8235.196 d361 1.523517 1.3420246 48.050404 0.0 0 3.4227936 1.57 1.1352378 0.11912727 0.98107976 0.00079793326 1.6410282 39 19.236818 3.5
130 131.9693215101243 -39.818876558010125 99.0 99.0 17.173405 0.009769524 17.52517 0.011203292 16.254257 0.004791169 16.968037 0.009548998 19.64534 0.15189245 19.50524 0.1820807 17.756577 0.040231466 17.681406 0.037073966 16.97142 0.017623298 16.058636 0.0049579656 15.459423 0.0052876966 0 2.7744668 1.23 1.2363063 0.19113892 0.9966734 -0.00014798582 1.1264031 50 16.287115 16.197681 0.0042838226 16.096954 0.0056116767 16.061201 0.0073182425 0.719503 0.6852336 314.2587 7.785754 286.86758 6.225189 825.5052 5.5628424 285.07788 4.3685093 -0.1842305 0.5053428 0.7415289 0.7088592 17.926964 1.9704062 21.406511 2.0842288 59.808228 2.2105622 92.6439 0.7808537 265.7807 2.1400578 5957.9277 842.7254 d361 1.5771052 1.275659 -5.000853 3.5 0 2.6153939 1.57 1.2363063 0.19113892 0.9759806 -0.0059658233 1.2884592 39 17.754755 3.5
459 132.66949321000993 -39.810909837094194 99.0 99.0 16.780767 0.007513234 17.977997 0.014992978 15.346687 0.0029602675 17.335545 0.011870212 19.880098 0.17975684 18.647022 0.08601755 18.08652 0.050933335 17.927492 0.042950585 16.242191 0.010818402 14.919541 0.0026533117 13.590169 0.0020062139 0 2.3400495 1.23 1.2481545 0.19881713 0.98063946 0.029387109 1.0987141 113 14.748121 14.778098 0.0019388358 14.679354 0.0021243023 14.637053 0.0024517735 2.2833683 0.68697876 489.76572 7.9035277 267.96558 6.211965 3064.6392 6.9187856 342.6838 4.409268 1.6959856 0.507987 1.3295398 0.7100852 12.9115715 1.9628836 14.564885 2.0741868 116.34926 2.2824385 316.91086 0.9378984 1539.6836 3.1829422 2437.2285 884.6843 d361 1.8540156 1.4854056 4.755578 3.5 0 4.734845 1.57 1.2481545 0.19881713 0.8995019 0.007659092 2.7336452 71 18.71324 3.5
44864 132.43582995015814 -39.40021601626932 99.0 99.0 19.423325 0.059148833 18.217718 0.01891846 17.624464 0.010948729 17.209661 0.011217758 99.0 99.0 20.57685 0.5028255 20.302261 0.3820072 99.0 99.0 19.190212 0.104857795 17.84548 0.016284307 17.351349 0.016354667 0 1.9104497 1.23 1.1063277 0.096108675 0.9828778 -0.0015863928 1.2358941 37 18.348738 17.841799 0.013498984 17.722603 0.021334419 17.715313 0.030814582 -0.47719517 0.68437546 44.338516 7.6004734 115.98724 6.104131 179.91812 5.105066 151.70293 4.2723308 0.8489955 0.5066286 0.7869149 0.7088985 0.6012388 1.9441433 -1.1770241 2.052484 4.85693 2.1382263 18.009869 0.7209903 49.658867 1.9072278 3601.0886 3579.5532 d361 1.3716215 1.2397968 -12.592716 0.0 0 2.6890109 1.57 1.1063277 0.096108675 0.98189366 0.00020923068 1.479448 35 19.517916 3.5
99873 132.02888386567523 -38.92648223958046 21.568117 1.5274694 19.575 0.07064964 18.427725 0.023184385 17.890074 0.013520251 17.515507 0.014384696 20.213215 0.34733748 20.119333 0.34864745 19.90229 0.2805962 99.0 99.0 19.362545 0.1257747 17.958609 0.018507931 17.565493 0.019563278 0 2.2224638 1.23 1.1246294 0.11081821 0.98323977 0.00072646415 1.3067839 34 18.78788 18.113844 0.01675415 17.967943 0.026470907 17.880104 0.035735786 0.41834292 0.68489707 17.499546 7.582455 107.01541 6.0982003 154.58199 5.0866566 114.38914 4.2454433 0.8348983 0.5066462 0.7604625 0.7088987 4.4778495 1.9501684 1.7816405 2.0552924 5.619982 2.139412 15.46406 0.71891665 44.76791 1.9017733 5660.482 6684.3003 d361 1.4123821 1.2558645 19.987755 3.5 0 3.106861 1.57 1.1246294 0.11081821 0.98330814 -4.6152425e-05 1.5637633 31 19.633669 3.5
121795 132.9323846952076 -38.74830752691895 19.826813 0.119129546 18.494173 0.026939223 17.917173 0.015370009 17.449198 0.009914716 17.098644 0.010595434 18.954744 0.08610963 18.881445 0.11027846 18.511782 0.077137545 18.510317 0.073174834 17.910873 0.035418406 17.441364 0.012121798 17.063644 0.013863039 0 2.0318112 1.23 1.2198554 0.18023074 0.98570776 -0.00684141 1.0706537 25 18.057814 17.687723 0.011954695 17.51367 0.017805997 17.3963 0.02316475 2.0509388 0.68639815 86.51474 7.6266785 167.5609 6.13846 241.36848 5.148472 166.17789 4.2812514 2.088301 0.50836 2.2553284 0.71168005 14.253037 1.9639925 20.1516 2.0814366 35.43174 2.1778598 39.281303 0.7382664 89.64285 1.9516834 1048.446 7829.382 d361 1.3295768 1.0899463 80.91151 3.5 0 2.2870357 1.57 1.2198554 0.18023074 0.9716316 -0.017794032 1.0209905 17 18.354029 3.5
129285 132.43754074049485 -38.692845106953946 20.849056 0.32563826 19.189129 0.0499138 18.083542 0.017616443 17.618196 0.011171483 17.343771 0.012666748 20.398094 0.32735866 99.0 99.0 20.199844 0.36021256 19.749863 0.22470266 18.885307 0.08244014 17.334229 0.01187525 17.373388 0.017108398 0 2.3226068 1.23 1.1349701 0.11891949 0.97940415 -0.00031173354 1.3686087 40 18.583746 17.830528 0.013354692 17.6804 0.020555902 17.59278 0.02758916 1.011068 0.684915 54.383842 7.600916 149.48468 6.1228456 201.41344 5.116784 156.56898 4.2723665 0.005328342 0.5048746 -0.34838432 0.7066431 2.1825693 1.944864 3.4123182 2.0557814 7.2230177 2.1395495 33.360107 0.7331038 47.642014 1.9033698 3573.2058 8209.666 d361 1.4511917 1.2786167 19.045815 3.5 0 3.0425296 1.57 1.1349701 0.11891949 0.98217 -0.00081912795 1.5711989 33 19.384956 3.5
129667 132.40003190578335 -38.689059386692655 99.0 99.0 19.059065 0.04486344 17.997631 0.016508767 17.518375 0.010459374 17.187517 0.011331682 21.044449 0.59022224 99.0 99.0 19.60502 0.21522284 19.520641 0.18556212 18.829102 0.078576095 17.663982 0.014841362 17.28812 0.016089212 0 2.3226032 1.23 1.1352378 0.11912727 0.9492884 7.40396e-05 1.3962764 45 18.461306 17.742922 0.012466404 17.577986 0.01881322 17.505068 0.025510168 -0.28719142 0.6837838 56.222652 7.6021895 139.60457 6.1158214 218.36015 5.1292853 215.77391 4.3151846 1.2273998 0.50678307 -0.20960869 0.7066431 4.1032705 1.947775 6.484943 2.0603378 9.7315 2.142895 21.9518 0.7236784 57.059307 1.9141197 3764.7456 8235.196 d361 1.523517 1.3420246 48.050404 0.0 0 3.4227936 1.57 1.1352378 0.11912727 0.98107976 0.00079793326 1.6410282 39 19.236818 3.5
130 131.9693215101243 -39.818876558010125 99.0 99.0 17.173405 0.009769524 17.52517 0.011203292 16.254257 0.004791169 16.968037 0.009548998 19.64534 0.15189245 19.50524 0.1820807 17.756577 0.040231466 17.681406 0.037073966 16.97142 0.017623298 16.058636 0.0049579656 15.459423 0.0052876966 0 2.7744668 1.23 1.2363063 0.19113892 0.9966734 -0.00014798582 1.1264031 50 16.287115 16.197681 0.0042838226 16.096954 0.0056116767 16.061201 0.0073182425 0.719503 0.6852336 314.2587 7.785754 286.86758 6.225189 825.5052 5.5628424 285.07788 4.3685093 -0.1842305 0.5053428 0.7415289 0.7088592 17.926964 1.9704062 21.406511 2.0842288 59.808228 2.2105622 92.6439 0.7808537 265.7807 2.1400578 5957.9277 842.7254 d361 1.5771052 1.275659 -5.000853 3.5 0 2.6153939 1.57 1.2363063 0.19113892 0.9759806 -0.0059658233 1.2884592 39 17.754755 3.5
