Ha-emitters-disk/Halpha-disk_splus_185r195-Mine_PerField.ecsv
# %ECSV 1.0
# ---
# datatype:
# - {name: NUMBER, datatype: int64}
# - {name: ALPHA, datatype: float64}
# - {name: DELTA, datatype: float64}
# - {name: u, datatype: float64}
# - {name: uerr, datatype: float64}
# - {name: g, datatype: float64}
# - {name: gerr, datatype: float64}
# - {name: r, datatype: float64}
# - {name: rerr, datatype: float64}
# - {name: i, datatype: float64}
# - {name: ierr, datatype: float64}
# - {name: z, datatype: float64}
# - {name: zerr, datatype: float64}
# - {name: F378, datatype: float64}
# - {name: F378err, datatype: float64}
# - {name: F395, datatype: float64}
# - {name: F395err, datatype: float64}
# - {name: F410, datatype: float64}
# - {name: F410err, datatype: float64}
# - {name: F430, datatype: float64}
# - {name: F430err, datatype: float64}
# - {name: F515, datatype: float64}
# - {name: F515err, datatype: float64}
# - {name: F660, datatype: float64}
# - {name: F660err, datatype: float64}
# - {name: F861, datatype: float64}
# - {name: F861err, datatype: float64}
# - {name: flags_i, datatype: int64}
# - {name: fwhm_i, datatype: float64}
# - {name: fwhm_psf_i, datatype: float64}
# - {name: ellog_i, datatype: float64}
# - {name: ellip_i, datatype: float64}
# - {name: class_i, datatype: float64}
# - {name: spread_i, datatype: float64}
# - {name: flux_radius_i, datatype: float64}
# - {name: area_i, datatype: int64}
# - {name: mumax_i, datatype: float64}
# - {name: mag_aper2_i, datatype: float64}
# - {name: magerr_apper2_i, datatype: float64}
# - {name: mag_aper4_i, datatype: float64}
# - {name: magerr_apper4_i, datatype: float64}
# - {name: mag_aper6_i, datatype: float64}
# - {name: magerr_apper6_i, datatype: float64}
# - {name: flux_aper6_u, datatype: float64}
# - {name: fluxerr_aper6_u, datatype: float64}
# - {name: flux_aper6_g, datatype: float64}
# - {name: fluxerr_aper6_g, datatype: float64}
# - {name: flux_aper6_r, datatype: float64}
# - {name: fluxerr_aper6_r, datatype: float64}
# - {name: flux_aper6_i, datatype: float64}
# - {name: fluxerr_aper6_i, datatype: float64}
# - {name: flux_aper6_z, datatype: float64}
# - {name: fluxerr_aper6_z, datatype: float64}
# - {name: flux_aper6_F378, datatype: float64}
# - {name: fluxerr_aper6_F378, datatype: float64}
# - {name: flux_aper6_F395, datatype: float64}
# - {name: fluxerr_aper6_F395, datatype: float64}
# - {name: flux_aper6_F410, datatype: float64}
# - {name: fluxerr_aper6_F410, datatype: float64}
# - {name: flux_aper6_F430, datatype: float64}
# - {name: fluxerr_aper6_F430, datatype: float64}
# - {name: flux_aper6_F515, datatype: float64}
# - {name: fluxerr_aper6_F515, datatype: float64}
# - {name: flux_aper6_F660, datatype: float64}
# - {name: fluxerr_aper6_F660, datatype: float64}
# - {name: flux_aper6_F861, datatype: float64}
# - {name: fluxerr_aper6_F861, datatype: float64}
# - {name: x, datatype: float64}
# - {name: y, datatype: float64}
# - {name: field, datatype: string}
# - {name: a_image, datatype: float64}
# - {name: b_image, datatype: float64}
# - {name: theta_image, datatype: float64}
# - {name: kron_radius_i, datatype: float64}
# - {name: flags_r, datatype: int64}
# - {name: fwhm_r, datatype: float64}
# - {name: fwhm_psf_r, datatype: float64}
# - {name: ellog_r, datatype: float64}
# - {name: ellip_r, datatype: float64}
# - {name: class_r, datatype: float64}
# - {name: spread_r, datatype: float64}
# - {name: flux_radius_r, datatype: float64}
# - {name: area_r, datatype: int64}
# - {name: mumax_r, datatype: float64}
# - {name: kron_radius_r, datatype: float64}
# schema: astropy-2.0
NUMBER ALPHA DELTA u uerr g gerr r rerr i ierr z zerr F378 F378err F395 F395err F410 F410err F430 F430err F515 F515err F660 F660err F861 F861err flags_i fwhm_i fwhm_psf_i ellog_i ellip_i class_i spread_i flux_radius_i area_i mumax_i mag_aper2_i magerr_apper2_i mag_aper4_i magerr_apper4_i mag_aper6_i magerr_apper6_i flux_aper6_u fluxerr_aper6_u flux_aper6_g fluxerr_aper6_g flux_aper6_r fluxerr_aper6_r flux_aper6_i fluxerr_aper6_i flux_aper6_z fluxerr_aper6_z flux_aper6_F378 fluxerr_aper6_F378 flux_aper6_F395 fluxerr_aper6_F395 flux_aper6_F410 fluxerr_aper6_F410 flux_aper6_F430 fluxerr_aper6_F430 flux_aper6_F515 fluxerr_aper6_F515 flux_aper6_F660 fluxerr_aper6_F660 flux_aper6_F861 fluxerr_aper6_F861 x y field a_image b_image theta_image kron_radius_i flags_r fwhm_r fwhm_psf_r ellog_r ellip_r class_r spread_r flux_radius_r area_r mumax_r kron_radius_r
[from data line 658]
127958 116.1280250156501 -37.40707497405491 22.043562 1.1558927 20.03367 0.10427725 19.370281 0.048206594 18.782711 0.031670813 18.174412 0.033170443 99.0 99.0 20.03376 0.31655025 20.029018 0.32134396 99.0 99.0 19.55716 0.1356698 18.778025 0.03748054 18.19154 0.03584615 0 1.8063875 1.05 1.1150758 0.10320002 0.966818 -0.010515925 0.9944393 11 18.873423 18.937403 0.041348785 18.727306 0.06267151 18.54228 0.077774 -0.69441867 0.29405838 3.7947733 3.1705215 17.604853 2.6690764 33.844475 2.4237757 25.128307 2.6020913 -0.3842333 0.2845907 0.6107864 0.34503955 0.5848173 0.88824654 2.5230246 0.9315128 1.8189006 0.95658875 2.4574962 0.32895488 8.669878 0.97547275 1044.0038 7633.972 d336 1.0712923 0.9607349 86.98856 3.5 0 2.0278847 1.1 1.1150758 0.10320002 0.9533276 -0.010158419 0.9473395 8 19.638372 3.5
146345 115.6540651667589 -37.26485897427868 99.0 99.0 20.012775 0.10702768 19.205778 0.0431377 18.784952 0.031116165 18.575027 0.04418466 99.0 99.0 99.0 99.0 99.0 99.0 99.0 99.0 19.792036 0.1714438 18.676151 0.04460897 18.655758 0.049219366 0 1.9135697 1.05 1.0128791 0.012715399 0.97170895 0.00023659923 1.1123326 17 19.406387 18.931822 0.04118293 18.84782 0.06975868 18.813572 0.09945248 1.2386767 0.29752335 6.6971273 3.1780632 21.89055 2.678295 26.36154 2.4141073 16.176498 2.5882137 -0.16434419 0.28483695 0.16437523 0.34342486 2.431131 0.89512587 -0.14814419 0.92401487 2.4986434 0.95942855 4.334097 0.33263186 6.228697 0.9708376 3504.6345 8581.096 d336 1.0692023 1.055607 55.069954 3.5 0 2.2496266 1.1 1.0128791 0.012715399 0.94722223 0.0007147432 1.1469156 15 19.980978 3.5
146922 115.67129789783162 -37.26022923773481 99.0 99.0 19.555016 0.07394165 18.928585 0.03518436 18.647337 0.028202087 18.508282 0.041847613 99.0 99.0 99.0 99.0 20.050192 0.3522943 99.0 99.0 19.58084 0.14606008 18.51517 0.031833485 18.516024 0.04462688 0 1.6987326 1.05 1.1071756 0.09680092 0.9793564 -0.0025245952 1.0747201 18 19.133114 18.821371 0.037679672 18.771894 0.065215714 18.68164 0.08826056 0.20114088 0.29481345 9.64236 3.1826887 19.934992 2.6749167 29.767548 2.4192452 18.881279 2.5928757 0.34340492 0.28623992 -0.04460307 0.3426924 1.2979546 0.8913089 -0.30245256 0.92394227 2.234946 0.9585706 5.5861225 0.3348564 6.180584 0.97065586 3414.7317 8611.029 d336 1.1789393 1.064817 17.989706 3.5 0 1.9108957 1.1 1.1071756 0.09680092 0.9759584 -0.001791556 1.0991393 15 19.546003 3.5
149281 116.07913933033342 -37.23974697592384 99.0 99.0 20.559076 0.16165578 19.41104 0.048597135 18.843956 0.03180458 18.602783 0.04458215 99.0 99.0 99.0 99.0 19.77876 0.4595777 99.0 99.0 99.0 99.0 18.376383 0.028363867 18.612041 0.048906673 0 1.9342474 1.05 1.2088962 0.17279911 0.98618984 0.0013318486 1.0706303 20 19.578676 18.976091 0.04275341 18.920462 0.07441252 19.01801 0.11969618 -0.058497503 0.2942897 5.820929 3.176364 16.512337 2.669354 21.83717 2.4068377 23.01707 2.6002903 -0.44439676 0.28481457 0.102926746 0.34313437 0.89947116 0.8899872 -0.43674675 0.92394227 -0.23574537 0.95190173 4.50855 0.3329213 7.117068 0.97274894 1288.7471 8731.54 d336 1.1730775 0.9703707 30.602596 0.0 0 3.0075693 1.1 1.2088962 0.17279911 0.9973862 -0.0033652775 1.3225895 17 20.105743 3.5
173302 114.69234760576752 -37.032526977994586 20.223648 0.17178218 99.0 99.0 19.066093 0.03925771 18.564129 0.027370961 17.657364 0.02391613 99.0 99.0 99.0 99.0 19.512838 0.2749475 20.031263 0.28694952 99.0 99.0 18.297607 0.027600108 17.764214 0.028052378 0 2.5479298 1.05 1.1956233 0.16361618 0.9672707 -0.0016547241 1.1300205 15 19.25113 18.786776 0.036600273 18.560097 0.054089 18.424389 0.069945335 3.5684593 0.30322316 13.086668 3.1859064 34.12043 2.695816 37.7263 2.4298146 41.501717 2.6312206 1.8694875 0.29227218 4.6757245 0.36197138 10.706077 0.9212931 11.485483 0.96040547 8.345262 0.97584134 8.173966 0.3392145 21.264402 1.0031219 8524.011 10096.821 d336 1.2312213 1.0297736 -11.652924 3.5 0 2.2984087 1.1 1.1956233 0.16361618 0.9743449 -0.0077932426 1.0271798 12 19.461447 3.5
18420 114.8571038057745 -38.29348914312431 21.225315 0.40458214 19.747248 0.094138145 19.242899 0.047962926 19.137907 0.043077767 18.882965 0.059375074 99.0 99.0 99.0 99.0 99.0 99.0 20.308006 0.36965093 19.786507 0.18305647 18.619816 0.034067217 99.0 99.0 0 1.965179 1.05 1.0973272 0.08869481 0.95812535 0.0024274122 0.9760088 13 19.819553 19.220268 0.052365478 18.237713 0.04083009 17.530691 0.031664684 5.800312 0.30903724 108.565735 3.3422513 163.63345 2.8988526 85.92572 2.5053508 50.84702 2.649645 3.7991474 0.30020708 6.6156898 0.37002826 14.15521 0.93294996 20.270426 0.9885848 13.47656 0.9914342 33.952736 0.3822904 13.090031 0.98599446 7626.546 1847.3411 d336 0.8807116 0.80259705 -34.001434 3.5 0 2.5781124 1.1 1.0973272 0.08869481 0.9537731 0.0073573524 1.2888967 13 20.10154 3.5
81418 115.12900811076722 -37.78117491556126 99.0 99.0 19.53851 0.07079318 18.820827 0.031511664 18.455467 0.024505157 18.246208 0.034306306 99.0 99.0 99.0 99.0 99.0 99.0 20.06892 0.29709694 19.63601 0.14670666 17.450377 0.016047457 18.316608 0.038569115 0 1.7768972 1.05 1.079808 0.07390946 0.9791428 -0.00070605346 1.1376182 20 19.032103 18.61721 0.03193626 18.424028 0.04800065 18.408842 0.06902133 0.3551575 0.2951908 15.032408 3.1913414 34.65205 2.6985023 38.270405 2.4322965 30.26389 2.613035 0.37424818 0.28634533 0.35927546 0.3442059 -0.74184495 0.8869269 2.3546865 0.9316097 4.4424953 0.96503866 10.078734 0.34278238 9.832571 0.97871953 6234.727 5204.987 d336 1.1715887 1.0849972 43.979717 3.5 0 2.0137665 1.1 1.079808 0.07390946 0.9660348 0.0006262106 1.167008 19 19.543608 3.5
81437 116.07044775703092 -37.778721725778446 99.0 99.0 19.819601 0.08693135 19.241278 0.042198714 18.8689 0.03224235 18.705353 0.04737541 99.0 99.0 99.0 99.0 20.057331 0.34980077 19.760414 0.22338966 19.651232 0.14541015 17.396927 0.02329197 18.778877 0.053081714 0 1.6425643 1.05 1.1418546 0.124231815 0.9829287 -0.001192922 1.1356723 18 19.270266 19.004862 0.04375371 18.827044 0.06847263 18.669891 0.08733535 0.12884925 0.2946484 10.367674 3.1841352 20.467636 2.6759865 30.091454 2.4199336 14.112317 2.5844984 -0.12690687 0.28483695 0.4503267 0.34464872 -1.0165194 0.88706625 -0.58629996 0.92401487 2.0650833 0.95813966 29.182184 0.37475547 7.9817677 0.9747514 1364.1758 5203.921 d336 1.1419283 1.0000645 -65.45523 3.5 0 1.8568814 1.1 1.1418546 0.124231815 0.97637314 0.00019264407 1.1252917 13 19.77706 3.5
109537 115.32054822956394 -37.55669804165567 21.047739 0.4001111 20.058949 0.1119475 19.37592 0.04855173 18.965826 0.035217725 18.733667 0.048979044 99.0 99.0 20.501844 0.63863474 99.0 99.0 99.0 99.0 99.0 99.0 18.614082 0.035828788 18.79496 0.054325607 0 1.7725028 1.05 1.0106131 0.010501683 0.99718946 -0.00070906774 1.1343321 19 19.47108 19.096622 0.047124088 18.933905 0.07529583 18.96164 0.11372648 0.45791996 0.29548073 4.080891 3.1734798 21.515759 2.6774821 23.000864 2.4086623 23.241266 2.6006918 -0.35739326 0.28481457 0.49271098 0.34480298 0.24693476 0.8878186 0.9056289 0.92692655 0.31074777 0.9528318 4.104691 0.33219314 6.108794 0.9704952 5243.0645 6674.7827 d336 1.0892861 1.0778468 72.78937 3.5 0 2.0860026 1.1 1.0106131 0.010501683 0.9435084 0.0026712327 1.3533936 18 20.12055 3.5
111807 115.36183916240388 -37.53723272906041 99.0 99.0 19.333817 0.061472323 18.55153 0.026586434 18.143717 0.019978244 17.980175 0.028809225 99.0 99.0 20.008657 0.33700126 99.0 99.0 20.028152 0.3117717 19.008528 0.09212062 18.131834 0.023959551 18.077116 0.03298461 0 1.992679 1.05 1.0549681 0.052103996 0.9775534 0.0004782612 1.1238563 25 18.838129 18.298912 0.024929231 18.216848 0.04009301 18.156504 0.055064216 -0.030475356 0.2943128 20.195446 3.200336 35.07448 2.6995885 48.28347 2.4481504 26.714027 2.6070979 0.110664725 0.285297 0.42755562 0.3445514 -0.53491074 0.88706625 1.2340202 0.9280786 3.3395288 0.9619235 6.6539454 0.3367876 9.617632 0.97838944 5028.6846 6802.0337 d336 1.1911181 1.1290561 -74.864044 0.0 0 2.0190926 1.1 1.0549681 0.052103996 0.9723854 -0.0009991529 1.2202914 21 19.277481 3.5
127958 116.1280250156501 -37.40707497405491 22.043562 1.1558927 20.03367 0.10427725 19.370281 0.048206594 18.782711 0.031670813 18.174412 0.033170443 99.0 99.0 20.03376 0.31655025 20.029018 0.32134396 99.0 99.0 19.55716 0.1356698 18.778025 0.03748054 18.19154 0.03584615 0 1.8063875 1.05 1.1150758 0.10320002 0.966818 -0.010515925 0.9944393 11 18.873423 18.937403 0.041348785 18.727306 0.06267151 18.54228 0.077774 -0.69441867 0.29405838 3.7947733 3.1705215 17.604853 2.6690764 33.844475 2.4237757 25.128307 2.6020913 -0.3842333 0.2845907 0.6107864 0.34503955 0.5848173 0.88824654 2.5230246 0.9315128 1.8189006 0.95658875 2.4574962 0.32895488 8.669878 0.97547275 1044.0038 7633.972 d336 1.0712923 0.9607349 86.98856 3.5 0 2.0278847 1.1 1.1150758 0.10320002 0.9533276 -0.010158419 0.9473395 8 19.638372 3.5
146345 115.6540651667589 -37.26485897427868 99.0 99.0 20.012775 0.10702768 19.205778 0.0431377 18.784952 0.031116165 18.575027 0.04418466 99.0 99.0 99.0 99.0 99.0 99.0 99.0 99.0 19.792036 0.1714438 18.676151 0.04460897 18.655758 0.049219366 0 1.9135697 1.05 1.0128791 0.012715399 0.97170895 0.00023659923 1.1123326 17 19.406387 18.931822 0.04118293 18.84782 0.06975868 18.813572 0.09945248 1.2386767 0.29752335 6.6971273 3.1780632 21.89055 2.678295 26.36154 2.4141073 16.176498 2.5882137 -0.16434419 0.28483695 0.16437523 0.34342486 2.431131 0.89512587 -0.14814419 0.92401487 2.4986434 0.95942855 4.334097 0.33263186 6.228697 0.9708376 3504.6345 8581.096 d336 1.0692023 1.055607 55.069954 3.5 0 2.2496266 1.1 1.0128791 0.012715399 0.94722223 0.0007147432 1.1469156 15 19.980978 3.5
146922 115.67129789783162 -37.26022923773481 99.0 99.0 19.555016 0.07394165 18.928585 0.03518436 18.647337 0.028202087 18.508282 0.041847613 99.0 99.0 99.0 99.0 20.050192 0.3522943 99.0 99.0 19.58084 0.14606008 18.51517 0.031833485 18.516024 0.04462688 0 1.6987326 1.05 1.1071756 0.09680092 0.9793564 -0.0025245952 1.0747201 18 19.133114 18.821371 0.037679672 18.771894 0.065215714 18.68164 0.08826056 0.20114088 0.29481345 9.64236 3.1826887 19.934992 2.6749167 29.767548 2.4192452 18.881279 2.5928757 0.34340492 0.28623992 -0.04460307 0.3426924 1.2979546 0.8913089 -0.30245256 0.92394227 2.234946 0.9585706 5.5861225 0.3348564 6.180584 0.97065586 3414.7317 8611.029 d336 1.1789393 1.064817 17.989706 3.5 0 1.9108957 1.1 1.1071756 0.09680092 0.9759584 -0.001791556 1.0991393 15 19.546003 3.5
149281 116.07913933033342 -37.23974697592384 99.0 99.0 20.559076 0.16165578 19.41104 0.048597135 18.843956 0.03180458 18.602783 0.04458215 99.0 99.0 99.0 99.0 19.77876 0.4595777 99.0 99.0 99.0 99.0 18.376383 0.028363867 18.612041 0.048906673 0 1.9342474 1.05 1.2088962 0.17279911 0.98618984 0.0013318486 1.0706303 20 19.578676 18.976091 0.04275341 18.920462 0.07441252 19.01801 0.11969618 -0.058497503 0.2942897 5.820929 3.176364 16.512337 2.669354 21.83717 2.4068377 23.01707 2.6002903 -0.44439676 0.28481457 0.102926746 0.34313437 0.89947116 0.8899872 -0.43674675 0.92394227 -0.23574537 0.95190173 4.50855 0.3329213 7.117068 0.97274894 1288.7471 8731.54 d336 1.1730775 0.9703707 30.602596 0.0 0 3.0075693 1.1 1.2088962 0.17279911 0.9973862 -0.0033652775 1.3225895 17 20.105743 3.5
173302 114.69234760576752 -37.032526977994586 20.223648 0.17178218 99.0 99.0 19.066093 0.03925771 18.564129 0.027370961 17.657364 0.02391613 99.0 99.0 99.0 99.0 19.512838 0.2749475 20.031263 0.28694952 99.0 99.0 18.297607 0.027600108 17.764214 0.028052378 0 2.5479298 1.05 1.1956233 0.16361618 0.9672707 -0.0016547241 1.1300205 15 19.25113 18.786776 0.036600273 18.560097 0.054089 18.424389 0.069945335 3.5684593 0.30322316 13.086668 3.1859064 34.12043 2.695816 37.7263 2.4298146 41.501717 2.6312206 1.8694875 0.29227218 4.6757245 0.36197138 10.706077 0.9212931 11.485483 0.96040547 8.345262 0.97584134 8.173966 0.3392145 21.264402 1.0031219 8524.011 10096.821 d336 1.2312213 1.0297736 -11.652924 3.5 0 2.2984087 1.1 1.1956233 0.16361618 0.9743449 -0.0077932426 1.0271798 12 19.461447 3.5
18420 114.8571038057745 -38.29348914312431 21.225315 0.40458214 19.747248 0.094138145 19.242899 0.047962926 19.137907 0.043077767 18.882965 0.059375074 99.0 99.0 99.0 99.0 99.0 99.0 20.308006 0.36965093 19.786507 0.18305647 18.619816 0.034067217 99.0 99.0 0 1.965179 1.05 1.0973272 0.08869481 0.95812535 0.0024274122 0.9760088 13 19.819553 19.220268 0.052365478 18.237713 0.04083009 17.530691 0.031664684 5.800312 0.30903724 108.565735 3.3422513 163.63345 2.8988526 85.92572 2.5053508 50.84702 2.649645 3.7991474 0.30020708 6.6156898 0.37002826 14.15521 0.93294996 20.270426 0.9885848 13.47656 0.9914342 33.952736 0.3822904 13.090031 0.98599446 7626.546 1847.3411 d336 0.8807116 0.80259705 -34.001434 3.5 0 2.5781124 1.1 1.0973272 0.08869481 0.9537731 0.0073573524 1.2888967 13 20.10154 3.5
81418 115.12900811076722 -37.78117491556126 99.0 99.0 19.53851 0.07079318 18.820827 0.031511664 18.455467 0.024505157 18.246208 0.034306306 99.0 99.0 99.0 99.0 99.0 99.0 20.06892 0.29709694 19.63601 0.14670666 17.450377 0.016047457 18.316608 0.038569115 0 1.7768972 1.05 1.079808 0.07390946 0.9791428 -0.00070605346 1.1376182 20 19.032103 18.61721 0.03193626 18.424028 0.04800065 18.408842 0.06902133 0.3551575 0.2951908 15.032408 3.1913414 34.65205 2.6985023 38.270405 2.4322965 30.26389 2.613035 0.37424818 0.28634533 0.35927546 0.3442059 -0.74184495 0.8869269 2.3546865 0.9316097 4.4424953 0.96503866 10.078734 0.34278238 9.832571 0.97871953 6234.727 5204.987 d336 1.1715887 1.0849972 43.979717 3.5 0 2.0137665 1.1 1.079808 0.07390946 0.9660348 0.0006262106 1.167008 19 19.543608 3.5
81437 116.07044775703092 -37.778721725778446 99.0 99.0 19.819601 0.08693135 19.241278 0.042198714 18.8689 0.03224235 18.705353 0.04737541 99.0 99.0 99.0 99.0 20.057331 0.34980077 19.760414 0.22338966 19.651232 0.14541015 17.396927 0.02329197 18.778877 0.053081714 0 1.6425643 1.05 1.1418546 0.124231815 0.9829287 -0.001192922 1.1356723 18 19.270266 19.004862 0.04375371 18.827044 0.06847263 18.669891 0.08733535 0.12884925 0.2946484 10.367674 3.1841352 20.467636 2.6759865 30.091454 2.4199336 14.112317 2.5844984 -0.12690687 0.28483695 0.4503267 0.34464872 -1.0165194 0.88706625 -0.58629996 0.92401487 2.0650833 0.95813966 29.182184 0.37475547 7.9817677 0.9747514 1364.1758 5203.921 d336 1.1419283 1.0000645 -65.45523 3.5 0 1.8568814 1.1 1.1418546 0.124231815 0.97637314 0.00019264407 1.1252917 13 19.77706 3.5
109537 115.32054822956394 -37.55669804165567 21.047739 0.4001111 20.058949 0.1119475 19.37592 0.04855173 18.965826 0.035217725 18.733667 0.048979044 99.0 99.0 20.501844 0.63863474 99.0 99.0 99.0 99.0 99.0 99.0 18.614082 0.035828788 18.79496 0.054325607 0 1.7725028 1.05 1.0106131 0.010501683 0.99718946 -0.00070906774 1.1343321 19 19.47108 19.096622 0.047124088 18.933905 0.07529583 18.96164 0.11372648 0.45791996 0.29548073 4.080891 3.1734798 21.515759 2.6774821 23.000864 2.4086623 23.241266 2.6006918 -0.35739326 0.28481457 0.49271098 0.34480298 0.24693476 0.8878186 0.9056289 0.92692655 0.31074777 0.9528318 4.104691 0.33219314 6.108794 0.9704952 5243.0645 6674.7827 d336 1.0892861 1.0778468 72.78937 3.5 0 2.0860026 1.1 1.0106131 0.010501683 0.9435084 0.0026712327 1.3533936 18 20.12055 3.5
