Ha-emitters-disk/Halpha-disk_splus_16r175-Mine_PerField.ecsv
# %ECSV 1.0
# ---
# datatype:
# - {name: NUMBER, datatype: int64}
# - {name: ALPHA, datatype: float64}
# - {name: DELTA, datatype: float64}
# - {name: u, datatype: float64}
# - {name: uerr, datatype: float64}
# - {name: g, datatype: float64}
# - {name: gerr, datatype: float64}
# - {name: r, datatype: float64}
# - {name: rerr, datatype: float64}
# - {name: i, datatype: float64}
# - {name: ierr, datatype: float64}
# - {name: z, datatype: float64}
# - {name: zerr, datatype: float64}
# - {name: F378, datatype: float64}
# - {name: F378err, datatype: float64}
# - {name: F395, datatype: float64}
# - {name: F395err, datatype: float64}
# - {name: F410, datatype: float64}
# - {name: F410err, datatype: float64}
# - {name: F430, datatype: float64}
# - {name: F430err, datatype: float64}
# - {name: F515, datatype: float64}
# - {name: F515err, datatype: float64}
# - {name: F660, datatype: float64}
# - {name: F660err, datatype: float64}
# - {name: F861, datatype: float64}
# - {name: F861err, datatype: float64}
# - {name: flags_i, datatype: int64}
# - {name: fwhm_i, datatype: float64}
# - {name: fwhm_psf_i, datatype: float64}
# - {name: ellog_i, datatype: float64}
# - {name: ellip_i, datatype: float64}
# - {name: class_i, datatype: float64}
# - {name: spread_i, datatype: float64}
# - {name: flux_radius_i, datatype: float64}
# - {name: area_i, datatype: int64}
# - {name: mumax_i, datatype: float64}
# - {name: mag_aper2_i, datatype: float64}
# - {name: magerr_apper2_i, datatype: float64}
# - {name: mag_aper4_i, datatype: float64}
# - {name: magerr_apper4_i, datatype: float64}
# - {name: mag_aper6_i, datatype: float64}
# - {name: magerr_apper6_i, datatype: float64}
# - {name: flux_aper6_u, datatype: float64}
# - {name: fluxerr_aper6_u, datatype: float64}
# - {name: flux_aper6_g, datatype: float64}
# - {name: fluxerr_aper6_g, datatype: float64}
# - {name: flux_aper6_r, datatype: float64}
# - {name: fluxerr_aper6_r, datatype: float64}
# - {name: flux_aper6_i, datatype: float64}
# - {name: fluxerr_aper6_i, datatype: float64}
# - {name: flux_aper6_z, datatype: float64}
# - {name: fluxerr_aper6_z, datatype: float64}
# - {name: flux_aper6_F378, datatype: float64}
# - {name: fluxerr_aper6_F378, datatype: float64}
# - {name: flux_aper6_F395, datatype: float64}
# - {name: fluxerr_aper6_F395, datatype: float64}
# - {name: flux_aper6_F410, datatype: float64}
# - {name: fluxerr_aper6_F410, datatype: float64}
# - {name: flux_aper6_F430, datatype: float64}
# - {name: fluxerr_aper6_F430, datatype: float64}
# - {name: flux_aper6_F515, datatype: float64}
# - {name: fluxerr_aper6_F515, datatype: float64}
# - {name: flux_aper6_F660, datatype: float64}
# - {name: fluxerr_aper6_F660, datatype: float64}
# - {name: flux_aper6_F861, datatype: float64}
# - {name: fluxerr_aper6_F861, datatype: float64}
# - {name: x, datatype: float64}
# - {name: y, datatype: float64}
# - {name: field, datatype: string}
# - {name: a_image, datatype: float64}
# - {name: b_image, datatype: float64}
# - {name: theta_image, datatype: float64}
# - {name: kron_radius_i, datatype: float64}
# - {name: flags_r, datatype: int64}
# - {name: fwhm_r, datatype: float64}
# - {name: fwhm_psf_r, datatype: float64}
# - {name: ellog_r, datatype: float64}
# - {name: ellip_r, datatype: float64}
# - {name: class_r, datatype: float64}
# - {name: spread_r, datatype: float64}
# - {name: flux_radius_r, datatype: float64}
# - {name: area_r, datatype: int64}
# - {name: mumax_r, datatype: float64}
# - {name: kron_radius_r, datatype: float64}
# schema: astropy-2.0
NUMBER ALPHA DELTA u uerr g gerr r rerr i ierr z zerr F378 F378err F395 F395err F410 F410err F430 F430err F515 F515err F660 F660err F861 F861err flags_i fwhm_i fwhm_psf_i ellog_i ellip_i class_i spread_i flux_radius_i area_i mumax_i mag_aper2_i magerr_apper2_i mag_aper4_i magerr_apper4_i mag_aper6_i magerr_apper6_i flux_aper6_u fluxerr_aper6_u flux_aper6_g fluxerr_aper6_g flux_aper6_r fluxerr_aper6_r flux_aper6_i fluxerr_aper6_i flux_aper6_z fluxerr_aper6_z flux_aper6_F378 fluxerr_aper6_F378 flux_aper6_F395 fluxerr_aper6_F395 flux_aper6_F410 fluxerr_aper6_F410 flux_aper6_F430 fluxerr_aper6_F430 flux_aper6_F515 fluxerr_aper6_F515 flux_aper6_F660 fluxerr_aper6_F660 flux_aper6_F861 fluxerr_aper6_F861 x y field a_image b_image theta_image kron_radius_i flags_r fwhm_r fwhm_psf_r ellog_r ellip_r class_r spread_r flux_radius_r area_r mumax_r kron_radius_r
[from data line 538]
140903 131.17778016313443 -36.10898941075817 19.470984 0.04293656 17.755957 0.009871096 17.026794 0.00666864 16.696596 0.0061347936 16.524466 0.007662033 18.973927 0.042925265 18.903309 0.06268627 18.343597 0.03487042 18.151283 0.029126227 17.540398 0.017310325 16.641663 0.006106498 16.584652 0.010436445 0 2.4356415 1.43 1.1425605 0.12477285 0.97368854 5.2241885e-05 1.5931797 92 17.956076 16.961971 0.0065653427 16.757353 0.008279845 16.708473 0.010824296 2.9634554 0.26162046 203.57262 2.597978 391.0201 3.4305115 432.72394 4.3130126 298.21106 4.846749 2.6512442 0.19284636 2.426187 0.29320806 11.961846 0.6942593 17.369637 0.76587975 36.343594 0.875148 70.755806 0.45151407 100.36328 1.8209945 1571.3435 7144.405 d328 1.8211533 1.5939229 36.826397 3.5 0 3.023137 1.75 1.1425605 0.12477285 0.9817118 2.4082574e-05 1.8687274 100 18.647444 3.5
77 131.8278526203815 -37.075887083423815 19.856054 0.085353516 17.584646 0.01262938 16.452362 0.005087099 15.940617 0.003968367 15.64837 0.004297228 19.28044 0.078795694 19.473505 0.12688762 18.463373 0.061781555 18.594694 0.06580528 17.705063 0.026364466 16.128958 0.004902446 15.497665 0.0052572507 0 4.1062365 1.05 1.1835089 0.15505487 0.99941945 0.004265825 1.26758 65 16.62079 15.958978 0.003888134 15.85417 0.004865851 15.816182 0.0061963066 2.7926364 0.5570005 211.02643 6.378665 691.25006 5.727225 929.6663 5.3043256 683.08417 4.525937 2.1069858 0.42370963 1.5550414 0.59262305 10.840171 1.6222898 8.329214 1.6978173 29.258781 1.8008555 99.93693 0.70019746 297.18872 2.0893724 7307.85 827.09106 d329 1.56195 1.319762 -25.801973 3.5 0 3.9565704 1.1 1.1835089 0.15505487 0.98483527 0.0055992445 1.295418 57 17.23175 3.5
906 132.92776211430572 -37.06398757519832 20.09722 0.1066229 17.736353 0.014048018 16.955603 0.0068989852 16.182896 0.0045289206 16.005405 0.0052392827 19.489859 0.09469596 19.240973 0.10636486 18.422096 0.061013944 18.057531 0.04311506 17.436844 0.02141837 16.497938 0.006119803 16.04318 0.0071292473 0 2.974812 1.05 1.1987777 0.16581696 0.9821864 0.0020853695 1.2739769 53 17.01025 16.292568 0.0047535473 16.182743 0.006214883 16.138193 0.008064882 1.8521619 0.555793 173.49435 6.3484974 431.6505 5.5276394 691.0707 5.1320477 470.6186 4.3783793 3.1685576 0.42575955 3.2199378 0.59683645 7.1342683 1.6157789 14.685426 1.7094574 42.619274 1.8221444 67.231895 0.67136735 173.5681 1.9568686 1562.7224 892.667 d329 1.5298463 1.2761718 43.15769 3.5 0 2.539996 1.1 1.1987777 0.16581696 0.9977727 -0.0016766565 1.1501011 43 17.600822 3.5
60789 133.03168123604635 -36.60800882702944 19.575752 0.06613448 17.642765 0.012688117 16.628954 0.0056061996 16.47798 0.005467486 16.197262 0.0060295826 18.94147 0.05866236 18.848543 0.07489404 18.203718 0.0487469 18.084948 0.042115245 17.263802 0.018750608 16.479788 0.006029852 15.953623 0.0068459827 0 1.4444497 1.05 1.1890804 0.15901399 0.9797405 -0.0062259254 0.86703736 38 16.339098 16.522308 0.005486479 16.462744 0.0077164816 16.446186 0.010438834 3.413065 0.557594 188.42125 6.357089 504.35065 5.581446 520.38544 5.002042 343.7331 4.285098 2.2726247 0.42382404 1.6653318 0.5926213 12.855886 1.6252105 12.189326 1.7039541 41.17162 1.8188157 64.06744 0.6681563 165.39331 1.94678 993.3629 3872.9695 d329 1.3880732 1.1673502 83.492676 3.5 0 1.9686258 1.1 1.1890804 0.15901399 0.98335373 -0.00011105826 1.1292993 47 17.097853 3.5
92140 131.55413873836102 -36.36810305549278 99.0 99.0 18.027077 0.016908007 16.932917 0.0066967513 16.194098 0.0045521636 15.753987 0.0045312913 20.305767 0.18479548 19.719194 0.14989568 99.0 99.0 19.639858 0.15067539 18.680576 0.051107433 16.502417 0.0061089573 15.787481 0.0062551415 0 1.4904933 1.05 1.0671887 0.0629586 0.9824712 -0.0031745592 1.3067558 70 16.41949 16.23348 0.0045828545 16.100946 0.0058431663 16.070562 0.00762507 0.58959454 0.55396444 153.30267 6.3307405 486.41547 5.5697427 735.4867 5.164031 619.7461 4.482287 0.23094231 0.42017898 -0.14215264 0.5887468 1.6314017 1.605438 4.4620323 1.6908563 24.115532 1.7926965 69.64568 0.67345756 198.17537 1.9837546 8767.115 5452.915 d329 1.5216273 1.4258277 10.534121 0.0 0 2.3071253 1.1 1.0671887 0.0629586 0.97313136 0.0021179942 1.4821161 63 17.555641 3.5
93651 132.95663804500478 -36.35605577905976 19.710405 0.07383742 18.216816 0.018667774 17.434772 0.009021476 17.03361 0.007526635 16.752056 0.008345603 19.351444 0.08054212 19.421923 0.11542757 18.918196 0.08413713 18.62141 0.062293082 17.881115 0.02817402 17.135035 0.008893955 16.70561 0.010676173 0 1.6712334 1.05 1.0177532 0.017443538 0.99988526 0.0042636087 1.1593714 52 17.787144 17.186577 0.008599497 17.02155 0.0121276 16.98577 0.016625304 2.9746907 0.5571213 139.06506 6.317429 282.2501 5.4070454 316.5863 4.846541 219.7252 4.19522 1.8172537 0.42306817 1.4947445 0.5923353 9.580172 1.6196207 16.831995 1.7126335 26.725294 1.7964375 35.00373 0.6413766 83.69015 1.8537574 1374.3423 5525.5386 d329 1.3408415 1.3174525 -15.244021 3.5 0 2.017282 1.1 1.0177532 0.017443538 0.9998783 0.0045152437 1.2279732 52 18.239134 3.5
11149 105.50728475110267 -38.03124146484127 18.87121 0.07368799 16.58049 0.01902922 16.59195 0.009976873 16.729595 0.012261269 16.481031 0.021036362 18.403637 0.073526725 18.353703 0.10381029 17.21565 0.062293038 16.867256 0.052506514 16.673609 0.027191596 16.226295 0.009406015 15.440718 0.012970202 0 8.885623 3.22 1.1937441 0.16229951 0.9800697 0.013740445 2.5479515 57 18.624908 17.10774 0.012287512 16.673271 0.01490474 16.607279 0.020298537 5.088341 0.91262925 290.40695 9.951514 433.50598 7.608004 322.32114 6.024537 149.21751 4.746952 6.55589 0.69004655 8.95871 0.9452298 20.123009 2.5937335 30.742678 2.731017 60.658855 2.7940629 63.02 0.8706074 131.13403 2.3198917 980.0708 3547.4187 d330 2.1699235 1.817746 64.80566 3.5 0 11.9024515 2.68 1.1937441 0.16229951 0.98254204 -0.0021834404 2.4250498 63 18.373943 3.5
19069 105.50099329492924 -37.7573382293762 19.151424 0.09147339 16.684902 0.020260252 16.848318 0.0119360415 17.03701 0.015397774 16.71646 0.025329387 18.541653 0.08126214 18.599415 0.12687103 17.371815 0.069471814 16.962378 0.05571391 16.8175 0.030065967 16.326422 0.010016414 15.555753 0.01401324 0 7.1452565 3.22 1.117316 0.10499811 0.9750659 0.021470975 2.3230262 44 18.754776 17.318602 0.014533314 17.008196 0.019936983 16.97233 0.028128572 5.33945 0.9125574 275.50903 9.940598 327.06537 7.544561 230.28621 5.9646616 105.01427 4.7165074 4.42962 0.6873775 1.7275271 0.93356836 16.59858 2.5889235 25.822462 2.7246823 44.10749 2.7762842 54.67489 0.86457443 101.41415 2.2912383 995.83966 5340.6133 d330 2.0283544 1.815381 67.52632 3.5 0 7.1511474 2.68 1.117316 0.10499811 0.9796057 -0.0025869242 2.1763356 48 18.51058 3.5
19295 104.69911914741786 -37.75296170159052 19.585955 0.13029006 17.198599 0.031181494 17.082172 0.014429445 16.813423 0.012907989 16.200169 0.016395666 18.924442 0.11035249 18.907598 0.16282418 17.894312 0.108463325 17.59121 0.0952324 17.352186 0.047161285 16.83406 0.015071701 16.173367 0.022911811 0 5.4560566 3.22 1.0256435 0.02500236 0.9796606 -0.0011305263 2.5546477 62 18.872686 17.353699 0.014950389 16.892138 0.018000364 16.80048 0.024115084 2.3298357 0.9101507 178.21819 9.890481 276.11697 7.516219 269.77893 5.9905534 171.6146 4.7608676 3.4669194 0.68636894 3.7840908 0.9369624 10.036941 2.5818455 8.539995 2.7057054 27.102043 2.7591972 32.89586 0.84941316 59.96526 2.251941 5145.5967 5390.082 d330 1.9258819 1.8777303 -38.816895 3.5 0 4.466715 2.68 1.0256435 0.02500236 0.9813448 0.001603389 2.2958276 59 18.875933 3.5
29911 104.08351938146672 -37.38707427122005 19.237799 0.0998044 18.049627 0.0690178 17.234121 0.017035272 16.434753 0.009932632 15.1974535 0.007669307 18.938082 0.11812061 18.902706 0.1693195 18.833946 0.26640218 18.154829 0.16474742 18.186436 0.103014395 15.570377 0.0058872295 15.399881 0.012755162 0 5.366083 3.22 1.0424088 0.040683508 0.9821846 -0.0009201233 2.7662487 85 18.532036 17.050762 0.01179675 16.491753 0.012778344 16.392456 0.016782738 7.071564 0.91465956 97.07015 9.852569 240.27293 7.4993873 392.84167 6.070864 431.45306 4.929846 2.7056313 0.68585956 3.3122344 0.93672746 2.7015023 2.5748713 14.061094 2.7133915 15.540981 2.7487237 111.00797 0.9034511 123.17522 2.313246 8345.49 7776.8936 d330 2.0700402 1.9858238 3.0592303 3.5 0 4.443615 2.68 1.0424088 0.040683508 0.97992796 0.00018725221 2.409826 63 19.117752 3.5
33709 105.007469945368 -37.26521037622869 20.145624 0.21699911 17.617136 0.044760592 17.190113 0.015543676 16.681187 0.011414518 15.907732 0.012721843 20.30592 0.38792375 19.520779 0.28405625 19.298546 0.38665497 18.909292 0.313506 18.013203 0.08319453 16.79506 0.014274363 15.659059 0.014882761 0 5.532729 3.22 1.0649197 0.06096208 0.9816012 0.002159125 2.56251 70 18.796871 17.17839 0.013039484 16.702936 0.015299644 16.586887 0.019936472 2.7740185 0.91081214 114.592896 9.859629 245.13658 7.500511 328.4319 6.029257 235.64104 4.8038616 -0.039919574 0.68255275 2.8135085 0.93572223 6.1696806 2.5782335 1.6967783 2.6988337 16.790344 2.749379 36.25441 0.85203993 101.9958 2.2927797 3536.9478 8578.925 d330 1.9527174 1.8336757 -43.658947 3.5 0 4.861129 2.68 1.0649197 0.06096208 0.9796061 0.00049082533 2.252008 60 18.938087 3.5
34106 105.4869802039012 -37.24390488178371 18.87835 0.07196483 16.697813 0.020460343 16.860212 0.012060267 16.553154 0.010475892 16.480246 0.020417757 18.564913 0.08369833 18.269608 0.09645419 17.19581 0.059966225 17.00892 0.058075324 16.854256 0.031012518 16.471823 0.01120048 15.6983795 0.015494167 0 6.5887165 3.22 1.2128704 0.17550957 0.98118997 -0.0053849886 2.261563 58 18.203642 16.952044 0.010887288 16.615023 0.0141755 16.59573 0.02009541 7.8525906 0.91517675 270.9536 9.943497 350.1958 7.5618415 325.76773 6.0280256 135.26709 4.7388926 4.0933647 0.68736106 4.685729 0.93874586 22.824718 2.5974014 22.501175 2.7224348 50.389908 2.7842004 47.581905 0.8600619 92.75071 2.2841706 1037.615 8702.112 d330 2.0830402 1.7174467 -76.94944 3.5 0 5.937897 2.68 1.2128704 0.17550957 0.9825264 1.8943772e-05 2.1621602 58 18.40578 3.5
2392 106.18100119802487 -38.39806587920072 17.786503 0.031926643 17.45794 0.022286056 16.937523 0.00998393 16.531696 0.007698899 16.313213 0.008375243 17.46676 0.036858 17.48999 0.0546743 17.540115 0.057350356 17.453878 0.048255067 17.282671 0.03026816 16.475735 0.008898576 16.221296 0.0112467 0 1.98371 1.1 1.0469165 0.04481393 0.9831326 0.00084962946 1.2403141 51 17.201101 16.689632 0.008182906 16.580454 0.01060398 16.54459 0.013795714 5.9527373 0.42862388 103.15976 5.277187 185.65114 3.42218 225.61282 2.8660128 163.71617 2.3556461 4.255653 0.32736456 3.3897004 0.45577368 9.835677 1.2003758 9.6219425 1.2388265 17.20218 1.2429267 28.853815 0.40250704 60.534176 1.0764997 6644.207 1166.1371 d331 1.3543866 1.2936912 56.786312 3.5 0 2.0312333 1.26 1.0469165 0.04481393 0.98310786 -0.0011861344 1.2913209 48 17.64901 3.5
8955 105.84443703428748 -38.268734179046426 18.42366 0.051834527 17.27429 0.019743219 16.800476 0.009216351 16.585312 0.007932994 16.492313 0.009289701 17.955956 0.052316777 17.774683 0.06693759 17.533072 0.0576129 17.45555 0.048394967 17.04437 0.026104756 16.54689 0.009265112 16.556952 0.013593536 0 2.0920773 1.1 1.0584131 0.05518931 0.99689174 -2.0842735e-05 1.2235445 50 17.364157 16.746563 0.008483811 16.629356 0.011009803 16.583225 0.014250689 3.3541677 0.42419422 114.59284 5.2973747 207.8572 3.4521408 217.72552 2.8570337 138.57143 2.3235276 3.07691 0.32469365 3.6465995 0.45687988 9.500098 1.2002766 11.122907 1.2432843 20.633892 1.2514983 26.381538 0.3990062 44.83869 1.0448985 8375.915 2005.4506 d331 1.3700252 1.2944144 13.6977215 3.5 0 2.2547739 1.26 1.0584131 0.05518931 0.9827111 0.00038932814 1.3187445 50 17.737059 3.5
10237 106.42709767334064 -38.24428221462937 16.264374 0.011654082 16.298588 0.010682056 16.253633 0.0067245993 16.266998 0.0066447044 16.329845 0.008436732 16.096502 0.01532809 16.182095 0.023032904 16.236732 0.022905096 16.25803 0.021468854 16.266542 0.016176194 16.044859 0.0069087925 16.32505 0.011858928 0 1.7890117 1.1 1.0369036 0.03559023 0.98428077 -0.00065468374 1.1576369 60 16.919022 16.428886 0.006998586 16.322533 0.008760203 16.283367 0.0111474795 24.68421 0.46101364 287.61166 5.5461917 347.84583 3.6225455 286.9811 2.945779 165.16086 2.3575478 14.245332 0.35071188 12.390366 0.48412997 28.607676 1.2456317 29.889277 1.288027 41.18178 1.2967436 47.757656 0.42975986 54.95886 1.0651938 5381.4536 2174.1938 d331 1.3693835 1.3206468 45.565147 3.5 0 2.0406032 1.26 1.0369036 0.03559023 0.9874623 -0.0006296604 1.2511635 63 17.075615 3.5
13588 106.83653570581146 -38.17696185010887 19.286327 0.10528457 17.946064 0.03081694 17.393711 0.0131321065 17.145134 0.010811388 17.04416 0.012761127 18.916288 0.111018986 18.822086 0.15106286 18.343424 0.107385814 18.183233 0.08218885 17.713266 0.04027206 17.17849 0.013133532 17.13331 0.018957127 0 1.825474 1.1 1.0816902 0.07552093 0.99989396 -0.00022222733 1.1231095 35 17.87151 17.300705 0.012119928 17.178862 0.016940072 17.105865 0.022157766 1.1713885 0.42025036 69.29876 5.2298512 121.81897 3.3421707 134.54062 2.7450457 87.96063 2.2551074 0.9664362 0.31952646 0.5390897 0.446731 4.4667015 1.1879395 8.673323 1.2373205 13.184296 1.2345101 22.009914 0.3924038 26.687016 1.0065385 3274.5344 2609.6873 d331 1.3000965 1.201912 46.810707 3.5 0 2.1625369 1.26 1.0816902 0.07552093 0.9977471 0.00014555916 1.1979234 31 18.329556 3.5
41164 107.26837547421226 -37.638727493583744 18.753382 0.06822296 99.0 99.0 16.304668 0.007062737 15.704036 0.0049915034 15.792604 0.006436125 18.269785 0.06711073 18.029263 0.08122427 17.464561 0.05422268 17.32347 0.043889165 16.564415 0.019472169 15.956548 0.006758823 15.613496 0.008167786 0 1.8651593 1.1 1.1496758 0.1301896 0.98391527 -0.003374376 1.1108116 55 16.24299 15.8800535 0.005131488 15.812634 0.006125546 15.801773 0.0076391925 2.353586 0.4223435 5.4903884 5.1318502 329.0408 3.6014307 447.18848 3.1456344 270.07834 2.492774 2.10301 0.32228366 1.8916687 0.45112252 11.939094 1.2061629 11.317089 1.2436699 34.89334 1.28347 46.288956 0.42786872 109.63669 1.1717912 1019.8106 6117.2856 d331 1.4094194 1.2259277 78.011734 3.5 0 2.8770342 1.26 1.1496758 0.1301896 0.9885203 0.00035826172 1.2464002 48 17.231636 3.5
5020 115.22949405349732 -38.40500406122372 20.039497 0.13392165 18.099663 0.023666926 17.447193 0.012870465 17.1969 0.011091928 17.067072 0.015899831 19.213886 0.12229744 18.948727 0.12631054 18.829517 0.10943205 18.331306 0.07172513 17.849491 0.03867656 17.045362 0.012331721 17.127832 0.018028256 0 1.8273954 1.05 1.0408516 0.039248228 0.97750276 0.0013917162 1.2050325 42 17.594957 17.317749 0.01236676 17.161964 0.016632305 17.087399 0.021590445 0.7132968 0.2961199 59.610916 3.2640212 109.061714 2.8157127 129.25298 2.5696402 86.28889 2.711009 0.9963646 0.2889087 1.7090663 0.34993246 2.6644099 0.8957574 4.801977 0.93958646 8.596773 0.97723156 16.582863 0.35397667 30.697851 1.0239743 5713.0806 1122.0519 d336 1.29189 1.2411857 7.65467 3.5 0 1.8989683 1.1 1.0408516 0.039248228 0.9775015 0.00033175826 1.1647487 37 17.892838 3.5
70335 115.634627776383 -37.86920738157483 99.0 99.0 18.051348 0.02379712 16.943336 0.009722352 16.468054 0.0074749533 16.316963 0.01041215 99.0 99.0 99.0 99.0 19.083385 0.15285005 18.869734 0.109565414 17.88713 0.041006617 16.647593 0.009728286 16.174902 0.010804149 0 1.9600893 1.05 1.031075 0.030138493 0.9984875 0.0037986836 1.1827582 50 17.155262 16.59627 0.007857512 16.501072 0.010009406 16.468151 0.012879041 0.3478324 0.2951257 51.538982 3.2504966 172.54599 2.9116094 228.63327 2.7113972 161.6493 2.8371027 0.11059655 0.28520736 -0.1850748 0.34261164 2.4121783 0.894787 2.1329987 0.93073964 9.224969 0.9789167 23.10794 0.36481667 61.51937 1.0872506 3621.2607 4625.6685 d336 1.3338658 1.293665 -85.19973 3.5 0 2.0546696 1.1 1.031075 0.030138493 0.99383765 0.0042832918 1.2247504 46 17.792046 3.5
