Ha-emitters-disk/Halpha-disk_splus_13r16-Mine_PerField.ecsv
# %ECSV 1.0
# ---
# datatype:
# - {name: NUMBER, datatype: int64}
# - {name: ALPHA, datatype: float64}
# - {name: DELTA, datatype: float64}
# - {name: u, datatype: float64}
# - {name: uerr, datatype: float64}
# - {name: g, datatype: float64}
# - {name: gerr, datatype: float64}
# - {name: r, datatype: float64}
# - {name: rerr, datatype: float64}
# - {name: i, datatype: float64}
# - {name: ierr, datatype: float64}
# - {name: z, datatype: float64}
# - {name: zerr, datatype: float64}
# - {name: F378, datatype: float64}
# - {name: F378err, datatype: float64}
# - {name: F395, datatype: float64}
# - {name: F395err, datatype: float64}
# - {name: F410, datatype: float64}
# - {name: F410err, datatype: float64}
# - {name: F430, datatype: float64}
# - {name: F430err, datatype: float64}
# - {name: F515, datatype: float64}
# - {name: F515err, datatype: float64}
# - {name: F660, datatype: float64}
# - {name: F660err, datatype: float64}
# - {name: F861, datatype: float64}
# - {name: F861err, datatype: float64}
# - {name: flags_i, datatype: int64}
# - {name: fwhm_i, datatype: float64}
# - {name: fwhm_psf_i, datatype: float64}
# - {name: ellog_i, datatype: float64}
# - {name: ellip_i, datatype: float64}
# - {name: class_i, datatype: float64}
# - {name: spread_i, datatype: float64}
# - {name: flux_radius_i, datatype: float64}
# - {name: area_i, datatype: int64}
# - {name: mumax_i, datatype: float64}
# - {name: mag_aper2_i, datatype: float64}
# - {name: magerr_apper2_i, datatype: float64}
# - {name: mag_aper4_i, datatype: float64}
# - {name: magerr_apper4_i, datatype: float64}
# - {name: mag_aper6_i, datatype: float64}
# - {name: magerr_apper6_i, datatype: float64}
# - {name: flux_aper6_u, datatype: float64}
# - {name: fluxerr_aper6_u, datatype: float64}
# - {name: flux_aper6_g, datatype: float64}
# - {name: fluxerr_aper6_g, datatype: float64}
# - {name: flux_aper6_r, datatype: float64}
# - {name: fluxerr_aper6_r, datatype: float64}
# - {name: flux_aper6_i, datatype: float64}
# - {name: fluxerr_aper6_i, datatype: float64}
# - {name: flux_aper6_z, datatype: float64}
# - {name: fluxerr_aper6_z, datatype: float64}
# - {name: flux_aper6_F378, datatype: float64}
# - {name: fluxerr_aper6_F378, datatype: float64}
# - {name: flux_aper6_F395, datatype: float64}
# - {name: fluxerr_aper6_F395, datatype: float64}
# - {name: flux_aper6_F410, datatype: float64}
# - {name: fluxerr_aper6_F410, datatype: float64}
# - {name: flux_aper6_F430, datatype: float64}
# - {name: fluxerr_aper6_F430, datatype: float64}
# - {name: flux_aper6_F515, datatype: float64}
# - {name: fluxerr_aper6_F515, datatype: float64}
# - {name: flux_aper6_F660, datatype: float64}
# - {name: fluxerr_aper6_F660, datatype: float64}
# - {name: flux_aper6_F861, datatype: float64}
# - {name: fluxerr_aper6_F861, datatype: float64}
# - {name: x, datatype: float64}
# - {name: y, datatype: float64}
# - {name: field, datatype: string}
# - {name: a_image, datatype: float64}
# - {name: b_image, datatype: float64}
# - {name: theta_image, datatype: float64}
# - {name: kron_radius_i, datatype: float64}
# - {name: flags_r, datatype: int64}
# - {name: fwhm_r, datatype: float64}
# - {name: fwhm_psf_r, datatype: float64}
# - {name: ellog_r, datatype: float64}
# - {name: ellip_r, datatype: float64}
# - {name: class_r, datatype: float64}
# - {name: spread_r, datatype: float64}
# - {name: flux_radius_r, datatype: float64}
# - {name: area_r, datatype: int64}
# - {name: mumax_r, datatype: float64}
# - {name: kron_radius_r, datatype: float64}
# schema: astropy-2.0
NUMBER ALPHA DELTA u uerr g gerr r rerr i ierr z zerr F378 F378err F395 F395err F410 F410err F430 F430err F515 F515err F660 F660err F861 F861err flags_i fwhm_i fwhm_psf_i ellog_i ellip_i class_i spread_i flux_radius_i area_i mumax_i mag_aper2_i magerr_apper2_i mag_aper4_i magerr_apper4_i mag_aper6_i magerr_apper6_i flux_aper6_u fluxerr_aper6_u flux_aper6_g fluxerr_aper6_g flux_aper6_r fluxerr_aper6_r flux_aper6_i fluxerr_aper6_i flux_aper6_z fluxerr_aper6_z flux_aper6_F378 fluxerr_aper6_F378 flux_aper6_F395 fluxerr_aper6_F395 flux_aper6_F410 fluxerr_aper6_F410 flux_aper6_F430 fluxerr_aper6_F430 flux_aper6_F515 fluxerr_aper6_F515 flux_aper6_F660 fluxerr_aper6_F660 flux_aper6_F861 fluxerr_aper6_F861 x y field a_image b_image theta_image kron_radius_i flags_r fwhm_r fwhm_psf_r ellog_r ellip_r class_r spread_r flux_radius_r area_r mumax_r kron_radius_r
[from data line 170]
123579 132.08277760116815 -36.11147468436034 17.301527 0.012798999 13.964743 0.001584111 13.012096 0.0008837418 12.982887 0.0009109379 12.497432 0.00087108486 16.868593 0.014156004 16.379217 0.014732355 15.493412 0.0083653815 15.031784 0.0062453225 13.651055 0.0025889212 12.532698 0.0009021926 11.954349 0.0009354484 0 4.935088 1.05 1.100013 0.09091985 0.97429603 0.033039942 1.8028226 491 14.177519 12.565724 0.00069908553 12.381546 0.0006546204 12.313396 0.0006529907 26.451675 0.58849734 6219.443 10.201429 18462.68 13.679936 23412.154 14.077273 19400.941 11.6909685 18.720123 0.45368648 28.041748 0.65500885 160.65315 1.8749672 268.50775 2.113827 1226.1996 3.1725283 2388.0117 1.8068316 7452.0293 5.9540315 5982.4185 7142.9253 d329 2.026981 1.8426883 85.05235 3.5 0 2.9475539 1.1 1.100013 0.09091985 0.99842227 0.018068044 1.5526681 483 14.301012 3.5
91843 131.64150031858304 -36.36792335685748 18.512531 0.02925285 16.091719 0.0047992514 14.972422 0.0022746667 14.460187 0.0018459393 13.9019 0.0017187432 18.175539 0.03332961 18.149237 0.04517452 17.75276 0.034534656 17.174591 0.02201118 15.707797 0.007404798 14.218592 0.0018468698 13.440871 0.0018943644 0 3.3281062 1.05 1.0515381 0.049012125 0.89251554 0.021069868 1.5786436 201 15.243822 14.313535 0.0016142373 14.126841 0.0016105225 14.069114 0.001752715 8.210586 0.56431264 1091.4053 7.068586 3505.4146 7.5653725 4646.8022 7.499558 4025.343 6.420909 5.491609 0.4299417 6.267934 0.60412884 30.458485 1.6573759 50.734737 1.7721049 218.64317 2.0788753 540.0577 1.0118569 1725.3851 3.251117 8306.656 5456.8364 d329 1.7660382 1.6794809 67.384415 3.5 0 2.4770746 1.1 1.0515381 0.049012125 0.7765344 0.018233797 1.5918279 201 15.6529 3.5
110438 131.5803467367767 -36.20975831946975 18.616589 0.03177303 14.487379 0.0020629182 13.011007 0.00088189414 12.88171 0.00086414226 12.445825 0.00085806777 18.337967 0.03784292 17.890343 0.037904795 16.695307 0.01716122 16.003218 0.010783519 14.203374 0.0034083647 12.604281 0.0008510687 11.760518 0.00085129525 0 6.4568787 1.05 1.203664 0.16920334 0.8128379 0.039077725 2.0192852 550 14.112417 12.285684 0.0006133627 12.056992 0.0005598568 11.990588 0.0005550387 8.966892 0.5653802 3777.5906 8.8495865 17312.252 13.3100395 31518.422 16.108603 31304.934 14.511547 5.0919194 0.42923513 6.3676224 0.6044168 51.869682 1.6952187 107.419495 1.8672336 728.7306 2.6888697 2457.2683 1.8299556 11429.827 7.2618356 8635.344 6490.2393 d329 2.290809 1.9031965 85.25966 3.5 0 2.8486295 1.1 1.203664 0.16920334 0.9988309 0.014722762 1.5512016 515 14.19469 3.5
121041 132.28029152478302 -36.132327977832645 17.387114 0.01344617 14.105978 0.0017019144 13.09629 0.00092138705 13.024795 0.00093180896 12.4727955 0.00095984276 16.911917 0.014511461 16.360209 0.014546872 15.568373 0.008728319 15.107249 0.0065017287 13.829634 0.0028277761 12.663372 0.0009635776 12.121056 0.0010116304 0 4.4469028 1.05 1.0824517 0.07617128 0.99817747 0.034098823 1.5975739 418 14.086695 12.713055 0.0007490958 12.559408 0.00071391364 12.498998 0.00071829493 25.832867 0.5877736 5467.8506 9.805639 15963.539 12.862465 19733.342 13.051896 14821.505 10.404531 17.586317 0.4517589 28.344952 0.6557731 148.13327 1.8553594 252.03659 2.0901399 1049.7969 3.0100327 2054.5452 1.6912694 5950.7065 5.378521 4938.1265 7006.3467 d329 1.8890841 1.7451901 82.44308 3.5 0 2.7271895 1.1 1.0824517 0.07617128 0.9986102 0.015947724 1.4487003 409 14.247678 3.5
123579 132.08277760116815 -36.11147468436034 17.301527 0.012798999 13.964743 0.001584111 13.012096 0.0008837418 12.982887 0.0009109379 12.497432 0.00087108486 16.868593 0.014156004 16.379217 0.014732355 15.493412 0.0083653815 15.031784 0.0062453225 13.651055 0.0025889212 12.532698 0.0009021926 11.954349 0.0009354484 0 4.935088 1.05 1.100013 0.09091985 0.97429603 0.033039942 1.8028226 491 14.177519 12.565724 0.00069908553 12.381546 0.0006546204 12.313396 0.0006529907 26.451675 0.58849734 6219.443 10.201429 18462.68 13.679936 23412.154 14.077273 19400.941 11.6909685 18.720123 0.45368648 28.041748 0.65500885 160.65315 1.8749672 268.50775 2.113827 1226.1996 3.1725283 2388.0117 1.8068316 7452.0293 5.9540315 5982.4185 7142.9253 d329 2.026981 1.8426883 85.05235 3.5 0 2.9475539 1.1 1.100013 0.09091985 0.99842227 0.018068044 1.5526681 483 14.301012 3.5
91843 131.64150031858304 -36.36792335685748 18.512531 0.02925285 16.091719 0.0047992514 14.972422 0.0022746667 14.460187 0.0018459393 13.9019 0.0017187432 18.175539 0.03332961 18.149237 0.04517452 17.75276 0.034534656 17.174591 0.02201118 15.707797 0.007404798 14.218592 0.0018468698 13.440871 0.0018943644 0 3.3281062 1.05 1.0515381 0.049012125 0.89251554 0.021069868 1.5786436 201 15.243822 14.313535 0.0016142373 14.126841 0.0016105225 14.069114 0.001752715 8.210586 0.56431264 1091.4053 7.068586 3505.4146 7.5653725 4646.8022 7.499558 4025.343 6.420909 5.491609 0.4299417 6.267934 0.60412884 30.458485 1.6573759 50.734737 1.7721049 218.64317 2.0788753 540.0577 1.0118569 1725.3851 3.251117 8306.656 5456.8364 d329 1.7660382 1.6794809 67.384415 3.5 0 2.4770746 1.1 1.0515381 0.049012125 0.7765344 0.018233797 1.5918279 201 15.6529 3.5
110438 131.5803467367767 -36.20975831946975 18.616589 0.03177303 14.487379 0.0020629182 13.011007 0.00088189414 12.88171 0.00086414226 12.445825 0.00085806777 18.337967 0.03784292 17.890343 0.037904795 16.695307 0.01716122 16.003218 0.010783519 14.203374 0.0034083647 12.604281 0.0008510687 11.760518 0.00085129525 0 6.4568787 1.05 1.203664 0.16920334 0.8128379 0.039077725 2.0192852 550 14.112417 12.285684 0.0006133627 12.056992 0.0005598568 11.990588 0.0005550387 8.966892 0.5653802 3777.5906 8.8495865 17312.252 13.3100395 31518.422 16.108603 31304.934 14.511547 5.0919194 0.42923513 6.3676224 0.6044168 51.869682 1.6952187 107.419495 1.8672336 728.7306 2.6888697 2457.2683 1.8299556 11429.827 7.2618356 8635.344 6490.2393 d329 2.290809 1.9031965 85.25966 3.5 0 2.8486295 1.1 1.203664 0.16920334 0.9988309 0.014722762 1.5512016 515 14.19469 3.5
121041 132.28029152478302 -36.132327977832645 17.387114 0.01344617 14.105978 0.0017019144 13.09629 0.00092138705 13.024795 0.00093180896 12.4727955 0.00095984276 16.911917 0.014511461 16.360209 0.014546872 15.568373 0.008728319 15.107249 0.0065017287 13.829634 0.0028277761 12.663372 0.0009635776 12.121056 0.0010116304 0 4.4469028 1.05 1.0824517 0.07617128 0.99817747 0.034098823 1.5975739 418 14.086695 12.713055 0.0007490958 12.559408 0.00071391364 12.498998 0.00071829493 25.832867 0.5877736 5467.8506 9.805639 15963.539 12.862465 19733.342 13.051896 14821.505 10.404531 17.586317 0.4517589 28.344952 0.6557731 148.13327 1.8553594 252.03659 2.0901399 1049.7969 3.0100327 2054.5452 1.6912694 5950.7065 5.378521 4938.1265 7006.3467 d329 1.8890841 1.7451901 82.44308 3.5 0 2.7271895 1.1 1.0824517 0.07617128 0.9986102 0.015947724 1.4487003 409 14.247678 3.5
123579 132.08277760116815 -36.11147468436034 17.301527 0.012798999 13.964743 0.001584111 13.012096 0.0008837418 12.982887 0.0009109379 12.497432 0.00087108486 16.868593 0.014156004 16.379217 0.014732355 15.493412 0.0083653815 15.031784 0.0062453225 13.651055 0.0025889212 12.532698 0.0009021926 11.954349 0.0009354484 0 4.935088 1.05 1.100013 0.09091985 0.97429603 0.033039942 1.8028226 491 14.177519 12.565724 0.00069908553 12.381546 0.0006546204 12.313396 0.0006529907 26.451675 0.58849734 6219.443 10.201429 18462.68 13.679936 23412.154 14.077273 19400.941 11.6909685 18.720123 0.45368648 28.041748 0.65500885 160.65315 1.8749672 268.50775 2.113827 1226.1996 3.1725283 2388.0117 1.8068316 7452.0293 5.9540315 5982.4185 7142.9253 d329 2.026981 1.8426883 85.05235 3.5 0 2.9475539 1.1 1.100013 0.09091985 0.99842227 0.018068044 1.5526681 483 14.301012 3.5
99812 115.88807791035468 -37.63029091737465 16.53076 0.011580551 15.546836 0.0056228014 15.295196 0.0040955944 15.222272 0.003951306 15.217638 0.0059074466 16.157501 0.016636416 15.861004 0.016968215 15.736673 0.015052225 15.654468 0.013924336 15.470586 0.010136776 15.091264 0.004286919 15.2345295 0.0066722087 0 1.7732997 1.05 1.0889264 0.081664264 0.99853045 -0.00069138425 1.0915006 89 15.853256 15.378771 0.0040221 15.286958 0.004418804 15.248938 0.0051098196 22.411068 0.34782845 534.86884 3.9569368 760.24036 3.6858485 702.78827 3.3067417 409.2912 3.218368 15.868096 0.34457335 18.416788 0.41433614 49.18708 1.0379658 54.470287 1.0889844 85.91035 1.181465 95.508316 0.46900228 145.1684 1.2433374 2301.309 6182.629 d336 1.4230577 1.3068447 86.34946 3.5 0 1.8360269 1.1 1.0889264 0.081664264 0.9850097 -0.00072727486 1.1540099 91 16.042429 3.5
168491 114.42314325789395 -37.073926020861485 16.650024 0.012240577 15.144002 0.0045675617 14.776442 0.0031648376 14.710702 0.0030716432 14.350195 0.0038167494 16.331041 0.01812294 16.172083 0.020049307 15.658462 0.014336885 15.566107 0.01319723 15.072638 0.008238721 14.536815 0.0032707963 14.36841 0.004373462 0 2.801577 1.05 1.0695045 0.06498754 0.99980164 0.012229264 1.3589199 135 15.647622 14.77487 0.002967724 14.649473 0.0030449706 14.605161 0.003332105 20.04885 0.34240115 800.2449 4.2937355 1309.7145 4.283497 1271.5558 3.901434 932.09344 3.9007888 13.428977 0.33590883 14.645104 0.4005009 55.19252 1.0543919 62.25241 1.1100194 134.40744 1.2926879 168.95493 0.5548792 322.99753 1.5221766 9928.406 9815.252 d336 1.5697006 1.4676896 -77.44951 3.5 0 2.006466 1.1 1.0695045 0.06498754 0.98175883 0.0004378853 1.3055737 136 15.562956 3.5
170773 114.85831037498949 -37.03152099943328 18.37562 0.03788826 15.877107 0.0069589047 13.921926 0.0021374233 13.338065 0.0016188081 12.376499 0.0014828047 18.876999 0.09883577 17.893456 0.060183413 17.23807 0.037760414 16.239809 0.019161317 15.561544 0.0109255975 13.312633 0.0018147747 12.497199 0.0017887341 0 2.7227676 1.05 1.1940111 0.16248679 0.99990255 0.013377325 1.233179 189 13.679095 12.9223 0.0012276588 12.852601 0.0012109156 12.830904 0.0012340053 7.1526666 0.3123538 613.1567 4.059523 3673.0952 6.2358212 6516.854 7.405002 5651.909 7.6920705 3.0192595 0.29709092 6.6740527 0.3702355 18.976446 0.94802797 39.18138 1.0452296 134.60225 1.2935576 488.08963 0.8311008 1798.3823 2.9541047 7656.757 10107.926 d336 1.6755553 1.4032997 -1.8615936 3.5 0 2.2632582 1.1 1.1940111 0.16248679 0.9998283 0.0009774645 1.1969678 186 14.368307 3.5
99812 115.88807791035468 -37.63029091737465 16.53076 0.011580551 15.546836 0.0056228014 15.295196 0.0040955944 15.222272 0.003951306 15.217638 0.0059074466 16.157501 0.016636416 15.861004 0.016968215 15.736673 0.015052225 15.654468 0.013924336 15.470586 0.010136776 15.091264 0.004286919 15.2345295 0.0066722087 0 1.7732997 1.05 1.0889264 0.081664264 0.99853045 -0.00069138425 1.0915006 89 15.853256 15.378771 0.0040221 15.286958 0.004418804 15.248938 0.0051098196 22.411068 0.34782845 534.86884 3.9569368 760.24036 3.6858485 702.78827 3.3067417 409.2912 3.218368 15.868096 0.34457335 18.416788 0.41433614 49.18708 1.0379658 54.470287 1.0889844 85.91035 1.181465 95.508316 0.46900228 145.1684 1.2433374 2301.309 6182.629 d336 1.4230577 1.3068447 86.34946 3.5 0 1.8360269 1.1 1.0889264 0.081664264 0.9850097 -0.00072727486 1.1540099 91 16.042429 3.5
168491 114.42314325789395 -37.073926020861485 16.650024 0.012240577 15.144002 0.0045675617 14.776442 0.0031648376 14.710702 0.0030716432 14.350195 0.0038167494 16.331041 0.01812294 16.172083 0.020049307 15.658462 0.014336885 15.566107 0.01319723 15.072638 0.008238721 14.536815 0.0032707963 14.36841 0.004373462 0 2.801577 1.05 1.0695045 0.06498754 0.99980164 0.012229264 1.3589199 135 15.647622 14.77487 0.002967724 14.649473 0.0030449706 14.605161 0.003332105 20.04885 0.34240115 800.2449 4.2937355 1309.7145 4.283497 1271.5558 3.901434 932.09344 3.9007888 13.428977 0.33590883 14.645104 0.4005009 55.19252 1.0543919 62.25241 1.1100194 134.40744 1.2926879 168.95493 0.5548792 322.99753 1.5221766 9928.406 9815.252 d336 1.5697006 1.4676896 -77.44951 3.5 0 2.006466 1.1 1.0695045 0.06498754 0.98175883 0.0004378853 1.3055737 136 15.562956 3.5
170773 114.85831037498949 -37.03152099943328 18.37562 0.03788826 15.877107 0.0069589047 13.921926 0.0021374233 13.338065 0.0016188081 12.376499 0.0014828047 18.876999 0.09883577 17.893456 0.060183413 17.23807 0.037760414 16.239809 0.019161317 15.561544 0.0109255975 13.312633 0.0018147747 12.497199 0.0017887341 0 2.7227676 1.05 1.1940111 0.16248679 0.99990255 0.013377325 1.233179 189 13.679095 12.9223 0.0012276588 12.852601 0.0012109156 12.830904 0.0012340053 7.1526666 0.3123538 613.1567 4.059523 3673.0952 6.2358212 6516.854 7.405002 5651.909 7.6920705 3.0192595 0.29709092 6.6740527 0.3702355 18.976446 0.94802797 39.18138 1.0452296 134.60225 1.2935576 488.08963 0.8311008 1798.3823 2.9541047 7656.757 10107.926 d336 1.6755553 1.4032997 -1.8615936 3.5 0 2.2632582 1.1 1.1940111 0.16248679 0.9998283 0.0009774645 1.1969678 186 14.368307 3.5
99812 115.88807791035468 -37.63029091737465 16.53076 0.011580551 15.546836 0.0056228014 15.295196 0.0040955944 15.222272 0.003951306 15.217638 0.0059074466 16.157501 0.016636416 15.861004 0.016968215 15.736673 0.015052225 15.654468 0.013924336 15.470586 0.010136776 15.091264 0.004286919 15.2345295 0.0066722087 0 1.7732997 1.05 1.0889264 0.081664264 0.99853045 -0.00069138425 1.0915006 89 15.853256 15.378771 0.0040221 15.286958 0.004418804 15.248938 0.0051098196 22.411068 0.34782845 534.86884 3.9569368 760.24036 3.6858485 702.78827 3.3067417 409.2912 3.218368 15.868096 0.34457335 18.416788 0.41433614 49.18708 1.0379658 54.470287 1.0889844 85.91035 1.181465 95.508316 0.46900228 145.1684 1.2433374 2301.309 6182.629 d336 1.4230577 1.3068447 86.34946 3.5 0 1.8360269 1.1 1.0889264 0.081664264 0.9850097 -0.00072727486 1.1540099 91 16.042429 3.5
168491 114.42314325789395 -37.073926020861485 16.650024 0.012240577 15.144002 0.0045675617 14.776442 0.0031648376 14.710702 0.0030716432 14.350195 0.0038167494 16.331041 0.01812294 16.172083 0.020049307 15.658462 0.014336885 15.566107 0.01319723 15.072638 0.008238721 14.536815 0.0032707963 14.36841 0.004373462 0 2.801577 1.05 1.0695045 0.06498754 0.99980164 0.012229264 1.3589199 135 15.647622 14.77487 0.002967724 14.649473 0.0030449706 14.605161 0.003332105 20.04885 0.34240115 800.2449 4.2937355 1309.7145 4.283497 1271.5558 3.901434 932.09344 3.9007888 13.428977 0.33590883 14.645104 0.4005009 55.19252 1.0543919 62.25241 1.1100194 134.40744 1.2926879 168.95493 0.5548792 322.99753 1.5221766 9928.406 9815.252 d336 1.5697006 1.4676896 -77.44951 3.5 0 2.006466 1.1 1.0695045 0.06498754 0.98175883 0.0004378853 1.3055737 136 15.562956 3.5
170773 114.85831037498949 -37.03152099943328 18.37562 0.03788826 15.877107 0.0069589047 13.921926 0.0021374233 13.338065 0.0016188081 12.376499 0.0014828047 18.876999 0.09883577 17.893456 0.060183413 17.23807 0.037760414 16.239809 0.019161317 15.561544 0.0109255975 13.312633 0.0018147747 12.497199 0.0017887341 0 2.7227676 1.05 1.1940111 0.16248679 0.99990255 0.013377325 1.233179 189 13.679095 12.9223 0.0012276588 12.852601 0.0012109156 12.830904 0.0012340053 7.1526666 0.3123538 613.1567 4.059523 3673.0952 6.2358212 6516.854 7.405002 5651.909 7.6920705 3.0192595 0.29709092 6.6740527 0.3702355 18.976446 0.94802797 39.18138 1.0452296 134.60225 1.2935576 488.08963 0.8311008 1798.3823 2.9541047 7656.757 10107.926 d336 1.6755553 1.4032997 -1.8615936 3.5 0 2.2632582 1.1 1.1940111 0.16248679 0.9998283 0.0009774645 1.1969678 186 14.368307 3.5
