Ha-emitters-disk/Halpha-disk_splus_13r16-Mine_PerField.ecsv
# %ECSV 1.0
# ---
# datatype:
# - {name: NUMBER, datatype: int64}
# - {name: ALPHA, datatype: float64}
# - {name: DELTA, datatype: float64}
# - {name: u, datatype: float64}
# - {name: uerr, datatype: float64}
# - {name: g, datatype: float64}
# - {name: gerr, datatype: float64}
# - {name: r, datatype: float64}
# - {name: rerr, datatype: float64}
# - {name: i, datatype: float64}
# - {name: ierr, datatype: float64}
# - {name: z, datatype: float64}
# - {name: zerr, datatype: float64}
# - {name: F378, datatype: float64}
# - {name: F378err, datatype: float64}
# - {name: F395, datatype: float64}
# - {name: F395err, datatype: float64}
# - {name: F410, datatype: float64}
# - {name: F410err, datatype: float64}
# - {name: F430, datatype: float64}
# - {name: F430err, datatype: float64}
# - {name: F515, datatype: float64}
# - {name: F515err, datatype: float64}
# - {name: F660, datatype: float64}
# - {name: F660err, datatype: float64}
# - {name: F861, datatype: float64}
# - {name: F861err, datatype: float64}
# - {name: flags_i, datatype: int64}
# - {name: fwhm_i, datatype: float64}
# - {name: fwhm_psf_i, datatype: float64}
# - {name: ellog_i, datatype: float64}
# - {name: ellip_i, datatype: float64}
# - {name: class_i, datatype: float64}
# - {name: spread_i, datatype: float64}
# - {name: flux_radius_i, datatype: float64}
# - {name: area_i, datatype: int64}
# - {name: mumax_i, datatype: float64}
# - {name: mag_aper2_i, datatype: float64}
# - {name: magerr_apper2_i, datatype: float64}
# - {name: mag_aper4_i, datatype: float64}
# - {name: magerr_apper4_i, datatype: float64}
# - {name: mag_aper6_i, datatype: float64}
# - {name: magerr_apper6_i, datatype: float64}
# - {name: flux_aper6_u, datatype: float64}
# - {name: fluxerr_aper6_u, datatype: float64}
# - {name: flux_aper6_g, datatype: float64}
# - {name: fluxerr_aper6_g, datatype: float64}
# - {name: flux_aper6_r, datatype: float64}
# - {name: fluxerr_aper6_r, datatype: float64}
# - {name: flux_aper6_i, datatype: float64}
# - {name: fluxerr_aper6_i, datatype: float64}
# - {name: flux_aper6_z, datatype: float64}
# - {name: fluxerr_aper6_z, datatype: float64}
# - {name: flux_aper6_F378, datatype: float64}
# - {name: fluxerr_aper6_F378, datatype: float64}
# - {name: flux_aper6_F395, datatype: float64}
# - {name: fluxerr_aper6_F395, datatype: float64}
# - {name: flux_aper6_F410, datatype: float64}
# - {name: fluxerr_aper6_F410, datatype: float64}
# - {name: flux_aper6_F430, datatype: float64}
# - {name: fluxerr_aper6_F430, datatype: float64}
# - {name: flux_aper6_F515, datatype: float64}
# - {name: fluxerr_aper6_F515, datatype: float64}
# - {name: flux_aper6_F660, datatype: float64}
# - {name: fluxerr_aper6_F660, datatype: float64}
# - {name: flux_aper6_F861, datatype: float64}
# - {name: fluxerr_aper6_F861, datatype: float64}
# - {name: x, datatype: float64}
# - {name: y, datatype: float64}
# - {name: field, datatype: string}
# - {name: a_image, datatype: float64}
# - {name: b_image, datatype: float64}
# - {name: theta_image, datatype: float64}
# - {name: kron_radius_i, datatype: float64}
# - {name: flags_r, datatype: int64}
# - {name: fwhm_r, datatype: float64}
# - {name: fwhm_psf_r, datatype: float64}
# - {name: ellog_r, datatype: float64}
# - {name: ellip_r, datatype: float64}
# - {name: class_r, datatype: float64}
# - {name: spread_r, datatype: float64}
# - {name: flux_radius_r, datatype: float64}
# - {name: area_r, datatype: int64}
# - {name: mumax_r, datatype: float64}
# - {name: kron_radius_r, datatype: float64}
# schema: astropy-2.0
NUMBER ALPHA DELTA u uerr g gerr r rerr i ierr z zerr F378 F378err F395 F395err F410 F410err F430 F430err F515 F515err F660 F660err F861 F861err flags_i fwhm_i fwhm_psf_i ellog_i ellip_i class_i spread_i flux_radius_i area_i mumax_i mag_aper2_i magerr_apper2_i mag_aper4_i magerr_apper4_i mag_aper6_i magerr_apper6_i flux_aper6_u fluxerr_aper6_u flux_aper6_g fluxerr_aper6_g flux_aper6_r fluxerr_aper6_r flux_aper6_i fluxerr_aper6_i flux_aper6_z fluxerr_aper6_z flux_aper6_F378 fluxerr_aper6_F378 flux_aper6_F395 fluxerr_aper6_F395 flux_aper6_F410 fluxerr_aper6_F410 flux_aper6_F430 fluxerr_aper6_F430 flux_aper6_F515 fluxerr_aper6_F515 flux_aper6_F660 fluxerr_aper6_F660 flux_aper6_F861 fluxerr_aper6_F861 x y field a_image b_image theta_image kron_radius_i flags_r fwhm_r fwhm_psf_r ellog_r ellip_r class_r spread_r flux_radius_r area_r mumax_r kron_radius_r
[from data line 227]
100360 127.40873312577942 -30.865747960179952 14.150309 0.0020426963 12.99833 0.0008916027 13.001257 0.0008269069 12.939164 0.000837098 12.615398 0.00094393175 13.734483 0.0024846685 13.563133 0.0033093516 13.23999 0.0023488002 13.166612 0.0021458825 12.827995 0.0015629824 12.676628 0.00090471015 12.555491 0.0011932214 0 3.016774 1.15 1.0757282 0.07039708 0.9990748 0.015602944 1.5055448 511 14.183077 12.947606 0.0007961761 12.826225 0.0007660415 12.777915 0.00076933205 499.10895 0.94661134 17881.67 14.213501 19488.35 13.490208 16658.445 11.800991 11049.94 9.163147 346.7819 0.78550065 368.93854 1.1105506 1447.4106 3.0824826 1783.8484 3.4642653 3094.6511 4.347462 2227.925 1.6852802 4046.9119 4.4800196 6779.4316 5377.312 d264 1.9325372 1.7964922 87.43338 3.5 0 3.126176 1.2 1.0757282 0.07039708 0.99939346 0.01565008 1.5811781 511 14.330608 3.5
103749 127.17661184401076 -30.848650492255672 15.954449 0.005002744 14.92594 0.0022151105 14.565101 0.0017230639 14.74371 0.0019566123 14.599013 0.0022410597 15.559898 0.00601533 15.142309 0.007077303 14.86604 0.0051043867 14.7347975 0.0045341244 14.45642 0.0033784881 14.094201 0.0016231006 13.990525 0.0023661202 0 3.2079337 1.15 1.0496936 0.04734105 0.9960591 0.02317448 1.5725974 239 15.4772 14.48603 0.0016509444 14.334029 0.001639259 14.283598 0.0017476239 98.09231 0.5303663 3593.5637 7.1780453 4827.2314 7.384169 4162.5674 6.698529 2569.4136 5.595791 70.20661 0.42422867 91.70267 0.6451278 347.42947 1.7381748 446.6078 1.9610585 695.6876 2.2829921 649.22095 0.9736488 1104.1398 2.698139 8084.0796 5485.2104 d264 1.76349 1.6800045 66.634415 3.5 0 3.0220273 1.2 1.0496936 0.04734105 0.98334336 0.002244384 1.5608575 238 15.416205 3.5
104932 128.37294985851608 -30.83751107635781 15.124396 0.003282687 13.914371 0.0013779858 13.697293 0.0011541111 13.936978 0.001345949 13.312146 0.0012116767 14.620776 0.003805522 14.373743 0.0049341624 14.241329 0.0037898212 14.125403 0.0033938559 13.824364 0.0025101511 13.470641 0.0012138009 13.337197 0.001742134 0 3.1574082 1.15 1.0147713 0.014556348 0.9993823 0.016646983 1.4654984 341 14.755574 13.832247 0.0012067736 13.701677 0.0011793671 13.650632 0.0012163729 209.95454 0.6728879 7713.163 9.74251 10033.393 9.989297 7456.715 8.351884 5876.7305 7.200321 155.00696 0.5603286 174.60983 0.8127412 598.30066 2.121144 752.6095 2.3899722 1265.6475 2.9093344 1082.0573 1.2111033 1942.1954 3.304916 1360.6833 5549.7974 d264 1.6598895 1.6357275 -61.08045 3.5 0 1.9601521 1.2 1.0147713 0.014556348 0.98278695 0.0011382386 1.2375699 342 14.276375 3.5
109647 127.4885079622202 -30.80431265770809 14.637854 0.0025858616 13.2048435 0.0009825316 13.062687 0.0008515745 12.998817 0.0008596511 12.666698 0.00088264496 14.304151 0.0032592893 14.112256 0.0042886897 13.650171 0.0028530338 13.5641 0.002589349 13.04217 0.0017271548 12.756541 0.0008644606 12.46488 0.0011424022 0 3.0699487 1.15 1.0530756 0.050400496 0.9988466 0.018171243 1.5244881 485 14.220075 12.943547 0.00079463853 12.8163805 0.00076241355 12.763721 0.00076380075 321.4428 0.7896782 14789.298 13.016831 18835.025 13.277515 16877.645 11.870311 11728.834 9.389379 207.5478 0.6300325 224.74269 0.8990011 1000.3796 2.62054 1250.7577 2.9578774 2555.7734 3.9779923 2207.4307 1.6779213 4419.3716 4.656879 6331.751 5780.188 d264 1.8133221 1.7219298 78.30754 3.5 0 3.0425668 1.2 1.0530756 0.050400496 0.99925333 0.016824331 1.5590307 485 14.404206 3.5
109941 127.44922582067647 -30.801898398662992 13.94684 0.0018517583 12.87144 0.00083924603 13.0142975 0.0008316828 12.994435 0.00086102076 12.757914 0.00092182716 13.376694 0.0020987552 13.037429 0.0025793412 12.852927 0.0019567232 12.8052025 0.0018106481 12.634948 0.0014271116 12.764944 0.00086768495 12.634987 0.0012383005 0 3.349715 1.15 1.0585598 0.055320263 0.9989482 0.016562983 1.5231845 528 14.235403 12.984693 0.0008100673 12.862205 0.00077946606 12.812488 0.0007829045 602.91846 1.0272385 20996.807 15.324366 20102.568 13.686752 16136.343 11.632795 10285.925 8.900744 483.28726 0.9125267 601.18286 1.384844 2075.7417 3.633629 2505.4988 4.049943 3713.2256 4.7360296 2196.3179 1.6740116 3764.06 4.340704 6552.624 5795.6597 d264 1.8563477 1.753654 80.02989 3.5 0 3.3671975 1.2 1.0585598 0.055320263 0.9990265 0.017419793 1.6245509 528 14.393577 3.5
111763 127.38863835123657 -30.786830246276025 16.957207 0.008672929 13.796741 0.0012970997 13.020196 0.00083285634 12.898935 0.00082135503 12.445363 0.0007908893 16.519377 0.009953957 16.11971 0.011654553 15.246267 0.006193571 14.808186 0.0047124173 13.539579 0.002182352 12.644894 0.0008200949 12.048396 0.0009395292 0 4.1724772 1.15 1.1139684 0.10230845 0.998443 0.027222762 1.7326853 540 14.267212 12.641752 0.0006904115 12.499224 0.00065487594 12.441072 0.0006502546 38.141933 0.43528754 8494.107 10.156196 19655.164 13.543849 22718.062 13.602694 18344.203 11.368402 27.303421 0.33499992 34.874832 0.49880296 230.38748 1.5272154 396.7085 1.8820635 1613.8662 3.2328963 2529.1606 1.7891895 6995.8545 5.734671 6893.479 5893.6265 d264 2.044548 1.8353735 -85.069305 3.5 0 3.3814213 1.2 1.1139684 0.10230845 0.9991488 0.01680832 1.6113896 532 14.392902 3.5
112598 127.43614677295255 -30.781553907442067 15.536849 0.0040508844 13.338666 0.001045853 13.005735 0.00082854164 12.925736 0.00083203515 12.511431 0.00081846316 15.139428 0.0048972596 14.822276 0.006049326 14.201134 0.0037100066 13.968106 0.0031375918 13.109136 0.0017826557 12.641463 0.0008191861 12.180832 0.0010001365 0 4.000971 1.15 1.0689353 0.0644896 0.9985536 0.025584988 1.6837533 545 14.277541 12.723854 0.0007172782 12.5870075 0.00068290706 12.531772 0.00068010646 140.5499 0.58849704 12972.938 12.26006 20630.41 13.852869 20897.367 13.086956 15240.327 10.486159 96.47035 0.4705803 116.57083 0.6995948 602.83777 2.1273267 861.5885 2.5250757 2401.5024 3.8657997 2548.2424 1.7955245 5911.532 5.307705 6626.396 5928.697 d264 1.9035485 1.7807894 82.4014 3.5 0 3.4571333 1.2 1.0689353 0.0644896 0.99910647 0.018414222 1.6526586 542 14.400618 3.5
114149 127.76433221866316 -30.77313350244442 15.804949 0.0046535856 13.538158 0.0011511671 13.028413 0.0008425038 12.980059 0.00085427845 12.588422 0.00085075235 15.408726 0.0056081386 15.085203 0.006881607 14.427279 0.0041524037 14.180723 0.0034803327 13.306455 0.001958624 12.746067 0.0008614674 12.314726 0.0010660335 0 3.4461746 1.15 1.0693878 0.0648855 0.99904644 0.022922693 1.5616595 478 14.229776 12.857232 0.00076329627 12.728132 0.0007307052 12.673689 0.0007299768 110.8862 0.54841185 10808.457 11.291623 18903.566 13.299637 18336.855 12.325487 13618.655 9.994065 75.632614 0.43412814 92.07197 0.6458464 491.41397 1.9668176 711.2394 2.3362954 2011.9797 3.5666451 2247.1052 1.6919997 5098.8647 4.963667 4780.8228 5984.408 d264 1.8591164 1.7384868 -83.12945 3.5 0 3.0457282 1.2 1.0693878 0.0648855 0.99956346 0.015443763 1.5594286 478 14.318995 3.5
118042 127.3296750740622 -30.742944192102943 15.468547 0.003914405 13.396996 0.0010748999 13.026424 0.00083647476 12.933313 0.00083405094 12.540315 0.0008290365 15.048041 0.0046864185 14.780324 0.0059403507 14.183043 0.0036788124 14.008721 0.0031987377 13.1697855 0.0018338978 12.702219 0.00084306946 12.251182 0.0010331541 0 3.3177862 1.15 1.0966485 0.08813071 0.99884975 0.020503785 1.5806727 485 14.230616 12.814374 0.000748203 12.6821575 0.00071475963 12.629069 0.00071391044 148.20642 0.5984886 12207.733 11.927381 19157.459 13.383169 19106.127 12.559911 14097.518 10.142994 104.086494 0.48326463 120.4836 0.70788544 607.7174 2.1342876 822.0878 2.4771326 2255.6658 3.7567923 2330.044 1.7212085 5400.416 5.094389 7225.826 6180.062 d264 1.8725594 1.7075294 81.862755 3.5 0 3.0423636 1.2 1.0966485 0.08813071 0.9983315 0.015760075 1.5538734 482 14.375171 3.5
119280 127.20612314798842 -30.735181753650632 15.599308 0.0041846153 13.430876 0.0010912815 13.016872 0.00082965975 12.90599 0.00082298974 12.535776 0.0008239708 15.215114 0.005093241 14.902306 0.0063124406 14.278447 0.0038468551 14.061604 0.0032796636 13.1925125 0.0018533195 12.712709 0.0008462149 12.311835 0.0010624395 0 3.4332254 1.15 1.0786319 0.0728997 0.9989943 0.020524576 1.6051991 491 14.24843 12.811998 0.0007473559 12.676681 0.0007128584 12.626453 0.00071294926 130.53706 0.5753091 11784.742 11.738582 19174.764 13.388346 19152.217 12.573258 14007.301 10.1146345 87.62847 0.45549464 106.0838 0.6771459 555.16486 2.0602634 778.5661 2.4227517 2202.1824 3.7157986 2309.7075 1.7140669 5208.13 5.0114665 7921.096 6228.5864 d264 1.8664396 1.7303767 82.12904 3.5 0 3.1519132 1.2 1.0786319 0.0728997 0.99972796 0.015196158 1.5812812 489 14.366203 3.5
124481 127.49792230979786 -30.697302660297392 16.452503 0.00655295 13.655189 0.0012146434 13.047801 0.0008468164 12.937362 0.0008397096 12.514006 0.0008191167 16.057117 0.0078045772 15.679997 0.00927589 14.852757 0.005096635 14.491064 0.004035978 13.403649 0.002047344 12.700321 0.00084191206 12.187594 0.0010031761 0 3.707753 1.15 1.0998565 0.09079045 0.99879456 0.02405016 1.6801089 535 14.242483 12.74501 0.00072444393 12.609223 0.0006902542 12.551315 0.00068676943 60.98634 0.4738064 9689.186 10.758047 18866.82 13.28844 20524.566 12.979415 15659.8545 10.610285 42.31322 0.36870167 53.859108 0.55204433 333.48352 1.7145585 537.22516 2.097392 1833.1892 3.420964 2378.18 1.7378864 5998.8306 5.343544 6279.691 6480.688 d264 1.9508792 1.773758 81.559135 3.5 0 3.0806131 1.2 1.0998565 0.09079045 0.9992385 0.01523193 1.6045463 526 14.411132 3.5
130534 127.29258396165704 -30.65511047749264 16.032856 0.005245139 13.55681 0.0011604055 13.019913 0.00083621754 12.911007 0.00082515855 12.5211525 0.00082286657 15.635048 0.006288009 15.250286 0.0075059603 14.581935 0.0044642407 14.248096 0.0035930949 13.309598 0.0019611416 12.693976 0.000841528 12.209626 0.0010141943 0 3.5746524 1.15 1.1157122 0.103711486 0.99871373 0.022483753 1.6202735 513 14.270238 12.787329 0.00073881965 12.652262 0.000704593 12.597096 0.0007026103 88.09139 0.5158113 10518.822 11.156879 18983.299 13.326559 19677.135 12.730533 14785.8125 10.351578 60.485447 0.40578872 76.63849 0.6098434 421.932 1.8603499 657.1315 2.2650464 1979.444 3.5408566 2347.3362 1.727226 5646.44 5.1983066 7436.26 6754.377 d264 1.989547 1.7832081 86.725914 3.5 0 3.1206503 1.2 1.1157122 0.103711486 0.9995244 0.015114547 1.5897652 512 14.355107 3.5
130974 127.09252650083435 -30.653742844162515 15.4860935 0.003952073 13.473729 0.00111574 13.004328 0.00083182333 12.91553 0.0008278044 12.553929 0.0008371528 15.05368 0.0047066747 14.811967 0.0060573854 14.2180605 0.003741102 14.052534 0.0032704086 13.24046 0.001898212 12.731464 0.00085693033 12.337503 0.001078315 0 3.244349 1.15 1.0380727 0.036676347 0.9996028 0.017990937 1.5688183 455 14.204627 12.872408 0.0007687316 12.738924 0.00073449337 12.690032 0.0007360462 145.619 0.59518325 11256.93 11.500006 18580.047 13.194379 18062.9 12.242292 13263.563 9.8846445 102.097435 0.4800133 113.41399 0.6930295 581.157 2.0973492 780.45026 2.4253764 2100.0198 3.6367054 2208.4343 1.6783434 4958.0845 4.902127 8562.823 6758.88 d264 1.88014 1.8111833 -37.86769 3.5 0 3.060797 1.2 1.0380727 0.036676347 0.9998634 0.012846187 1.5372626 451 14.366889 3.5
133269 127.48340096857514 -30.637602655538704 17.238245 0.01020753 13.925992 0.0013822946 13.0773535 0.00085868454 12.945502 0.00083841 12.515368 0.00081905426 16.831104 0.011807063 16.404665 0.0135449255 15.44782 0.0068699345 14.968907 0.0051061227 13.668953 0.0023228382 12.71981 0.00085133 12.156456 0.0009889 0 3.6353507 1.15 1.0813156 0.07520062 0.9990753 0.025949609 1.6472182 473 14.263242 12.756478 0.0007282946 12.618229 0.00069319736 12.559807 0.0006896673 29.902967 0.42048174 7533.1123 9.644805 17737.219 12.913514 20364.678 12.932645 16308.83 10.798225 21.323269 0.32055327 27.29225 0.4758276 192.16301 1.4515183 344.01035 1.7945611 1435.2797 3.0712018 2293.1628 1.7083042 6218.909 5.4322305 6361.9565 6871.35 d264 1.8848945 1.7431493 -88.12505 3.5 0 2.9451163 1.2 1.0813156 0.07520062 0.9997046 0.013874344 1.5447155 468 14.363195 3.5
136780 127.54814070303502 -30.61419220547373 15.746662 0.004516751 13.566734 0.0011659409 13.079771 0.00085903215 12.998922 0.0008626981 12.621616 0.0008620669 15.337879 0.0054159975 15.015596 0.0066575203 14.394046 0.0040765293 14.165263 0.003450544 13.335804 0.0019837667 12.800184 0.0008826472 12.394228 0.0011059857 0 3.0263326 1.15 1.0592457 0.055931985 0.9990478 0.01952726 1.5143955 484 14.265046 12.953437 0.0007983464 12.821022 0.00076410885 12.764501 0.0007641242 115.14472 0.5544799 10515.646 11.154994 17496.492 12.832154 16865.525 11.86681 12698.848 9.705215 79.869644 0.4418696 97.884926 0.65911496 507.14117 1.9905386 718.88995 2.3465595 1951.778 3.5183847 2092.6301 1.6364409 4741.1567 4.8048453 5997.4756 7024.9756 d264 1.836276 1.7335695 77.739845 3.5 0 2.953353 1.2 1.0592457 0.055931985 0.99954903 0.013509041 1.5130944 482 14.338785 3.5
144773 127.52566192613064 -30.55949611884587 14.298453 0.0021958416 13.084911 0.00093011284 13.051155 0.0008499235 12.999948 0.0008640665 12.7375 0.00091274164 13.858429 0.0026383395 13.683734 0.0035031375 13.367493 0.0024966483 13.278957 0.0022658983 12.922503 0.0016347901 12.778853 0.00087463536 12.580377 0.0012074908 0 2.9885147 1.15 1.0385832 0.037149847 0.99924636 0.016528863 1.5102504 465 14.2442665 12.996412 0.0008145545 12.866654 0.000781177 12.814323 0.0007836202 435.41312 0.8935411 16434.564 13.666737 18500.975 13.168155 16109.084 11.62376 10709.541 9.046984 309.4738 0.74702907 329.76013 1.0572783 1287.44 2.9256077 1612.2256 3.30974 2833.7673 4.1727357 2132.511 1.6509964 3976.945 4.44591 6124.457 7382.882 d264 1.7985697 1.7317531 89.45743 3.5 0 3.1224375 1.2 1.0385832 0.037149847 0.9996943 0.014691677 1.5849302 465 14.396477 3.5
149823 127.43759159916908 -30.52257849333531 15.741143 0.004508993 13.465027 0.0011122964 13.024744 0.0008400549 12.948733 0.00084176054 12.575405 0.0008460845 15.351716 0.005458027 15.021817 0.0066860397 14.363836 0.0040191696 14.114271 0.0033718 13.232943 0.0018928606 12.709765 0.00084833003 12.288716 0.0010535587 0 3.5620964 1.15 1.0624446 0.05877441 0.99895424 0.023190083 1.5838026 480 14.246762 12.827084 0.0007526619 12.69373 0.0007187555 12.639953 0.0007177955 114.33165 0.5533735 11427.76 11.577692 18756.47 13.252147 18915.57 12.502313 13674.827 10.01258 78.40718 0.4392594 96.11047 0.6551534 512.3076 1.9982072 741.088 2.3752651 2122.5134 3.6542277 2290.4067 1.7073371 5241.82 5.0262084 6621.2866 7623.8506 d264 1.8495451 1.7408392 73.71995 3.5 0 3.1058123 1.2 1.0624446 0.05877441 0.99974316 0.014220954 1.5630909 473 14.348024 3.5
