Ha-emitters-disk/Halpha-disk_splus_175r185-Mine_PerField.ecsv
# %ECSV 1.0
# ---
# datatype:
# - {name: NUMBER, datatype: int64}
# - {name: ALPHA, datatype: float64}
# - {name: DELTA, datatype: float64}
# - {name: u, datatype: float64}
# - {name: uerr, datatype: float64}
# - {name: g, datatype: float64}
# - {name: gerr, datatype: float64}
# - {name: r, datatype: float64}
# - {name: rerr, datatype: float64}
# - {name: i, datatype: float64}
# - {name: ierr, datatype: float64}
# - {name: z, datatype: float64}
# - {name: zerr, datatype: float64}
# - {name: F378, datatype: float64}
# - {name: F378err, datatype: float64}
# - {name: F395, datatype: float64}
# - {name: F395err, datatype: float64}
# - {name: F410, datatype: float64}
# - {name: F410err, datatype: float64}
# - {name: F430, datatype: float64}
# - {name: F430err, datatype: float64}
# - {name: F515, datatype: float64}
# - {name: F515err, datatype: float64}
# - {name: F660, datatype: float64}
# - {name: F660err, datatype: float64}
# - {name: F861, datatype: float64}
# - {name: F861err, datatype: float64}
# - {name: flags_i, datatype: int64}
# - {name: fwhm_i, datatype: float64}
# - {name: fwhm_psf_i, datatype: float64}
# - {name: ellog_i, datatype: float64}
# - {name: ellip_i, datatype: float64}
# - {name: class_i, datatype: float64}
# - {name: spread_i, datatype: float64}
# - {name: flux_radius_i, datatype: float64}
# - {name: area_i, datatype: int64}
# - {name: mumax_i, datatype: float64}
# - {name: mag_aper2_i, datatype: float64}
# - {name: magerr_apper2_i, datatype: float64}
# - {name: mag_aper4_i, datatype: float64}
# - {name: magerr_apper4_i, datatype: float64}
# - {name: mag_aper6_i, datatype: float64}
# - {name: magerr_apper6_i, datatype: float64}
# - {name: flux_aper6_u, datatype: float64}
# - {name: fluxerr_aper6_u, datatype: float64}
# - {name: flux_aper6_g, datatype: float64}
# - {name: fluxerr_aper6_g, datatype: float64}
# - {name: flux_aper6_r, datatype: float64}
# - {name: fluxerr_aper6_r, datatype: float64}
# - {name: flux_aper6_i, datatype: float64}
# - {name: fluxerr_aper6_i, datatype: float64}
# - {name: flux_aper6_z, datatype: float64}
# - {name: fluxerr_aper6_z, datatype: float64}
# - {name: flux_aper6_F378, datatype: float64}
# - {name: fluxerr_aper6_F378, datatype: float64}
# - {name: flux_aper6_F395, datatype: float64}
# - {name: fluxerr_aper6_F395, datatype: float64}
# - {name: flux_aper6_F410, datatype: float64}
# - {name: fluxerr_aper6_F410, datatype: float64}
# - {name: flux_aper6_F430, datatype: float64}
# - {name: fluxerr_aper6_F430, datatype: float64}
# - {name: flux_aper6_F515, datatype: float64}
# - {name: fluxerr_aper6_F515, datatype: float64}
# - {name: flux_aper6_F660, datatype: float64}
# - {name: fluxerr_aper6_F660, datatype: float64}
# - {name: flux_aper6_F861, datatype: float64}
# - {name: fluxerr_aper6_F861, datatype: float64}
# - {name: x, datatype: float64}
# - {name: y, datatype: float64}
# - {name: field, datatype: string}
# - {name: a_image, datatype: float64}
# - {name: b_image, datatype: float64}
# - {name: theta_image, datatype: float64}
# - {name: kron_radius_i, datatype: float64}
# - {name: flags_r, datatype: int64}
# - {name: fwhm_r, datatype: float64}
# - {name: fwhm_psf_r, datatype: float64}
# - {name: ellog_r, datatype: float64}
# - {name: ellip_r, datatype: float64}
# - {name: class_r, datatype: float64}
# - {name: spread_r, datatype: float64}
# - {name: flux_radius_r, datatype: float64}
# - {name: area_r, datatype: int64}
# - {name: mumax_r, datatype: float64}
# - {name: kron_radius_r, datatype: float64}
# schema: astropy-2.0
NUMBER ALPHA DELTA u uerr g gerr r rerr i ierr z zerr F378 F378err F395 F395err F410 F410err F430 F430err F515 F515err F660 F660err F861 F861err flags_i fwhm_i fwhm_psf_i ellog_i ellip_i class_i spread_i flux_radius_i area_i mumax_i mag_aper2_i magerr_apper2_i mag_aper4_i magerr_apper4_i mag_aper6_i magerr_apper6_i flux_aper6_u fluxerr_aper6_u flux_aper6_g fluxerr_aper6_g flux_aper6_r fluxerr_aper6_r flux_aper6_i fluxerr_aper6_i flux_aper6_z fluxerr_aper6_z flux_aper6_F378 fluxerr_aper6_F378 flux_aper6_F395 fluxerr_aper6_F395 flux_aper6_F410 fluxerr_aper6_F410 flux_aper6_F430 fluxerr_aper6_F430 flux_aper6_F515 fluxerr_aper6_F515 flux_aper6_F660 fluxerr_aper6_F660 flux_aper6_F861 fluxerr_aper6_F861 x y field a_image b_image theta_image kron_radius_i flags_r fwhm_r fwhm_psf_r ellog_r ellip_r class_r spread_r flux_radius_r area_r mumax_r kron_radius_r
[from data line 332]
94025 114.71677435881465 -26.813601394375983 17.698654 0.01771048 18.509228 0.020618606 17.510197 0.009183689 17.40337 0.009883647 17.106012 0.010897168 17.617373 0.023777507 17.31088 0.026684036 17.692863 0.029916784 17.94952 0.036901105 17.16203 0.016970506 17.38389 0.010022052 17.27108 0.015297973 0 1.9880906 1.34 1.2446121 0.19653684 0.96236455 0.0032374861 1.2195654 51 18.38067 17.659008 0.011151767 17.445665 0.015397818 17.260162 0.01860687 70.26621 0.40104216 185.68567 3.7170606 807.14197 4.5026565 244.98262 4.1973844 123.552605 4.092313 34.40559 0.3055057 38.32475 0.46917784 67.91609 1.015123 38.305023 1.0184959 178.7594 1.4611014 68.26537 0.5481679 35.77101 1.7131087 8692.372 4682.5923 d210 1.4805477 1.1895655 43.37233 3.5 0 6.636225 1.48 1.2446121 0.19653684 0.99550843 0.012785886 2.7927024 51 18.96134 3.5
97297 114.689638357518 -26.79630073464379 99.0 99.0 19.411377 0.043659963 17.95151 0.013735585 17.716621 0.012276996 17.582533 0.0152451545 19.855194 0.11899187 19.395184 0.14423569 19.434608 0.1281378 18.46329 0.055190306 19.012096 0.061589874 17.621695 0.011983275 17.66209 0.020250805 0 2.367326 1.34 1.0827287 0.07640761 0.9641594 0.008042688 1.7491319 37 18.608198 17.846687 0.01278733 17.17434 0.0122954855 16.784365 0.012350749 -2.924171 0.23096839 -14.0105 3.4451659 569.137 4.267648 379.71155 4.318344 85.02852 4.064535 8.019445 0.22733147 14.003069 0.3854754 27.084047 0.8889504 46.16912 1.0421046 14.290622 1.0941801 96.11492 0.5779584 34.059925 1.7115759 8851.412 4795.1377 d210 1.3179195 1.2172204 -17.287018 0.0 0 6.6499534 1.48 1.0827287 0.07640761 0.9651455 0.024031581 1.8224664 37 19.20387 3.5
212302 114.4929865250702 -25.988304810131357 99.0 99.0 99.0 99.0 18.141386 0.0148168 17.985176 0.01524973 16.770578 0.0084490115 99.0 99.0 19.55438 0.12637244 99.0 99.0 19.435278 0.09961563 19.672441 0.09450477 17.838623 0.014177505 99.0 99.0 0 2.968407 1.34 1.2477026 0.19852692 0.9832254 -0.004281331 1.5886236 22 18.56284 18.15368 0.016156588 17.793056 0.020662667 17.63252 0.0258237 1.603958 0.23620455 54.877407 3.52783 182.99927 3.8535595 173.85674 4.1340923 258.67065 4.1947427 2.2145076 0.20616215 5.3406477 0.35080746 9.978271 0.8302298 15.563759 0.9481495 12.981492 1.0906808 22.147215 0.4953342 10.65759 1.6814762 10032.413 10078.281 d210 1.4877583 1.1923982 -9.907052 3.5 0 3.2221417 1.48 1.2477026 0.19852692 0.97668505 -0.00037829476 1.597768 30 19.191574 3.5
217731 115.34831344836336 -26.00718212833896 20.7122 0.115091346 18.747894 0.024241207 17.889 0.012730305 17.511969 0.010372476 17.291983 0.012119863 20.141788 0.11876895 19.679703 0.14243431 19.504078 0.11151719 19.2508 0.0890144 18.5697 0.042061307 17.433472 0.011070472 17.342644 0.016183732 0 2.6920688 1.34 1.1483814 0.12920916 0.99636185 0.0017979069 1.5004544 44 18.601103 17.717506 0.011652632 17.57937 0.017251529 17.508326 0.023147779 1.2847586 0.23525739 63.10624 3.541416 152.39984 3.8202116 194.92584 4.1547885 142.86067 4.109685 0.95092154 0.20133874 0.95540386 0.33201936 3.049796 0.8055608 3.3887544 0.9084504 11.017126 1.0859342 26.706142 0.5009906 46.38779 1.7276604 4999.5234 9967.888 d210 1.5863473 1.3813767 16.495014 3.5 0 2.9686875 1.48 1.1483814 0.12920916 0.9964278 -0.00029320933 1.6753001 51 19.214878 3.5
6006 116.62898375892676 -27.35348387297491 99.0 99.0 19.362976 0.073606096 18.404388 0.02501976 18.081907 0.019969497 17.90083 0.023446832 99.0 99.0 20.172403 0.38665637 19.887737 0.30068946 19.712135 0.2534842 19.100513 0.11018499 16.911102 0.013506101 17.85299 0.0317887 0 2.0422385 1.05 1.012274 0.0121251345 0.9998193 0.00094416365 1.1766983 22 18.888186 18.230421 0.024361806 18.101717 0.037827175 17.843466 0.04351604 0.9188238 0.3631431 16.979649 3.6814368 44.261112 3.038345 65.31515 2.6171792 47.444336 2.1961737 0.1129333 0.33117074 0.19125333 0.38862127 1.9436095 1.0167869 2.710826 1.0533371 2.9540522 1.0762731 20.095663 0.38204432 15.845162 1.0025625 6739.591 1154.4291 d211 1.1909481 1.1765077 -38.435116 3.5 0 1.853825 1.04 1.012274 0.0121251345 0.9998305 3.183461e-05 1.0378397 18 19.18618 3.5
8729 116.85408097938829 -27.3348445826435 99.0 99.0 19.420473 0.076444656 18.441063 0.02535979 17.996347 0.018861765 17.705471 0.020482732 20.465559 0.4437701 99.0 99.0 99.0 99.0 19.88931 0.29811075 19.728159 0.18154414 17.65322 0.01846285 17.74141 0.02954691 0 1.9274514 1.05 1.0706952 0.06602734 0.99983954 0.00041538427 1.1450244 21 18.784657 18.175856 0.023395518 18.032795 0.035668384 17.920214 0.04662272 0.14044213 0.36177528 80.358025 3.7737408 86.72065 3.1006885 60.857536 2.6126554 56.135525 2.2100525 1.1783501 0.3352155 0.2354773 0.38909352 -0.05198764 1.011931 0.5333246 1.0478381 4.1440988 1.0802476 49.573498 0.42614412 13.007717 0.99713385 5430.863 1277.5033 d211 1.216848 1.1365027 30.435976 0.0 0 1.9402272 1.04 1.0706952 0.06602734 0.52019143 0.004121131 1.3507737 29 19.194265 3.5
23679 117.6261802915384 -27.224556848719644 21.02604 0.3735136 19.319841 0.07373479 18.261106 0.023165967 17.913862 0.018534882 18.640207 0.040859543 99.0 99.0 99.0 99.0 19.39044 0.19778194 19.840649 0.2868772 18.664461 0.07883567 17.763954 0.020745538 17.36625 0.023211105 0 2.0369897 1.05 1.2242297 0.18315977 0.959406 -0.00957091 0.9348187 17 18.106737 18.10353 0.022111163 18.112764 0.038172808 18.169367 0.05823386 0.4298431 0.36233312 3.9259572 3.6650257 37.296165 3.0302112 48.378597 2.5941737 17.910791 2.155293 0.15503171 0.33152902 0.5162491 0.39009622 -0.83702445 1.0117719 0.4882049 1.0475427 0.98911375 1.0717342 7.151602 0.36131006 16.623522 1.0048345 936.51263 1985.1796 d211 1.2585413 1.0280272 80.50162 3.5 0 1.5190759 1.04 1.2242297 0.18315977 0.97881794 -0.012574214 0.90627486 14 18.309603 3.5
53662 116.57596489899667 -27.020564538859468 21.446184 0.5863513 19.584106 0.08667771 18.252499 0.022455709 17.657879 0.015221276 17.372908 0.016471546 99.0 99.0 99.0 99.0 20.02426 0.33755076 99.0 99.0 19.327118 0.12937379 17.500809 0.017813796 17.383018 0.023593629 0 2.0097516 1.05 1.14379 0.12571365 0.9883922 0.0008219268 1.234051 33 18.350542 17.818031 0.017866747 17.461996 0.021970343 17.23206 0.025453633 0.6498551 0.36271474 36.3976 3.71051 89.05519 3.1028352 114.703384 2.6884143 94.00048 2.2618911 0.8306366 0.33385608 -0.14742804 0.38804695 0.9236533 1.0142219 2.8240209 1.0540726 5.9618115 1.084613 15.046242 0.37414083 29.382668 1.0318385 7052.3926 3333.1292 d211 1.2693034 1.1097347 -60.907066 3.5 0 1.9284824 1.04 1.14379 0.12571365 0.96218705 0.0019843902 1.2868874 31 18.879473 3.5
67598 117.28626589837508 -26.92721078736547 19.667677 0.12361921 18.223892 0.030122576 17.64338 0.015273496 17.39004 0.012833089 17.252712 0.015009396 19.066774 0.13271827 18.80146 0.12554188 18.493145 0.09528354 18.455917 0.089900956 17.776127 0.041288733 17.25157 0.015001158 16.910765 0.01780588 0 1.9482144 1.05 1.0136786 0.013494015 0.99934554 0.002917774 1.1634209 35 18.161371 17.522207 0.014467251 17.392475 0.020739738 17.364122 0.028543865 1.4188191 0.36428457 42.025696 3.7179182 91.185974 3.105368 101.56669 2.6695266 72.62788 2.2320094 1.1834414 0.3350537 1.2308763 0.39263943 4.743061 1.0251071 5.375417 1.0612627 9.993659 1.0949793 12.750175 0.37038067 29.8974 1.0327791 2908.404 3941.2747 d211 1.2773259 1.2600896 24.365961 3.5 0 1.6746843 1.04 1.0136786 0.013494015 0.9946966 0.00080481364 1.1300033 35 18.297348 3.5
70530 116.50441551851247 -26.908253309688604 20.199451 0.19510083 18.737198 0.04445735 18.068424 0.020042181 17.780848 0.016454108 17.6473 0.01957981 19.884636 0.2611833 19.235813 0.1788331 18.922241 0.13497639 19.346823 0.18533011 18.479702 0.06809964 17.70238 0.02019221 17.678501 0.028557582 0 1.8355122 1.05 1.0209482 0.020518363 0.99986947 -0.00055061607 1.0895119 28 18.549408 17.957884 0.019829728 17.84518 0.03035329 17.844795 0.043583367 0.45311165 0.36229748 26.428596 3.6963434 52.151306 3.0507436 65.23518 2.618019 40.39123 2.1869836 1.2490052 0.3353367 0.687537 0.39065272 2.455157 1.018664 0.7105626 1.0479434 5.9595 1.0846069 8.2695875 0.36308667 13.093527 0.9969514 7471.5566 4067.2832 d211 1.209415 1.1845998 -75.653244 3.5 0 1.8097379 1.04 1.0209482 0.020518363 0.9998378 -3.2084063e-05 1.0692072 24 18.830393 3.5
83561 116.19343344898604 -26.81984190390086 19.429443 0.100578 18.06401 0.027637938 17.50077 0.0141173825 17.262457 0.012060349 17.183453 0.0146670025 18.996298 0.12424582 18.834225 0.13149112 18.527493 0.10103689 18.478292 0.09349895 17.863731 0.044904243 17.1785 0.014564302 17.140835 0.02043252 0 1.954785 1.05 1.009841 0.009745121 0.7892656 0.00089847523 1.2839117 44 17.961082 17.41395 0.013441531 17.172947 0.017351964 16.959478 0.020143526 1.1187937 0.36382017 61.992237 3.7477598 130.5729 3.1612942 147.4379 2.734732 91.50448 2.2590895 1.5140549 0.33637372 0.68832916 0.3907769 3.8704858 1.0230665 4.20065 1.058371 9.049842 1.093016 16.60557 0.37674028 31.451286 1.0364692 9289.747 4638.932 d211 1.282553 1.2700543 -63.48716 3.5 0 1.8881843 1.04 1.009841 0.009745121 0.8665398 0.00030866207 1.2298391 42 18.123951 3.5
120211 117.42238222113112 -26.56381029333132 99.0 99.0 19.323135 0.069448404 18.139868 0.020962581 17.545374 0.014236694 17.231174 0.0149162365 20.576197 0.4818564 99.0 99.0 99.0 99.0 99.0 99.0 19.043205 0.10325125 17.65265 0.01941988 17.238935 0.021620285 0 1.5056251 1.05 1.0669557 0.062753975 0.98258597 -0.0039856066 1.0631838 27 17.946333 17.741161 0.01689161 17.668814 0.026133614 17.657007 0.03690637 0.15281639 0.36163133 5.1030617 3.6655676 52.17996 3.0505562 77.55272 2.6355336 63.40031 2.219283 0.84674877 0.33388743 -0.5627664 0.38801643 -0.0664085 1.0114539 -0.09223596 1.0457923 2.4798877 1.0753524 8.063364 0.36271858 20.112444 1.0120587 2103.1824 6316.7627 d211 1.2512879 1.1727647 -0.1904866 3.5 0 1.798603 1.04 1.0669557 0.062753975 0.9787934 -0.00021952462 1.1247821 23 18.724707 3.5
134345 117.58990687393946 -26.46481721073506 99.0 99.0 19.19787 0.06281592 18.276665 0.023149831 17.896692 0.017811097 17.698694 0.020309774 99.0 99.0 99.0 99.0 99.0 99.0 19.703524 0.24825452 19.042246 0.103462234 17.770607 0.021440376 17.686031 0.028728977 0 1.6269808 1.05 1.0418903 0.040206075 0.9818836 -0.0020318832 1.0624582 24 18.500292 18.098574 0.02204834 17.99257 0.034469638 17.988556 0.049549624 -0.14289154 0.36147672 11.018099 3.6757684 39.87447 3.034363 57.144962 2.6072848 41.16544 2.1888976 -0.36231998 0.33102682 -0.053322863 0.38819945 -1.7591884 1.011931 1.9325602 1.0519005 1.3232234 1.0727887 9.225164 0.3647971 14.35165 1.0000577 1118.5162 6959.6733 d211 1.1787134 1.131322 -16.567131 0.0 0 1.8271191 1.04 1.0418903 0.040206075 0.99983656 -0.00026965843 1.039591 20 19.021656 3.5
175895 117.10271293020536 -26.17996026914792 99.0 99.0 19.2185 0.06544221 18.172476 0.021853168 17.718056 0.015964527 17.523695 0.018149927 99.0 99.0 99.0 99.0 19.85172 0.2992348 99.0 99.0 19.32221 0.13364854 17.707449 0.020667778 17.593832 0.027472278 0 1.687765 1.05 1.0569303 0.053863823 0.9998838 -0.0014316611 1.0657004 29 18.50889 17.928207 0.019389447 17.82956 0.029933834 17.871368 0.044640712 -0.13843639 0.36147672 12.768623 3.6782737 58.17772 3.0604482 63.657932 2.6166992 45.863605 2.1955585 -0.063909024 0.33102682 0.1479891 0.38876158 3.066325 1.0208253 0.013047259 1.0463237 0.8817902 1.0716168 8.010539 0.3627895 14.613982 1.0006275 3969.6301 8835.4795 d211 1.2372826 1.1706378 40.386543 3.5 0 1.8297229 1.04 1.0569303 0.053863823 0.9998451 -0.0010831271 1.1077346 24 18.981506 3.5
197904 116.728663249262 -25.982827444890265 19.338228 0.0963186 99.0 99.0 17.816378 0.017605942 19.133854 0.042488653 17.279192 0.015970627 18.633902 0.097911425 19.264292 0.19291903 99.0 99.0 99.0 99.0 99.0 99.0 17.30329 0.016206587 16.817667 0.017237006 0 6.2728806 1.05 1.1489439 0.12963545 0.95910335 -0.0036982335 1.4592386 13 19.6566 19.406527 0.063604936 19.1357 0.09431339 18.947166 0.1174488 2.999152 0.36746496 7.18352 3.666832 66.64641 3.0697224 23.633802 2.55595 52.989937 2.2036848 3.5653982 0.34324348 4.11838 0.4031986 6.373824 1.0293958 10.466762 1.0753863 6.0543547 1.0842761 12.475807 0.36980546 37.087635 1.0474437 6168.031 10127.197 d211 1.3118438 1.1417823 7.809599 3.5 0 2.4503937 1.04 1.1489439 0.12963545 0.9782361 -0.004708786 1.1034065 23 18.358282 3.5
384 126.98652800711936 -35.69718375729545 19.672363 0.10124621 17.330385 0.011614377 17.767279 0.0128866 17.13088 0.0083814375 17.487938 0.013910625 19.431139 0.12189724 19.985714 0.31514943 18.09991 0.054506358 18.38265 0.06300109 17.041473 0.018205771 16.841135 0.008144909 16.569662 0.010363799 0 4.651472 1.16 1.163952 0.14085805 0.9995868 -0.0020686695 1.0748214 30 17.179132 17.103573 0.008336394 17.036676 0.01298996 17.013857 0.018192165 2.7148116 0.68278587 261.37024 7.9090366 217.77776 6.377537 327.5346 5.4867067 140.61479 4.520209 1.0824355 0.5112431 -0.21419273 0.71335244 14.106208 2.0003784 14.1691265 2.1089077 45.336914 2.2077837 42.52725 0.7526563 90.53221 2.0883632 4812.6816 849.85156 d310 1.4220426 1.2217364 -14.19431 3.5 0 2.0533314 1.27 1.163952 0.14085805 0.9850166 -0.010804229 1.1101279 27 17.946798 3.5
404 126.99866958331728 -35.69703873668385 99.0 99.0 18.162693 0.021570759 18.446474 0.02119881 17.249285 0.009061886 17.966522 0.01972153 99.0 99.0 20.533222 0.46896243 19.164425 0.13040002 18.932522 0.09768301 17.76598 0.030452518 17.44874 0.012153033 16.79032 0.01172903 0 2.309095 1.16 1.1091748 0.098428845 0.98838806 -0.008277664 1.0989803 26 17.619135 17.441055 0.010704535 17.386562 0.017517604 17.384283 0.02528489 0.021513287 0.67981136 99.73742 7.801221 103.68952 6.2997637 232.85553 5.4214797 69.80773 4.47169 0.59541583 0.5105292 0.21493094 0.71385324 2.5372474 1.9834064 8.483529 2.1008403 26.677584 2.1837194 21.215324 0.73554593 69.57241 2.0665805 4748.135 850.71185 d310 1.3103861 1.1814063 4.607887 0.0 0 2.2182999 1.27 1.1091748 0.098428845 0.9653092 -0.018293265 1.0942569 18 18.692102 3.5
426 127.11728868735418 -35.69580691603081 19.767235 0.10929169 16.63631 0.007264195 17.966335 0.0146909775 16.60537 0.0060789995 17.646442 0.015419642 18.29382 0.047197673 19.997738 0.2910963 17.30606 0.029813785 17.66217 0.03595834 16.377502 0.011869894 16.82415 0.008057031 15.727392 0.0062874053 0 2.2824092 1.16 1.2041439 0.16953444 0.98239744 0.0018811012 1.0335445 54 16.543575 16.48648 0.005438656 16.371986 0.007520502 16.342636 0.010144361 3.9676807 0.68429595 520.03754 8.080679 218.83102 6.37921 607.7787 5.6772804 141.82008 4.5217156 4.5485525 0.5166555 1.0109501 0.7155538 22.487627 2.0130017 22.202461 2.1208055 93.32983 2.269237 54.623764 0.7623336 212.16115 2.211634 4117.5234 857.4861 d310 1.6937346 1.4065883 -18.4577 3.5 0 2.2666106 1.27 1.2041439 0.16953444 0.9826939 -0.009960468 1.6468155 43 18.239773 3.5
920 127.42800058949985 -35.691319766387814 20.681904 0.24187548 18.142502 0.021150693 17.869713 0.013703076 16.874153 0.007096936 16.551231 0.0073700016 99.0 99.0 99.0 99.0 19.200169 0.13466595 18.90966 0.0956941 17.980547 0.035438806 17.12654 0.009707979 16.591806 0.010327456 0 2.2268722 1.16 1.1301022 0.115124226 0.9997542 -0.0016871614 1.0725242 31 17.622889 17.11253 0.008387326 17.05882 0.013241417 17.066591 0.019065797 0.51173013 0.6805235 115.71923 7.8138113 172.35913 6.348418 312.00662 5.477583 249.22049 4.595483 0.26752338 0.5101411 0.20831697 0.7140076 4.5419655 1.9868495 7.6919627 2.1001816 24.043184 2.1807761 29.416983 0.7423621 93.578255 2.0921278 2465.5215 879.87146 d310 1.3750266 1.2167277 2.1998641 3.5 0 1.7923433 1.27 1.1301022 0.115124226 0.99965125 -0.013735109 1.0063058 26 18.085604 3.5
