Ha-emitters-disk/Halpha-disk_splus_16r175-Mine_PerField.ecsv
# %ECSV 1.0
# ---
# datatype:
# - {name: NUMBER, datatype: int64}
# - {name: ALPHA, datatype: float64}
# - {name: DELTA, datatype: float64}
# - {name: u, datatype: float64}
# - {name: uerr, datatype: float64}
# - {name: g, datatype: float64}
# - {name: gerr, datatype: float64}
# - {name: r, datatype: float64}
# - {name: rerr, datatype: float64}
# - {name: i, datatype: float64}
# - {name: ierr, datatype: float64}
# - {name: z, datatype: float64}
# - {name: zerr, datatype: float64}
# - {name: F378, datatype: float64}
# - {name: F378err, datatype: float64}
# - {name: F395, datatype: float64}
# - {name: F395err, datatype: float64}
# - {name: F410, datatype: float64}
# - {name: F410err, datatype: float64}
# - {name: F430, datatype: float64}
# - {name: F430err, datatype: float64}
# - {name: F515, datatype: float64}
# - {name: F515err, datatype: float64}
# - {name: F660, datatype: float64}
# - {name: F660err, datatype: float64}
# - {name: F861, datatype: float64}
# - {name: F861err, datatype: float64}
# - {name: flags_i, datatype: int64}
# - {name: fwhm_i, datatype: float64}
# - {name: fwhm_psf_i, datatype: float64}
# - {name: ellog_i, datatype: float64}
# - {name: ellip_i, datatype: float64}
# - {name: class_i, datatype: float64}
# - {name: spread_i, datatype: float64}
# - {name: flux_radius_i, datatype: float64}
# - {name: area_i, datatype: int64}
# - {name: mumax_i, datatype: float64}
# - {name: mag_aper2_i, datatype: float64}
# - {name: magerr_apper2_i, datatype: float64}
# - {name: mag_aper4_i, datatype: float64}
# - {name: magerr_apper4_i, datatype: float64}
# - {name: mag_aper6_i, datatype: float64}
# - {name: magerr_apper6_i, datatype: float64}
# - {name: flux_aper6_u, datatype: float64}
# - {name: fluxerr_aper6_u, datatype: float64}
# - {name: flux_aper6_g, datatype: float64}
# - {name: fluxerr_aper6_g, datatype: float64}
# - {name: flux_aper6_r, datatype: float64}
# - {name: fluxerr_aper6_r, datatype: float64}
# - {name: flux_aper6_i, datatype: float64}
# - {name: fluxerr_aper6_i, datatype: float64}
# - {name: flux_aper6_z, datatype: float64}
# - {name: fluxerr_aper6_z, datatype: float64}
# - {name: flux_aper6_F378, datatype: float64}
# - {name: fluxerr_aper6_F378, datatype: float64}
# - {name: flux_aper6_F395, datatype: float64}
# - {name: fluxerr_aper6_F395, datatype: float64}
# - {name: flux_aper6_F410, datatype: float64}
# - {name: fluxerr_aper6_F410, datatype: float64}
# - {name: flux_aper6_F430, datatype: float64}
# - {name: fluxerr_aper6_F430, datatype: float64}
# - {name: flux_aper6_F515, datatype: float64}
# - {name: fluxerr_aper6_F515, datatype: float64}
# - {name: flux_aper6_F660, datatype: float64}
# - {name: fluxerr_aper6_F660, datatype: float64}
# - {name: flux_aper6_F861, datatype: float64}
# - {name: fluxerr_aper6_F861, datatype: float64}
# - {name: x, datatype: float64}
# - {name: y, datatype: float64}
# - {name: field, datatype: string}
# - {name: a_image, datatype: float64}
# - {name: b_image, datatype: float64}
# - {name: theta_image, datatype: float64}
# - {name: kron_radius_i, datatype: float64}
# - {name: flags_r, datatype: int64}
# - {name: fwhm_r, datatype: float64}
# - {name: fwhm_psf_r, datatype: float64}
# - {name: ellog_r, datatype: float64}
# - {name: ellip_r, datatype: float64}
# - {name: class_r, datatype: float64}
# - {name: spread_r, datatype: float64}
# - {name: flux_radius_r, datatype: float64}
# - {name: area_r, datatype: int64}
# - {name: mumax_r, datatype: float64}
# - {name: kron_radius_r, datatype: float64}
# schema: astropy-2.0
NUMBER ALPHA DELTA u uerr g gerr r rerr i ierr z zerr F378 F378err F395 F395err F410 F410err F430 F430err F515 F515err F660 F660err F861 F861err flags_i fwhm_i fwhm_psf_i ellog_i ellip_i class_i spread_i flux_radius_i area_i mumax_i mag_aper2_i magerr_apper2_i mag_aper4_i magerr_apper4_i mag_aper6_i magerr_apper6_i flux_aper6_u fluxerr_aper6_u flux_aper6_g fluxerr_aper6_g flux_aper6_r fluxerr_aper6_r flux_aper6_i fluxerr_aper6_i flux_aper6_z fluxerr_aper6_z flux_aper6_F378 fluxerr_aper6_F378 flux_aper6_F395 fluxerr_aper6_F395 flux_aper6_F410 fluxerr_aper6_F410 flux_aper6_F430 fluxerr_aper6_F430 flux_aper6_F515 fluxerr_aper6_F515 flux_aper6_F660 fluxerr_aper6_F660 flux_aper6_F861 fluxerr_aper6_F861 x y field a_image b_image theta_image kron_radius_i flags_r fwhm_r fwhm_psf_r ellog_r ellip_r class_r spread_r flux_radius_r area_r mumax_r kron_radius_r
[from data line 558]
149453 115.29755685055623 -37.23936573297456 17.365664 0.019515265 17.061094 0.013092454 16.8591 0.009444136 16.850607 0.00929021 16.757633 0.013549612 17.3028 0.033548124 17.12333 0.03658978 17.076515 0.034481943 17.11453 0.032814596 16.953201 0.02318677 16.58206 0.009492682 16.749277 0.01487201 0 1.9625211 1.05 1.0284653 0.027677417 0.9882557 -0.00041399946 1.1856862 46 17.490107 17.005066 0.010086661 16.89145 0.013434878 16.852156 0.017682383 10.466712 0.32019696 132.30081 3.3770833 181.47395 2.923583 160.52313 2.6136572 99.39695 2.7317307 4.946045 0.30449182 5.6163754 0.36577788 13.297393 0.929565 13.8560095 0.9679032 22.131243 1.0153103 23.722029 0.36566603 34.92966 1.0322841 5361.7744 8751.993 d336 1.3400021 1.3029143 31.520834 3.5 0 2.141999 1.1 1.0284653 0.027677417 0.9830496 -0.0005351725 1.236015 49 17.647354 3.5
170055 115.58344703127293 -37.025553715768574 19.090796 0.06509348 99.0 99.0 16.680956 0.0086310515 17.03669 0.010794526 16.16201 0.009725288 19.928377 0.27451304 18.632847 0.10502156 19.251078 0.17357951 18.322395 0.07314029 99.0 99.0 16.531046 0.009236726 16.207258 0.011062254 0 2.893318 1.05 1.1636804 0.14065754 0.99985695 -0.0056538954 1.1827757 27 17.385298 17.064621 0.0104782125 16.942236 0.013970204 16.846254 0.017605288 4.5027785 0.3057777 31.377693 3.2181811 243.18561 3.0154998 161.39786 2.6164417 177.4101 2.863206 1.7687236 0.29205978 5.4367304 0.36528137 9.605488 0.9183632 15.563463 0.9738879 11.601171 0.9859556 27.190008 0.3715098 68.083176 1.1004146 3867.2852 10148.984 d336 1.3943343 1.1982107 2.6992283 3.5 0 2.6050034 1.1 1.1636804 0.14065754 0.9827108 0.0027026269 1.2293675 36 17.25025 3.5
123 127.59653892334582 -38.44581863169141 99.0 99.0 17.927464 0.024744857 17.127855 0.008818706 16.308043 0.005305505 16.749533 0.008836527 20.22446 0.24672692 99.0 99.0 19.948856 0.31985745 19.49797 0.2030981 17.616793 0.033500895 15.979554 0.005468982 14.715407 0.0041962084 0 2.7811444 1.23 1.1661042 0.14244372 0.9831372 -0.0040799207 1.1004534 54 16.336794 16.093704 0.0044865706 15.987946 0.0061510284 15.938013 0.008114591 -0.0693221 0.73452955 108.135216 8.180003 407.45453 6.997045 863.763 6.4540367 404.80856 5.2985096 -0.40122303 0.54206014 0.78216046 0.75333947 3.4891567 2.0680761 7.261346 2.1862493 26.748817 2.3364158 98.38108 0.8648008 568.70874 2.8476057 5952.6313 854.69464 d343 1.4946452 1.2817425 -0.6890488 3.5 0 3.3423405 1.26 1.1661042 0.14244372 0.9822024 -0.005352941 1.1100656 42 17.366192 3.5
68323 128.15544177324054 -37.858224742563166 18.81441 0.045597244 18.34665 0.027273074 17.31754 0.009538373 16.13193 0.0045730337 15.440068 0.0037979814 18.411491 0.049045537 18.396418 0.06971095 18.658218 0.094756044 18.697315 0.09493568 18.176334 0.044658378 16.641916 0.007160154 15.631831 0.0059698527 0 1.9373738 1.23 1.0328637 0.031818032 0.9831139 -0.0010450851 1.256459 58 16.738323 16.286419 0.005101708 16.180742 0.0071811276 16.144562 0.00968139 7.113287 0.74197996 98.78146 8.174594 280.96515 6.918365 714.1258 6.366234 803.9422 5.5278916 3.8787832 0.54774994 4.218064 0.76010185 8.382881 2.0752044 6.749316 2.185704 16.990145 2.3246498 54.98288 0.8341892 236.18481 2.5818138 3067.9011 4695.084 d343 1.3387222 1.2961267 69.553505 3.5 0 1.9467648 1.26 1.0328637 0.031818032 0.981558 -0.0013749175 1.2744187 39 17.963545 3.5
998 130.3115550551252 -38.43607418542385 99.0 99.0 18.21372 0.024108334 17.411148 0.010367961 16.646412 0.0064372304 16.374825 0.0069494694 20.842045 0.36251187 19.854136 0.21907167 19.141296 0.12868187 19.031078 0.1100859 18.048504 0.038723506 16.83828 0.007959192 16.44033 0.009468878 0 2.9609632 1.36 1.1452502 0.12682837 0.98834246 -0.0023946331 1.5264978 52 17.896751 16.8915 0.0067834635 16.717272 0.009147603 16.676281 0.012309704 -0.28772604 0.5610861 121.69967 6.5178313 271.60358 5.5739317 449.0423 5.0898504 334.16824 4.441851 0.52048594 0.41957587 0.8437243 0.5895743 3.5002327 1.6259347 7.573978 1.7294525 21.254827 1.8384184 45.91309 0.6687809 119.448364 1.9687988 1124.4547 898.4408 d344 1.5510432 1.3543268 5.392523 3.5 0 2.654522 1.39 1.1452502 0.12682837 0.9829775 -0.004748866 1.3890274 36 18.47472 3.5
70270 128.65126000819907 -37.94209173929054 20.459173 0.16084348 18.202658 0.022296976 17.154427 0.008416919 16.68645 0.006420683 16.41466 0.006929103 20.504274 0.25720608 19.445406 0.14497973 19.354898 0.14496298 18.939674 0.09708725 17.920244 0.033402864 16.518951 0.0065373564 16.4776 0.009627295 0 2.392637 1.36 1.037683 0.036314607 0.9965197 -0.00055701524 1.5146621 73 17.807589 16.945274 0.0070365854 16.757801 0.009455043 16.710209 0.0126782525 2.6726031 0.5649046 130.47714 6.526904 342.74277 5.6307726 435.22736 5.08096 326.7699 4.4379134 -0.41526085 0.41872486 1.4064528 0.5911612 5.179771 1.6294822 9.907252 1.7340928 27.451992 1.8485547 62.44513 0.68363976 102.95617 1.9510609 9665.666 4134.231 d344 1.5525867 1.4962051 -56.602627 3.5 0 2.4704216 1.39 1.037683 0.036314607 0.9806105 0.00016544461 1.5782275 63 18.367933 3.5
98382 128.81169084535287 -37.75622712981372 19.856226 0.095339134 17.71215 0.015080414 17.044315 0.007776941 16.751377 0.0066518853 16.586193 0.0076960763 19.004272 0.07119367 18.39383 0.06166144 18.053299 0.04893511 17.99493 0.044214386 17.466927 0.023737947 16.738472 0.007433415 16.627514 0.010517146 0 2.3305292 1.36 1.031197 0.030253112 0.98333704 -0.0006706798 1.4495695 59 17.7553 17.004948 0.0073363455 16.852015 0.010215888 16.827578 0.014030995 2.5632262 0.56466836 210.5808 6.590241 385.6325 5.663009 390.6328 5.046931 270.7324 4.397802 2.3978283 0.42316595 3.296613 0.59575844 16.346567 1.6493044 20.441286 1.7522432 37.717613 1.8640399 48.259613 0.67097574 89.268234 1.9354907 8845.866 5357.2827 d344 1.5247968 1.478667 -66.266945 3.5 0 2.3191311 1.39 1.031197 0.030253112 0.9814669 -0.0004787272 1.5365921 68 18.135284 3.5
203687 129.41453995246337 -37.090529748573466 19.998419 0.10929726 18.238054 0.022606652 17.483091 0.010482579 17.117855 0.00841227 16.912313 0.009446863 19.378973 0.098536864 19.147602 0.11597507 18.760273 0.08810779 18.664305 0.076183945 17.99442 0.035220318 17.177446 0.009899297 16.977877 0.013216903 0 2.3102634 1.36 1.01425 0.014049888 0.9831097 -7.281281e-05 1.4353683 53 18.13946 17.373796 0.009533517 17.19167 0.013541411 17.140394 0.018443469 1.9331374 0.56385535 122.3331 6.519833 256.46338 5.563321 292.8477 4.9734135 198.84776 4.346942 1.9735565 0.4224046 2.3946445 0.5935712 6.9277844 1.6325142 8.419904 1.7313434 24.10985 1.8432559 30.932556 0.6553371 64.26546 1.9073653 5728.096 9726.257 d344 1.4620622 1.4415205 -75.77307 3.5 0 2.4203255 1.39 1.01425 0.014049888 0.97082645 0.00022187275 1.5492061 56 18.660854 3.5
42801 130.8689350155618 -38.14382298089495 19.437 0.066852465 17.938072 0.016808573 17.262589 0.008696387 16.93901 0.0072353017 16.797169 0.008701839 18.996685 0.0701945 19.01173 0.097949594 18.33057 0.058502022 18.344938 0.055751838 17.736494 0.027719723 16.893871 0.007896737 16.84805 0.011856848 0 1.8859135 1.11 1.0076851 0.007626474 0.98228467 0.00013679168 1.2613183 50 17.610064 17.129564 0.008352253 17.00111 0.012208289 16.967623 0.016822107 3.3096597 0.5796322 154.08533 6.582493 290.8959 5.67867 330.332 5.1168327 212.81761 4.457274 1.9779595 0.43322915 3.5930898 0.6129114 9.696292 1.6554631 7.2937584 1.7474068 27.612822 1.879159 68.89321 0.6963753 71.95234 1.9283661 7367.0938 2828.1543 d345 1.3621893 1.3518006 9.578434 3.5 0 1.9949962 1.23 1.0076851 0.007626474 0.98288685 -0.001227711 1.3115929 48 18.03443 3.5
174634 130.81279828635434 -37.19817765875547 21.343807 0.36975518 18.61043 0.029158656 17.457214 0.010213334 16.888124 0.0071571004 16.625072 0.0079769865 21.357561 0.57352984 20.288525 0.30393168 19.45835 0.15801832 19.35596 0.13228074 18.449026 0.049247988 17.113821 0.009326391 16.687788 0.010884996 0 1.8235304 1.11 1.0689498 0.06450236 0.9791237 -0.0009706666 1.2642782 54 17.612844 17.098837 0.008165078 16.97903 0.011971742 16.95572 0.016636817 0.13888499 0.5750198 82.919815 6.520666 240.9572 5.6365857 333.97293 5.1162486 249.29443 4.479714 0.60419244 0.43040642 1.3872741 0.60715085 1.8471081 1.6402843 7.844357 1.74715 9.338498 1.8499527 44.103397 0.6742302 87.06169 1.9441285 7683.772 9016.806 d345 1.4313346 1.3390101 14.747666 3.5 0 2.4172494 1.23 1.0689498 0.06450236 0.9796397 0.0010043638 1.40057 44 18.522985 3.5
188786 130.50373118485624 -37.07311089066003 19.85154 0.094826445 17.991827 0.017809376 17.041842 0.0077680186 16.57745 0.0059535154 16.355501 0.0067789834 19.155275 0.07989735 19.032404 0.09963015 18.61386 0.074662894 18.434944 0.060690023 17.676525 0.02713931 16.627872 0.006980395 16.40136 0.009222937 0 1.9462086 1.11 1.082867 0.07652563 0.98729664 0.00017264446 1.2442867 64 17.40701 16.800438 0.0066359984 16.646666 0.009107732 16.600456 0.01222251 2.5332966 0.57856035 152.8775 6.5810266 378.93362 5.7452602 463.25232 5.2137256 325.40796 4.5347915 1.9203857 0.4330904 3.593885 0.6128665 9.056496 1.6541971 11.6073 1.7547826 26.130096 1.8767681 55.574627 0.6847437 109.73586 1.9704677 9301.688 9825.783 d345 1.4832053 1.3697021 -12.024348 3.5 0 2.1041038 1.23 1.082867 0.07652563 0.9834277 -0.0008664835 1.3888808 58 18.064205 3.5
35 132.4601292862296 -38.44495463094968 18.63138 0.025920013 16.22447 0.004375362 16.052639 0.0036807002 15.780325 0.003586141 15.350711 0.0037132243 18.456928 0.033925455 17.390919 0.024107028 17.703926 0.026135648 17.086731 0.016763352 16.782116 0.011660747 15.680734 0.003567285 15.394702 0.005130886 0 3.1704156 1.51 1.1077396 0.09726071 0.9870444 -0.00259911 1.5622752 106 16.99027 15.856775 0.003332735 15.712866 0.0037586822 15.670064 0.004527503 8.017312 0.35452187 874.8805 3.9148993 1214.4395 4.3215904 1162.9851 4.848452 899.34766 5.027687 5.55692 0.2634456 14.34513 0.40031686 30.575382 0.919393 58.02033 1.0252327 108.96389 1.1903461 136.83919 0.5202996 297.84167 2.0855248 8293.618 852.30994 d346 1.7714324 1.5991416 -23.067818 3.5 0 3.1422904 1.42 1.1077396 0.09726071 0.99863815 -0.0010931839 1.5056419 104 17.089518 3.5
48 132.6163700090439 -38.44478522607631 19.68568 0.05625261 16.969707 0.0064960574 16.864418 0.0056010797 15.712398 0.0034297092 15.089934 0.0032054607 19.286085 0.061439123 19.110025 0.076469146 18.416817 0.041345052 18.49822 0.040524457 17.215992 0.014810923 15.4663725 0.0031971193 15.038523 0.0041824104 0 5.1477113 1.51 1.1617564 0.13923436 0.99961317 0.0033487207 1.7051365 111 16.751024 15.632428 0.002954655 15.447005 0.00316454 15.411975 0.0037442807 2.9195986 0.34330186 557.0213 3.4604342 905.4109 3.9984589 1475.0603 5.085672 1221.5145 5.2226496 1.9214295 0.25225115 2.2265806 0.3528226 14.674276 0.8666283 16.715435 0.89363503 78.43903 1.1146152 176.31592 0.56399375 438.27832 2.2275074 7492.5796 857.476 d346 1.9162906 1.6494771 30.345293 3.5 0 2.450703 1.42 1.1617564 0.13923436 0.98397267 0.03544635 1.4331678 100 17.08335 3.5
154 132.93047282943212 -38.44324455452379 19.797155 0.06058098 17.67056 0.0095189465 17.380014 0.0075550512 16.55185 0.0055207643 16.251568 0.0065202625 19.029652 0.049661197 19.127935 0.076287486 18.25448 0.036795948 18.550844 0.04166283 17.48798 0.01724477 16.733103 0.0061718896 16.293467 0.008751036 0 3.3233914 1.51 1.0435115 0.041697264 0.9893709 -0.0016549134 1.5641079 60 17.869593 16.75121 0.0055827294 16.614122 0.0071199937 16.583166 0.0093097 2.5845304 0.3422653 218.71292 2.8976867 358.79233 3.349359 501.57196 4.2997093 385.86652 4.696638 1.7771283 0.2515885 2.319422 0.35292208 11.770197 0.85597044 11.541866 0.87507194 38.711346 1.0068821 53.61917 0.41310126 132.42857 1.9033799 5882.219 871.60785 d346 1.5616188 1.4965036 -79.01017 3.5 0 2.504061 1.42 1.0435115 0.041697264 0.98742527 -0.0030604447 1.3038915 51 18.118011 3.5
77549 133.8410039002379 -37.89779604041407 21.125267 0.17497388 18.33949 0.014045543 17.19587 0.00665864 16.730024 0.0060014166 16.508402 0.0075984895 20.953629 0.22264121 20.185453 0.17022935 19.596529 0.09539982 19.162493 0.06193195 18.269596 0.027204663 16.889835 0.0067400294 16.567167 0.010229507 0 2.721649 1.51 1.129606 0.114735544 0.9842458 2.2428885e-05 1.5533683 83 17.970896 16.968378 0.0063963486 16.775047 0.008052811 16.70339 0.010294106 1.5678133 0.34023833 124.45453 2.7225392 358.45718 3.3508263 448.99765 4.256012 321.74255 4.657424 0.29584768 0.24706234 0.79013646 0.3467353 4.293473 0.83031183 5.263153 0.8534988 20.334425 0.9539237 48.354378 0.4055879 103.69328 1.8714564 1181.9507 4422.8477 d346 1.7127061 1.5161978 -40.898952 3.5 0 2.473452 1.42 1.129606 0.114735544 0.98315656 0.00017666168 1.4706519 83 18.283285 3.5
101326 132.5888739224903 -37.736247389332185 18.573618 0.023396714 16.967285 0.006296679 16.293503 0.004072602 16.012377 0.003934558 15.879424 0.0050048893 18.10222 0.025212439 17.842625 0.030202417 17.407196 0.020697292 17.292492 0.018074807 16.62596 0.01036433 16.043737 0.0042595505 15.754621 0.006215248 0 2.887718 1.51 1.0642489 0.060370147 0.9832266 0.0033270845 1.7111626 107 17.27135 16.205181 0.004043968 15.988208 0.0045302524 15.92442 0.0054934463 9.273876 0.3571087 475.00735 3.3324125 872.88605 3.9621131 920.0933 4.65422 612.4621 4.8458824 6.8372455 0.2671873 7.4298544 0.37383074 31.654324 0.9225812 40.50584 0.97132874 92.41691 1.1496416 103.96697 0.4808087 225.76537 2.0081651 7654.1636 5494.829 d346 1.7275286 1.6232374 79.46116 3.5 0 2.6571205 1.42 1.0642489 0.060370147 0.98294836 0.0038660665 1.6099402 110 17.452686 3.5
101651 132.85633361333797 -37.73481732997963 20.352583 0.0891839 17.980488 0.01112117 17.055239 0.006104042 16.66496 0.00570163 16.403223 0.00700989 20.219522 0.11606924 19.920046 0.12973388 18.925713 0.056189597 18.873724 0.049028978 18.006893 0.022650367 16.79456 0.0063389316 16.400026 0.009124794 0 2.8232515 1.51 1.043324 0.041524947 0.982763 0.0036943192 1.6773306 86 17.887566 16.858173 0.0059669404 16.642393 0.007276392 16.581848 0.009307122 2.0952163 0.34150493 177.26038 2.8234615 417.55908 3.4272485 502.18137 4.303741 349.5563 4.676903 0.7274262 0.24850288 1.366564 0.34925976 7.636548 0.8423442 9.313566 0.8680731 26.480803 0.97236454 51.16913 0.40979242 126.6787 1.8984244 6269.688 5508.3647 d346 1.616434 1.5493116 -76.46689 3.5 0 2.7204967 1.42 1.043324 0.041524947 0.98067605 0.004498767 1.5634595 84 18.355585 3.5
24164 107.62063014314349 -39.32736254237277 18.432308 0.049319055 18.097187 0.02876402 16.643295 0.008762164 17.03037 0.010857955 16.880219 0.012951567 17.909643 0.05036272 17.686306 0.058422707 17.422552 0.056384318 17.230478 0.037254836 16.818378 0.022209413 16.490133 0.008832048 16.292168 0.0115881255 0 2.6342802 1.37 1.2069578 0.17147064 0.98312587 -0.004151597 1.2287518 44 17.426605 16.978659 0.009562149 16.866226 0.012654192 16.826687 0.016599528 3.0912032 0.3344055 57.819065 3.5772314 227.50298 3.0986352 175.92421 2.6890047 98.89133 2.3396726 3.506966 0.26558676 3.4539192 0.3836117 12.875981 1.2340568 13.546691 1.0522339 27.211369 1.1016446 28.658705 0.3719044 57.907776 1.1192956 1009.49774 4038.3425 d347 1.5722687 1.3026708 87.28023 3.5 0 3.4557042 1.53 1.2069578 0.17147064 0.98379695 -0.0053605246 1.4808049 44 17.738087 3.5
