Ha-emitters-disk/Halpha-disk_splus_185r195-Mine_PerField.ecsv
# %ECSV 1.0
# ---
# datatype:
# - {name: NUMBER, datatype: int64}
# - {name: ALPHA, datatype: float64}
# - {name: DELTA, datatype: float64}
# - {name: u, datatype: float64}
# - {name: uerr, datatype: float64}
# - {name: g, datatype: float64}
# - {name: gerr, datatype: float64}
# - {name: r, datatype: float64}
# - {name: rerr, datatype: float64}
# - {name: i, datatype: float64}
# - {name: ierr, datatype: float64}
# - {name: z, datatype: float64}
# - {name: zerr, datatype: float64}
# - {name: F378, datatype: float64}
# - {name: F378err, datatype: float64}
# - {name: F395, datatype: float64}
# - {name: F395err, datatype: float64}
# - {name: F410, datatype: float64}
# - {name: F410err, datatype: float64}
# - {name: F430, datatype: float64}
# - {name: F430err, datatype: float64}
# - {name: F515, datatype: float64}
# - {name: F515err, datatype: float64}
# - {name: F660, datatype: float64}
# - {name: F660err, datatype: float64}
# - {name: F861, datatype: float64}
# - {name: F861err, datatype: float64}
# - {name: flags_i, datatype: int64}
# - {name: fwhm_i, datatype: float64}
# - {name: fwhm_psf_i, datatype: float64}
# - {name: ellog_i, datatype: float64}
# - {name: ellip_i, datatype: float64}
# - {name: class_i, datatype: float64}
# - {name: spread_i, datatype: float64}
# - {name: flux_radius_i, datatype: float64}
# - {name: area_i, datatype: int64}
# - {name: mumax_i, datatype: float64}
# - {name: mag_aper2_i, datatype: float64}
# - {name: magerr_apper2_i, datatype: float64}
# - {name: mag_aper4_i, datatype: float64}
# - {name: magerr_apper4_i, datatype: float64}
# - {name: mag_aper6_i, datatype: float64}
# - {name: magerr_apper6_i, datatype: float64}
# - {name: flux_aper6_u, datatype: float64}
# - {name: fluxerr_aper6_u, datatype: float64}
# - {name: flux_aper6_g, datatype: float64}
# - {name: fluxerr_aper6_g, datatype: float64}
# - {name: flux_aper6_r, datatype: float64}
# - {name: fluxerr_aper6_r, datatype: float64}
# - {name: flux_aper6_i, datatype: float64}
# - {name: fluxerr_aper6_i, datatype: float64}
# - {name: flux_aper6_z, datatype: float64}
# - {name: fluxerr_aper6_z, datatype: float64}
# - {name: flux_aper6_F378, datatype: float64}
# - {name: fluxerr_aper6_F378, datatype: float64}
# - {name: flux_aper6_F395, datatype: float64}
# - {name: fluxerr_aper6_F395, datatype: float64}
# - {name: flux_aper6_F410, datatype: float64}
# - {name: fluxerr_aper6_F410, datatype: float64}
# - {name: flux_aper6_F430, datatype: float64}
# - {name: fluxerr_aper6_F430, datatype: float64}
# - {name: flux_aper6_F515, datatype: float64}
# - {name: fluxerr_aper6_F515, datatype: float64}
# - {name: flux_aper6_F660, datatype: float64}
# - {name: fluxerr_aper6_F660, datatype: float64}
# - {name: flux_aper6_F861, datatype: float64}
# - {name: fluxerr_aper6_F861, datatype: float64}
# - {name: x, datatype: float64}
# - {name: y, datatype: float64}
# - {name: field, datatype: string}
# - {name: a_image, datatype: float64}
# - {name: b_image, datatype: float64}
# - {name: theta_image, datatype: float64}
# - {name: kron_radius_i, datatype: float64}
# - {name: flags_r, datatype: int64}
# - {name: fwhm_r, datatype: float64}
# - {name: fwhm_psf_r, datatype: float64}
# - {name: ellog_r, datatype: float64}
# - {name: ellip_r, datatype: float64}
# - {name: class_r, datatype: float64}
# - {name: spread_r, datatype: float64}
# - {name: flux_radius_r, datatype: float64}
# - {name: area_r, datatype: int64}
# - {name: mumax_r, datatype: float64}
# - {name: kron_radius_r, datatype: float64}
# schema: astropy-2.0
NUMBER ALPHA DELTA u uerr g gerr r rerr i ierr z zerr F378 F378err F395 F395err F410 F410err F430 F430err F515 F515err F660 F660err F861 F861err flags_i fwhm_i fwhm_psf_i ellog_i ellip_i class_i spread_i flux_radius_i area_i mumax_i mag_aper2_i magerr_apper2_i mag_aper4_i magerr_apper4_i mag_aper6_i magerr_apper6_i flux_aper6_u fluxerr_aper6_u flux_aper6_g fluxerr_aper6_g flux_aper6_r fluxerr_aper6_r flux_aper6_i fluxerr_aper6_i flux_aper6_z fluxerr_aper6_z flux_aper6_F378 fluxerr_aper6_F378 flux_aper6_F395 fluxerr_aper6_F395 flux_aper6_F410 fluxerr_aper6_F410 flux_aper6_F430 fluxerr_aper6_F430 flux_aper6_F515 fluxerr_aper6_F515 flux_aper6_F660 fluxerr_aper6_F660 flux_aper6_F861 fluxerr_aper6_F861 x y field a_image b_image theta_image kron_radius_i flags_r fwhm_r fwhm_psf_r ellog_r ellip_r class_r spread_r flux_radius_r area_r mumax_r kron_radius_r
[from data line 940]
88998 132.01156075734443 -39.02006439861152 99.0 99.0 20.64535 0.18232849 19.279493 0.04645581 17.96477 0.014277093 17.455988 0.013775359 99.0 99.0 99.0 99.0 99.0 99.0 99.0 99.0 99.0 99.0 18.505424 0.02789207 17.534683 0.019130552 0 2.1434324 1.23 1.0631446 0.05939412 0.98182565 -0.0003630423 1.3053628 30 18.820946 18.19989 0.017930211 18.051197 0.028444758 17.965736 0.03859056 -0.36759552 0.6842142 5.724608 7.571899 49.709045 6.055298 142.85828 5.0764103 119.35229 4.247792 -0.18744624 0.505184 0.19290707 0.7074913 -0.11004139 1.9427729 1.5489714 2.0543027 1.8187011 2.1336627 10.628129 0.7146382 41.165268 1.8970748 5748.364 6071.72 d361 1.3241564 1.2455093 28.34351 3.5 0 3.7846613 1.57 1.0631446 0.05939412 0.74550986 0.004205109 1.7381876 26 20.52942 3.5
122123 132.29222361744837 -38.74815817407752 99.0 99.0 20.201893 0.12232106 19.000038 0.037213773 18.415445 0.01990845 17.947533 0.01984559 20.918917 0.53442913 99.0 99.0 20.331858 0.4667691 99.0 99.0 19.860704 0.19560923 17.49013 0.024588006 18.104069 0.029066596 0 2.23873 1.23 1.1037618 0.09400737 0.97916543 -0.00052967924 1.3279767 26 19.265272 18.64625 0.025972025 18.5403 0.043980557 18.568422 0.066641405 0.21785417 0.6846191 11.834486 7.5779276 53.150536 6.05918 82.00331 5.0320587 82.89574 4.2220225 -0.25831836 0.5053031 0.89454126 0.7091231 0.41284624 1.9438574 -0.42813474 2.052484 4.1799035 2.1373217 21.559748 0.72394717 24.31912 1.8780562 4316.552 7850.067 d361 1.3042107 1.1816052 18.84115 0.0 0 3.1946917 1.57 1.1037618 0.09400737 0.96877563 -0.0035738903 1.4494065 18 20.095636 3.5
128495 131.55810876841608 -38.69917324839537 99.0 99.0 20.552383 0.16826789 19.136507 0.041593008 18.564302 0.022597263 18.124233 0.023202645 20.308857 0.31342992 99.0 99.0 20.56739 0.5030901 99.0 99.0 20.039726 0.23114929 18.669777 0.032271903 18.252033 0.033045392 0 2.4911697 1.23 1.1619176 0.13935375 0.9818159 0.003948878 1.3862247 27 19.6663 18.764294 0.028593339 18.60958 0.04678324 18.524084 0.06398287 0.0891345 0.68420637 15.569748 7.5775523 55.85917 6.058775 85.421455 5.0326977 71.22568 4.2118163 1.1026415 0.5068261 1.0484964 0.7091671 3.0949757 1.9471617 6.7166996 2.0616443 5.0663004 2.137671 7.301255 0.71172124 17.13266 1.8689814 8065.9595 8165.18 d361 1.3703276 1.1793673 0.8664496 3.5 0 3.425496 1.57 1.1619176 0.13935375 0.9191325 -0.0004777366 1.5445566 22 20.273273 3.5
139345 132.42874201325628 -38.61054121092896 99.0 99.0 20.298735 0.13239458 18.910368 0.034385156 18.492722 0.021192865 18.147758 0.023323601 20.699104 0.44260576 99.0 99.0 99.0 99.0 19.947021 0.2700552 19.880663 0.19774306 18.327597 0.027393902 18.24419 0.032482274 0 2.5849657 1.23 1.2218869 0.1815936 0.97980326 -0.00031035204 1.2733357 26 19.628422 18.725206 0.027695496 18.72198 0.051719334 18.905754 0.090542 0.47422978 0.68426085 10.991301 7.57021 35.116146 6.0405626 60.10338 5.010939 49.533314 4.1935234 -0.6800029 0.50482655 1.8533436 0.71045697 -0.49930087 1.9413981 1.3068408 2.0524924 2.5679476 2.1331596 10.218741 0.71380013 16.569141 1.8673171 3615.9731 8748.602 d361 1.4150745 1.158106 24.921368 3.5 0 3.117924 1.57 1.2218869 0.1815936 0.9717283 -0.002033769 1.4666307 25 20.145866 3.5
699 132.75472507084726 -39.80937949934834 99.0 99.0 18.870142 0.0337942 18.5596 0.023515107 17.031147 0.007626346 16.862951 0.0089692455 20.412357 0.28626627 19.828606 0.23344447 19.479544 0.16119416 19.680487 0.2004757 18.673843 0.06224436 17.492754 0.012080951 16.762291 0.011085894 0 2.3529153 1.23 1.1269964 0.11268574 0.994573 2.467242e-05 1.0776747 34 17.940987 17.317278 0.009064076 17.263422 0.014376453 17.238815 0.020144407 -0.36987436 0.6841066 68.0952 7.613954 105.49897 6.0943155 279.04495 5.1760545 223.93744 4.322943 0.8740291 0.50646967 2.0145085 0.7111793 7.4062777 1.9536821 4.0074577 2.05763 12.60396 2.1477172 25.694033 0.72710663 89.70722 1.9517553 2008.5548 891.58075 d361 1.3427501 1.1914413 6.69363 0.0 0 2.3995874 1.57 1.1269964 0.11268574 0.9642416 -0.006713234 1.4122772 19 19.029083 3.5
13154 131.842013621035 -39.69486670776015 21.338568 0.45589557 20.291464 0.12153114 18.55905 0.023957977 17.913355 0.0133091835 17.444221 0.013240242 99.0 99.0 99.0 99.0 20.376087 0.38663873 99.0 99.0 19.482773 0.13031864 18.054277 0.018616067 17.595972 0.019394996 0 2.0341496 1.23 1.0989503 0.090040684 0.9880718 -0.0003024689 1.2454327 29 18.788431 18.140509 0.0170723 17.992146 0.027014796 17.892136 0.03611692 1.0878417 0.68548405 10.373482 7.575724 90.60691 6.085079 152.87823 5.0842457 128.58981 4.254859 0.3843942 0.5058243 0.66189635 0.7085267 2.18051 1.9462332 -0.19986428 2.0521615 2.3247657 2.1345072 27.080585 0.7284145 35.71257 1.890944 6599.9556 1653.4258 d361 1.3058255 1.188248 8.408103 3.5 0 2.6110694 1.57 1.0989503 0.090040684 0.9980835 -0.0025523775 1.3801053 25 19.671398 3.5
17125 131.5536109257807 -39.65546671219607 99.0 99.0 20.308285 0.12221474 18.675425 0.025872424 17.714922 0.011627349 16.949902 0.009489008 99.0 99.0 99.0 99.0 99.0 99.0 99.0 99.0 19.853493 0.17775033 17.981586 0.017318074 17.156294 0.014431251 0 2.0836358 1.23 1.1099877 0.099089146 0.9829906 0.0013053254 1.2822766 34 18.608932 17.90676 0.014182314 17.73816 0.021615172 17.643986 0.02889561 0.7042014 0.68489426 21.957724 7.581989 88.500435 6.082168 192.13486 5.112204 223.19853 4.322412 0.23098636 0.5054657 -0.48210862 0.70697665 1.9541804 1.9454327 0.6916317 2.0527062 3.2218485 2.1352055 15.959825 0.71900505 61.56626 1.920083 8054.019 1905.4738 d361 1.3284054 1.1967748 10.1215105 3.5 0 2.63145 1.57 1.1099877 0.099089146 0.9828995 0.0030799843 1.34599 23 19.79629 3.5
19447 131.6556900011975 -39.63209503636964 21.283148 0.43413845 20.902353 0.20980206 19.042223 0.035187323 17.781569 0.012152452 16.736088 0.008181886 99.0 99.0 99.0 99.0 99.0 99.0 99.0 99.0 20.47419 0.3135403 18.230972 0.020943506 17.01288 0.013053515 0 1.844069 1.23 1.2396241 0.19330382 0.9447162 0.00089788187 1.4574734 49 18.464077 17.951078 0.014715838 17.69184 0.020780811 17.55152 0.026611919 1.2415437 0.685763 15.170265 7.580244 79.63466 6.0781665 209.2147 5.126708 303.8021 4.381489 -0.40140015 0.5053031 0.15292765 0.7075743 1.6422834 1.9457222 -3.0394897 2.052484 3.492059 2.1364024 18.90672 0.72173846 80.7221 1.9423907 7540.255 2061.0771 d361 1.5734721 1.2693139 14.971546 3.5 0 2.6181517 1.57 1.2396241 0.19330382 0.9717169 0.00086862483 1.6988394 28 20.042036 3.5
50774 131.5342823926432 -39.34783146937698 20.241114 0.17797232 20.256952 0.1236848 19.025093 0.03590452 17.894688 0.013367886 17.129036 0.010790881 20.501022 0.3406219 99.0 99.0 20.175056 0.33950645 20.680332 0.5077588 19.593561 0.1486014 18.379438 0.02412719 17.32883 0.016333496 0 2.1763299 1.23 1.0974978 0.08883649 0.9820854 0.00022154559 1.252462 31 18.737429 18.141346 0.01711102 18.014069 0.027550573 17.990023 0.039451152 1.4100573 0.68589747 37.381557 7.595061 51.651638 6.0576334 139.69824 5.074822 175.07466 4.288968 1.1604631 0.5070745 1.9613388 0.71128976 0.69993746 1.9441404 5.809856 2.0609438 4.6470537 2.1377788 11.6596575 0.7156157 50.51154 1.9080608 8163.091 3918.643 d361 1.3388948 1.2199521 19.575737 3.5 0 2.9034634 1.57 1.0974978 0.08883649 0.9659391 0.0010785214 1.3949308 27 20.317312 3.5
60875 132.79185119515165 -39.25902764561202 99.0 99.0 19.927502 0.08923367 18.60527 0.025302345 17.881746 0.012932849 17.487404 0.013500272 20.362389 0.29781565 99.0 99.0 99.0 99.0 20.327816 0.35501358 19.649927 0.15208215 17.330635 0.01156428 17.535576 0.018451508 0 1.9777683 1.23 1.2091717 0.17298758 0.98072606 0.0010851641 1.2734418 37 18.623362 18.087574 0.016387453 17.938595 0.025771605 17.868242 0.0353457 -0.3697704 0.6842142 24.492477 7.584935 82.892525 6.0790925 156.27988 5.0863924 126.22631 4.252814 0.99909204 0.50674385 -0.47419482 0.7070878 3.8057342 1.9485426 2.5990083 2.055862 7.301281 2.140988 28.913286 0.7298734 44.5819 1.9009949 1792.8406 4492.6816 d361 1.4764662 1.2210559 17.549936 3.5 0 2.5810223 1.57 1.2091717 0.17298758 0.96694076 -0.0022629923 1.4400831 28 19.722555 3.5
62330 132.49389991054085 -39.24854796627898 20.89392 0.33263332 20.09823 0.107687496 18.56338 0.025057139 17.743437 0.011897947 17.318178 0.012094506 99.0 99.0 99.0 99.0 99.0 99.0 20.677956 0.50984526 20.28725 0.27779448 17.763819 0.01595834 17.450905 0.017586863 0 1.8597232 1.23 1.0293121 0.02847743 0.98158336 -0.0011240756 1.2520453 36 18.559214 17.963423 0.014837601 17.81555 0.02312549 17.75164 0.03181189 1.2532468 0.6852394 25.986725 7.5818176 97.81041 6.0864854 173.99806 5.0968757 149.93935 4.2678638 0.61263496 0.50586355 1.0046375 0.7087985 2.2562885 1.9451284 4.0861025 2.0569425 2.2069738 2.133011 25.635893 0.72678936 46.331337 1.9020101 3302.6292 4570.9937 d361 1.297067 1.2601299 -20.101625 3.5 0 2.5968094 1.57 1.0293121 0.02847743 0.9728372 -0.00055396085 1.4850322 31 19.683271 3.5
75312 131.2969440430775 -39.13503751693125 99.0 99.0 20.38873 0.1406605 19.241016 0.04339759 18.679264 0.024223674 18.285942 0.025791995 99.0 99.0 99.0 99.0 99.0 99.0 99.0 99.0 20.122017 0.24061306 17.345156 0.03996811 18.399242 0.036086004 0 1.9891584 1.23 1.0848343 0.07820022 0.97962767 -0.00096964807 1.3198459 24 19.391823 18.912003 0.03238733 18.74307 0.05272791 18.635448 0.07076243 1.0889283 0.6848946 21.392553 7.576845 42.5291 6.0454283 77.094 5.023351 47.01269 4.191332 0.4595015 0.5055054 -0.8664414 0.7065319 1.0054429 1.9427725 2.3957257 2.0539496 4.0039062 2.134914 13.662983 0.7166434 13.630821 1.8637413 9376.198 5302.9395 d361 1.2566663 1.1583947 26.681364 0.0 0 3.6300943 1.57 1.0848343 0.07820022 0.9602227 -0.0017877814 1.4556892 23 20.424301 3.5
88483 132.93979522075915 -39.02062352488576 20.83423 0.29770297 20.28559 0.121814966 18.961096 0.03374182 18.301018 0.020486448 18.086294 0.024602465 99.0 99.0 20.22543 0.35952 99.0 99.0 19.684542 0.19690503 19.170992 0.10070087 18.475122 0.026701747 18.145077 0.03407152 0 3.2008235 1.23 1.2434237 0.1957689 0.9830544 -0.004914469 1.299649 22 18.98718 18.603994 0.02506633 18.499743 0.042454556 18.487604 0.06191945 0.8227406 0.6852953 13.1218815 7.5788217 53.5316 6.0594535 88.34028 5.0368156 36.534813 4.187785 -1.3592702 0.5053031 -0.13969427 0.7072545 0.886738 1.9445764 2.2146633 2.0557742 7.385265 2.1416004 10.701451 0.7148642 30.933489 1.8857143 1027.8726 6046.5137 d361 1.3911127 1.1187761 -63.71787 3.5 0 2.774615 1.57 1.2434237 0.1957689 0.98941225 -0.006469264 1.3351767 20 19.62848 3.5
88998 132.01156075734443 -39.02006439861152 99.0 99.0 20.64535 0.18232849 19.279493 0.04645581 17.96477 0.014277093 17.455988 0.013775359 99.0 99.0 99.0 99.0 99.0 99.0 99.0 99.0 99.0 99.0 18.505424 0.02789207 17.534683 0.019130552 0 2.1434324 1.23 1.0631446 0.05939412 0.98182565 -0.0003630423 1.3053628 30 18.820946 18.19989 0.017930211 18.051197 0.028444758 17.965736 0.03859056 -0.36759552 0.6842142 5.724608 7.571899 49.709045 6.055298 142.85828 5.0764103 119.35229 4.247792 -0.18744624 0.505184 0.19290707 0.7074913 -0.11004139 1.9427729 1.5489714 2.0543027 1.8187011 2.1336627 10.628129 0.7146382 41.165268 1.8970748 5748.364 6071.72 d361 1.3241564 1.2455093 28.34351 3.5 0 3.7846613 1.57 1.0631446 0.05939412 0.74550986 0.004205109 1.7381876 26 20.52942 3.5
122123 132.29222361744837 -38.74815817407752 99.0 99.0 20.201893 0.12232106 19.000038 0.037213773 18.415445 0.01990845 17.947533 0.01984559 20.918917 0.53442913 99.0 99.0 20.331858 0.4667691 99.0 99.0 19.860704 0.19560923 17.49013 0.024588006 18.104069 0.029066596 0 2.23873 1.23 1.1037618 0.09400737 0.97916543 -0.00052967924 1.3279767 26 19.265272 18.64625 0.025972025 18.5403 0.043980557 18.568422 0.066641405 0.21785417 0.6846191 11.834486 7.5779276 53.150536 6.05918 82.00331 5.0320587 82.89574 4.2220225 -0.25831836 0.5053031 0.89454126 0.7091231 0.41284624 1.9438574 -0.42813474 2.052484 4.1799035 2.1373217 21.559748 0.72394717 24.31912 1.8780562 4316.552 7850.067 d361 1.3042107 1.1816052 18.84115 0.0 0 3.1946917 1.57 1.1037618 0.09400737 0.96877563 -0.0035738903 1.4494065 18 20.095636 3.5
128495 131.55810876841608 -38.69917324839537 99.0 99.0 20.552383 0.16826789 19.136507 0.041593008 18.564302 0.022597263 18.124233 0.023202645 20.308857 0.31342992 99.0 99.0 20.56739 0.5030901 99.0 99.0 20.039726 0.23114929 18.669777 0.032271903 18.252033 0.033045392 0 2.4911697 1.23 1.1619176 0.13935375 0.9818159 0.003948878 1.3862247 27 19.6663 18.764294 0.028593339 18.60958 0.04678324 18.524084 0.06398287 0.0891345 0.68420637 15.569748 7.5775523 55.85917 6.058775 85.421455 5.0326977 71.22568 4.2118163 1.1026415 0.5068261 1.0484964 0.7091671 3.0949757 1.9471617 6.7166996 2.0616443 5.0663004 2.137671 7.301255 0.71172124 17.13266 1.8689814 8065.9595 8165.18 d361 1.3703276 1.1793673 0.8664496 3.5 0 3.425496 1.57 1.1619176 0.13935375 0.9191325 -0.0004777366 1.5445566 22 20.273273 3.5
139345 132.42874201325628 -38.61054121092896 99.0 99.0 20.298735 0.13239458 18.910368 0.034385156 18.492722 0.021192865 18.147758 0.023323601 20.699104 0.44260576 99.0 99.0 99.0 99.0 19.947021 0.2700552 19.880663 0.19774306 18.327597 0.027393902 18.24419 0.032482274 0 2.5849657 1.23 1.2218869 0.1815936 0.97980326 -0.00031035204 1.2733357 26 19.628422 18.725206 0.027695496 18.72198 0.051719334 18.905754 0.090542 0.47422978 0.68426085 10.991301 7.57021 35.116146 6.0405626 60.10338 5.010939 49.533314 4.1935234 -0.6800029 0.50482655 1.8533436 0.71045697 -0.49930087 1.9413981 1.3068408 2.0524924 2.5679476 2.1331596 10.218741 0.71380013 16.569141 1.8673171 3615.9731 8748.602 d361 1.4150745 1.158106 24.921368 3.5 0 3.117924 1.57 1.2218869 0.1815936 0.9717283 -0.002033769 1.4666307 25 20.145866 3.5
699 132.75472507084726 -39.80937949934834 99.0 99.0 18.870142 0.0337942 18.5596 0.023515107 17.031147 0.007626346 16.862951 0.0089692455 20.412357 0.28626627 19.828606 0.23344447 19.479544 0.16119416 19.680487 0.2004757 18.673843 0.06224436 17.492754 0.012080951 16.762291 0.011085894 0 2.3529153 1.23 1.1269964 0.11268574 0.994573 2.467242e-05 1.0776747 34 17.940987 17.317278 0.009064076 17.263422 0.014376453 17.238815 0.020144407 -0.36987436 0.6841066 68.0952 7.613954 105.49897 6.0943155 279.04495 5.1760545 223.93744 4.322943 0.8740291 0.50646967 2.0145085 0.7111793 7.4062777 1.9536821 4.0074577 2.05763 12.60396 2.1477172 25.694033 0.72710663 89.70722 1.9517553 2008.5548 891.58075 d361 1.3427501 1.1914413 6.69363 0.0 0 2.3995874 1.57 1.1269964 0.11268574 0.9642416 -0.006713234 1.4122772 19 19.029083 3.5
13154 131.842013621035 -39.69486670776015 21.338568 0.45589557 20.291464 0.12153114 18.55905 0.023957977 17.913355 0.0133091835 17.444221 0.013240242 99.0 99.0 99.0 99.0 20.376087 0.38663873 99.0 99.0 19.482773 0.13031864 18.054277 0.018616067 17.595972 0.019394996 0 2.0341496 1.23 1.0989503 0.090040684 0.9880718 -0.0003024689 1.2454327 29 18.788431 18.140509 0.0170723 17.992146 0.027014796 17.892136 0.03611692 1.0878417 0.68548405 10.373482 7.575724 90.60691 6.085079 152.87823 5.0842457 128.58981 4.254859 0.3843942 0.5058243 0.66189635 0.7085267 2.18051 1.9462332 -0.19986428 2.0521615 2.3247657 2.1345072 27.080585 0.7284145 35.71257 1.890944 6599.9556 1653.4258 d361 1.3058255 1.188248 8.408103 3.5 0 2.6110694 1.57 1.0989503 0.090040684 0.9980835 -0.0025523775 1.3801053 25 19.671398 3.5
