Ha-emitters-disk/Halpha-disk_splus_13r16-Mine_PerField.ecsv
# %ECSV 1.0
# ---
# datatype:
# - {name: NUMBER, datatype: int64}
# - {name: ALPHA, datatype: float64}
# - {name: DELTA, datatype: float64}
# - {name: u, datatype: float64}
# - {name: uerr, datatype: float64}
# - {name: g, datatype: float64}
# - {name: gerr, datatype: float64}
# - {name: r, datatype: float64}
# - {name: rerr, datatype: float64}
# - {name: i, datatype: float64}
# - {name: ierr, datatype: float64}
# - {name: z, datatype: float64}
# - {name: zerr, datatype: float64}
# - {name: F378, datatype: float64}
# - {name: F378err, datatype: float64}
# - {name: F395, datatype: float64}
# - {name: F395err, datatype: float64}
# - {name: F410, datatype: float64}
# - {name: F410err, datatype: float64}
# - {name: F430, datatype: float64}
# - {name: F430err, datatype: float64}
# - {name: F515, datatype: float64}
# - {name: F515err, datatype: float64}
# - {name: F660, datatype: float64}
# - {name: F660err, datatype: float64}
# - {name: F861, datatype: float64}
# - {name: F861err, datatype: float64}
# - {name: flags_i, datatype: int64}
# - {name: fwhm_i, datatype: float64}
# - {name: fwhm_psf_i, datatype: float64}
# - {name: ellog_i, datatype: float64}
# - {name: ellip_i, datatype: float64}
# - {name: class_i, datatype: float64}
# - {name: spread_i, datatype: float64}
# - {name: flux_radius_i, datatype: float64}
# - {name: area_i, datatype: int64}
# - {name: mumax_i, datatype: float64}
# - {name: mag_aper2_i, datatype: float64}
# - {name: magerr_apper2_i, datatype: float64}
# - {name: mag_aper4_i, datatype: float64}
# - {name: magerr_apper4_i, datatype: float64}
# - {name: mag_aper6_i, datatype: float64}
# - {name: magerr_apper6_i, datatype: float64}
# - {name: flux_aper6_u, datatype: float64}
# - {name: fluxerr_aper6_u, datatype: float64}
# - {name: flux_aper6_g, datatype: float64}
# - {name: fluxerr_aper6_g, datatype: float64}
# - {name: flux_aper6_r, datatype: float64}
# - {name: fluxerr_aper6_r, datatype: float64}
# - {name: flux_aper6_i, datatype: float64}
# - {name: fluxerr_aper6_i, datatype: float64}
# - {name: flux_aper6_z, datatype: float64}
# - {name: fluxerr_aper6_z, datatype: float64}
# - {name: flux_aper6_F378, datatype: float64}
# - {name: fluxerr_aper6_F378, datatype: float64}
# - {name: flux_aper6_F395, datatype: float64}
# - {name: fluxerr_aper6_F395, datatype: float64}
# - {name: flux_aper6_F410, datatype: float64}
# - {name: fluxerr_aper6_F410, datatype: float64}
# - {name: flux_aper6_F430, datatype: float64}
# - {name: fluxerr_aper6_F430, datatype: float64}
# - {name: flux_aper6_F515, datatype: float64}
# - {name: fluxerr_aper6_F515, datatype: float64}
# - {name: flux_aper6_F660, datatype: float64}
# - {name: fluxerr_aper6_F660, datatype: float64}
# - {name: flux_aper6_F861, datatype: float64}
# - {name: fluxerr_aper6_F861, datatype: float64}
# - {name: x, datatype: float64}
# - {name: y, datatype: float64}
# - {name: field, datatype: string}
# - {name: a_image, datatype: float64}
# - {name: b_image, datatype: float64}
# - {name: theta_image, datatype: float64}
# - {name: kron_radius_i, datatype: float64}
# - {name: flags_r, datatype: int64}
# - {name: fwhm_r, datatype: float64}
# - {name: fwhm_psf_r, datatype: float64}
# - {name: ellog_r, datatype: float64}
# - {name: ellip_r, datatype: float64}
# - {name: class_r, datatype: float64}
# - {name: spread_r, datatype: float64}
# - {name: flux_radius_r, datatype: float64}
# - {name: area_r, datatype: int64}
# - {name: mumax_r, datatype: float64}
# - {name: kron_radius_r, datatype: float64}
# schema: astropy-2.0
NUMBER ALPHA DELTA u uerr g gerr r rerr i ierr z zerr F378 F378err F395 F395err F410 F410err F430 F430err F515 F515err F660 F660err F861 F861err flags_i fwhm_i fwhm_psf_i ellog_i ellip_i class_i spread_i flux_radius_i area_i mumax_i mag_aper2_i magerr_apper2_i mag_aper4_i magerr_apper4_i mag_aper6_i magerr_apper6_i flux_aper6_u fluxerr_aper6_u flux_aper6_g fluxerr_aper6_g flux_aper6_r fluxerr_aper6_r flux_aper6_i fluxerr_aper6_i flux_aper6_z fluxerr_aper6_z flux_aper6_F378 fluxerr_aper6_F378 flux_aper6_F395 fluxerr_aper6_F395 flux_aper6_F410 fluxerr_aper6_F410 flux_aper6_F430 fluxerr_aper6_F430 flux_aper6_F515 fluxerr_aper6_F515 flux_aper6_F660 fluxerr_aper6_F660 flux_aper6_F861 fluxerr_aper6_F861 x y field a_image b_image theta_image kron_radius_i flags_r fwhm_r fwhm_psf_r ellog_r ellip_r class_r spread_r flux_radius_r area_r mumax_r kron_radius_r
[from data line 340]
77979 130.35451439591736 -40.184360677981566 14.958126 0.0032668612 13.138089 0.0010225893 13.019372 0.0008544767 12.9375105 0.00085657474 12.674206 0.0009123567 14.618105 0.004095856 14.348055 0.0048494483 13.746717 0.0032437493 13.57849 0.0028574502 12.910209 0.0017462966 12.530507 0.00088703196 12.299096 0.0010630864 0 3.9287167 1.11 1.0927404 0.08486962 0.9985131 0.025853878 1.5618997 414 14.213988 12.754172 0.0007425519 12.626211 0.00071548444 12.5782385 0.0007233353 220.20616 0.7960936 13889.115 13.582303 20321.332 14.189902 19351.053 12.888858 12186.549 9.642526 144.33978 0.64075416 184.53171 0.9469543 812.1335 2.7216723 1068.3527 3.0860045 2551.1687 4.202307 2382.2593 1.7939371 5153.6 5.0876174 9113.055 7395.2944 d376 1.8298453 1.6745471 -89.43829 3.5 0 3.1870525 1.14 1.0927404 0.08486962 0.9962529 0.020467639 1.5523745 416 14.279843 3.5
80596 130.86490441195323 -40.16107403964824 14.047505 0.0020739338 12.819283 0.000875013 13.000863 0.0008461297 12.965251 0.00086609035 12.63949 0.0008963807 13.666408 0.0025467598 13.595658 0.0033524744 13.0518055 0.002306742 12.968902 0.0021202143 12.470217 0.0014132339 12.61488 0.0008277999 12.089702 0.0009598227 0 4.277048 1.11 1.0813918 0.075265765 0.9983741 0.031493437 1.7298304 510 14.158431 12.593001 0.0006885943 12.45373 0.00065794465 12.396815 0.00065920694 510.87506 1.0396136 20135.55 15.821221 25568.809 15.714453 22870.414 13.882446 14605.789 10.392694 347.42752 0.8584431 370.71942 1.2030602 1551.4155 3.4309785 1878.3907 3.807517 3856.7844 5.0118976 2921.414 1.9661627 6374.306 5.5882072 6561.09 7561.1504 d376 1.9352282 1.7895718 -85.72608 3.5 0 4.1125884 1.14 1.0813918 0.075265765 0.99737465 0.027733918 1.7319589 510 14.335012 3.5
85873 130.5783854629801 -40.1072749029832 17.208761 0.011561025 14.215674 0.0017305288 13.081881 0.0008823712 12.887731 0.00083487184 12.526752 0.00084534305 16.588732 0.012159566 16.329815 0.013946307 15.56286 0.008346928 15.217637 0.0066728857 13.856703 0.0027601058 12.735115 0.00088220777 11.839837 0.0008558719 0 5.2754254 1.11 1.1577531 0.13625795 0.9967465 0.02892676 1.7666072 460 14.209854 12.55935 0.0006778283 12.411344 0.0006445842 12.358349 0.0006464455 27.685402 0.5808362 5098.6484 9.580742 17056.342 13.15146 23695.197 14.104652 21426.168 12.26273 24.590998 0.4668476 30.519995 0.66398203 153.97845 1.8760238 236.68297 2.10085 1064.2863 3.0266345 2218.5156 1.738155 8543.09 6.3813195 7996.3647 7907.5728 d376 1.9943777 1.7226279 89.570885 3.5 0 2.9466646 1.14 1.1577531 0.13625795 0.9992896 0.014015121 1.5087649 447 14.277365 3.5
88846 130.98664957594076 -40.082113277032896 14.307147 0.0023605372 12.964463 0.0009399486 13.003939 0.0008511926 12.947349 0.00086100923 12.6696005 0.0009106877 13.967867 0.0029578418 13.881602 0.0038589523 13.324655 0.0026336922 13.23796 0.0024190352 12.695898 0.0015764899 12.650126 0.00084454374 12.255352 0.0010400616 0 4.055319 1.11 1.0262531 0.025581539 0.9988298 0.024178168 1.64088 456 14.195903 12.727927 0.0007334251 12.594516 0.00070445676 12.542012 0.000709914 400.63553 0.9543931 16886.842 14.697668 21963.389 14.682843 20007.604 13.078893 12729.178 9.814563 263.4 0.7756659 284.44934 1.091674 1208.7845 3.1217828 1465.9634 3.458447 3121.7678 4.5733356 2544.127 1.847199 5395.689 5.190291 5952.6064 8079.0405 d376 1.8036252 1.7574857 -85.02048 3.5 0 3.386156 1.14 1.0262531 0.025581539 0.99881536 0.021669922 1.6215254 457 14.345222 3.5
96899 130.98548544566964 -40.00329170568774 16.534838 0.007767445 13.821319 0.0014250134 13.053603 0.00086898095 12.921013 0.0008467826 12.563806 0.000861117 15.838988 0.007907826 15.410165 0.008430115 14.855241 0.0057100365 14.584238 0.0047761467 13.519003 0.0023421263 12.710374 0.00087091344 11.881744 0.000871847 0 4.3365264 1.11 1.1003098 0.091165125 0.9987551 0.029925393 1.7372755 407 14.159314 12.599042 0.0006905196 12.453626 0.00065789366 12.396795 0.0006591524 51.825558 0.611813 7407.225 10.77494 18732.852 13.693513 22870.83 13.881548 19442.115 11.748843 47.26908 0.5042627 69.362526 0.74534285 294.01984 2.084368 422.8682 2.3569095 1457.4995 3.3771849 2321.9402 1.7734694 7955.3164 6.1762166 5958.971 8594.987 d376 1.8943565 1.7216573 88.24211 3.5 0 3.0718687 1.14 1.1003098 0.091165125 0.9992132 0.015477275 1.5140282 401 14.276078 3.5
100625 130.88019187305096 -39.97089247729173 14.356555 0.0024184275 12.9098625 0.0009185225 13.019305 0.00085483154 13.008012 0.0008859562 12.785799 0.0009649992 13.665033 0.0025490057 13.303045 0.0029151086 13.024999 0.002281474 12.946416 0.0021012144 12.6777525 0.0015667566 12.707974 0.00095754303 12.57773 0.0012133684 0 2.9934256 1.11 1.0099909 0.009892106 0.9991811 0.016926005 1.4833832 416 14.195372 12.973527 0.0008230508 12.8509445 0.0007987891 12.802977 0.0008130637 381.51828 0.93883735 17640.414 14.965233 19229.195 13.850088 15732.921 11.778884 10027.208 8.918163 344.67648 0.8557165 480.95618 1.3315045 1576.1318 3.4516428 1902.6206 3.8264585 3143.603 4.586903 2061.5637 1.6829811 3972.3083 4.5504375 6487.391 8806.217 d376 1.7598494 1.7424408 -81.11785 3.5 0 3.1836555 1.14 1.0099909 0.009892106 0.99892145 0.01717281 1.5370877 416 14.324284 3.5
69886 132.293647469746 -40.42923347238819 19.573345 0.09473336 15.740489 0.0042078993 13.344419 0.001011061 12.619013 0.00072837947 12.211597 0.00071623194 20.394934 0.32292774 20.400518 0.41530034 18.813915 0.09896897 17.806192 0.042084955 15.436869 0.006659468 12.942525 0.0009801934 11.577413 0.00075702486 0 4.5265555 1.22 1.2005669 0.16706014 0.99021596 0.02959209 1.9655668 477 14.210519 12.453042 0.00063637644 12.232138 0.00058655534 12.167747 0.0005873416 3.7719119 0.7778563 1291.1211 9.170469 12004.42 12.123796 29167.639 15.77474 35795.723 15.545382 0.913576 0.568745 0.19443305 0.7863489 10.178891 2.1959488 17.804144 2.3150835 259.23984 2.6285095 1722.7195 1.626019 12214.652 7.5733023 8636.648 5795.9985 d377 2.2970872 1.9133354 88.971405 3.5 0 2.3703377 1.28 1.2005669 0.16706014 0.997782 0.0018191683 1.4722936 419 14.467853 3.5
76777 132.72930787892454 -40.369115472824426 16.968655 0.011864313 14.104079 0.0016803021 13.02394 0.0008628904 12.759772 0.0007807887 12.40324 0.0007866079 16.504656 0.013628645 16.172384 0.014601287 15.382808 0.008207595 15.04441 0.0064435382 13.793162 0.0027271775 12.773434 0.00090232235 12.101435 0.00097052736 0 3.3413727 1.22 1.0638387 0.06000793 0.9994505 0.019206043 1.7057588 392 14.240854 12.808477 0.0007522471 12.624094 0.00071121147 12.56257 0.0007218149 36.033455 0.80912966 6014.2764 11.571419 16961.3 13.7920685 20275.531 13.476225 16442.059 11.022912 27.820091 0.60504466 35.03559 0.8493994 187.82439 2.4231727 292.27817 2.6527054 1182.22 3.4911973 2056.455 1.7451489 6191.659 5.577456 6466.8105 6199.612 d377 1.8933215 1.7797072 -83.74436 3.5 0 2.7772028 1.28 1.0638387 0.06000793 0.998486 0.008329909 1.6007155 390 14.412617 3.5
78796 132.4547618410711 -40.34742595428386 17.331566 0.0153924255 14.244883 0.0018120776 13.068762 0.0008825271 12.76154 0.000783112 12.417134 0.00079294026 16.869236 0.017618375 16.363472 0.016562881 15.610046 0.009411093 15.197741 0.007054942 13.937204 0.0029392876 12.820422 0.00092365564 12.161631 0.0010006607 0 3.1618683 1.22 1.0879089 0.08080536 0.99985486 0.01585628 1.6522253 358 14.232707 12.8592415 0.000770545 12.679792 0.0007313595 12.624662 0.0007461976 24.88201 0.7987942 5198.6284 11.196291 15822.594 13.428534 19148.506 13.157061 15666.863 10.803099 17.781946 0.59200853 29.115776 0.83932996 153.55664 2.381877 250.63434 2.6051397 1022.26666 3.358288 1934.7042 1.7028062 5821.3877 5.431171 7836.718 6336.457 d377 1.885691 1.7333171 -87.49638 3.5 0 2.6300411 1.28 1.0879089 0.08080536 0.99979365 0.0057033966 1.5616032 356 14.400217 3.5
82337 132.21844673714807 -40.3104053255803 17.468895 0.017178886 14.358569 0.0019269213 13.026765 0.00086547615 12.684739 0.00075404596 12.312522 0.0007534585 17.024326 0.019773735 16.55804 0.018837499 15.766712 0.01040544 15.423945 0.008089823 14.012302 0.0030577886 12.750872 0.00089445483 11.934141 0.0008977907 0 3.6537406 1.22 1.106607 0.09633678 0.999765 0.020905048 1.7438182 375 14.195269 12.701544 0.0007152573 12.513939 0.000673542 12.455927 0.0006822208 20.84294 0.7947916 4669.573 10.943444 16557.027 13.664409 22368.11 14.051555 19191.002 11.772044 15.191408 0.5884558 22.603706 0.82767147 131.17833 2.3536804 201.84651 2.5470111 949.0598 3.2951157 2067.091 1.7488877 7268.909 5.983696 9017.561 6570.966 d377 1.9580265 1.7693965 87.80071 3.5 0 2.7213156 1.28 1.106607 0.09633678 0.9980772 0.007009759 1.5630541 371 14.34746 3.5
108707 132.6729364609893 -40.05501005367638 19.262106 0.07234461 15.101895 0.0029046396 13.182763 0.00093542394 12.66167 0.0007462197 12.289897 0.00074396405 18.99817 0.09487869 18.655022 0.09160738 17.44257 0.03299143 16.824772 0.020192254 14.784081 0.004622352 12.847802 0.00093799137 11.764356 0.0008293173 0 3.8358016 1.22 1.0924327 0.08461183 0.9984842 0.02373616 1.8253467 418 14.228834 12.632152 0.00069229415 12.430234 0.00064627966 12.367534 0.00065132056 3.8032105 0.77812946 2351.2524 9.762927 14063.872 12.844081 24265.35 14.552965 25026.367 13.22149 3.5752103 0.5726066 3.9152892 0.79355323 27.445795 2.219698 53.217197 2.3620121 470.8265 2.8499737 1880.9491 1.6836332 8924.571 6.5589128 6753.7583 8254.921 d377 2.028221 1.8566093 89.73662 3.5 0 2.582338 1.28 1.0924327 0.08461183 0.9978146 0.0039548557 1.5391264 409 14.427667 3.5
15589 128.79748302542586 -42.38620383754399 16.083 0.0068753054 14.8438835 0.0028599978 13.774768 0.0013315093 13.205237 0.0010092482 12.901098 0.0011424493 15.783989 0.008641969 15.575294 0.01089517 15.407473 0.009138576 15.274534 0.008201744 14.559395 0.0045295744 13.357841 0.0012552751 12.980447 0.0015129965 0 2.2811825 1.26 1.0579336 0.05476111 0.9995902 0.0005419121 1.4058878 211 14.150258 13.413394 0.0010407557 13.267924 0.0010493287 13.220979 0.0011366879 76.33789 0.977027 2678.9407 11.407546 7347.46 11.214029 10519.819 11.010822 8138.8975 8.673529 46.96818 0.72442806 54.77184 1.0139518 150.7359 2.7194922 199.9207 2.9160926 516.6473 3.2805967 1086.578 1.4707997 2607.2063 4.068107 2454.8035 1928.9691 d390 1.6390556 1.5492991 86.64399 3.5 0 2.107277 1.27 1.0579336 0.05476111 0.99987483 -5.1101688e-05 1.3451043 209 14.602591 3.5
72066 128.5368133412422 -41.87522500308081 16.40788 0.008564444 14.00558 0.0017779826 13.28189 0.0010325263 12.740533 0.0008003211 12.716647 0.00093593897 16.00196 0.009922715 15.7137 0.011897234 14.963396 0.007055494 14.740107 0.006010391 13.7271595 0.0028821025 12.811339 0.0010426263 12.31559 0.0012370133 0 2.9583745 1.26 1.099174 0.090225995 0.9995036 0.013801268 1.5389687 299 14.133237 12.861598 0.00079684594 12.695513 0.0007733573 12.643249 0.0008072617 57.14345 0.9626089 5811.6685 12.798896 13593.841 13.424348 17910.197 13.313275 12370.992 10.079457 40.22328 0.7175733 47.505028 1.0039834 232.4325 2.8085873 329.44626 3.0514567 1112.2278 3.7664819 1801.3629 1.7386272 4792.5347 5.104039 3700.7424 5281.081 d390 1.8542236 1.6869245 -87.73303 3.5 0 3.6404953 1.27 1.099174 0.090225995 0.9694148 0.008721465 1.6200495 297 14.429827 3.5
54150 130.220822978021 -41.85722897715858 18.513721 0.039909422 16.658676 0.0073576993 15.375347 0.0029425707 14.904849 0.002324257 14.575954 0.0024238236 18.197624 0.04397206 18.135626 0.05531899 17.768307 0.04345715 17.40746 0.030557724 16.550255 0.013331845 14.439538 0.0021043532 14.6523 0.0034463129 0 2.5738626 1.53 1.0782943 0.072609365 0.9890901 0.00033975838 1.5399799 159 16.095375 15.146445 0.0024240068 14.96138 0.0025109157 14.908056 0.002842899 7.2568855 0.41686863 428.81836 4.5424323 1583.6433 5.292372 2131.9517 5.5809608 1708.3466 4.9488616 5.0570884 0.32147092 5.113638 0.46076623 17.580978 1.1706462 23.289118 1.2456355 73.18611 1.4551208 384.8182 0.7909737 564.2431 2.1837933 4679.2017 5401.939 d391 1.7668383 1.6385493 -72.09393 3.5 0 2.5440416 1.5 1.0782943 0.072609365 0.99884427 0.00023285001 1.5709865 159 16.613537 3.5
58084 131.5460222685452 -41.9071686150646 15.423889 0.005195724 13.428866 0.0011977869 13.057171 0.00087271567 13.014288 0.0009133657 12.701196 0.0009515768 14.467976 0.0046132915 14.117842 0.00621795 13.597663 0.0037582489 13.471596 0.003342001 13.172459 0.0020157325 12.742433 0.00087381294 12.162129 0.001050716 0 3.626627 1.09 1.091353 0.0837062 0.998853 0.033061992 1.593288 486 14.09669 12.639434 0.0007168447 12.520842 0.00068856665 12.470662 0.0006877988 90.83869 0.5593103 10274.267 11.56574 18478.828 13.330315 20480.252 12.970804 16228.708 10.598273 109.55314 0.53369296 165.63469 1.0420278 603.55035 2.3015733 779.83813 2.596365 1920.3291 3.6153383 2194.5989 1.6995826 5860.6646 5.265619 7405.9272 5071.5225 d392 1.87272 1.7159617 75.07121 3.5 0 3.0144691 1.19 1.091353 0.0837062 0.999046 0.023923656 1.5119686 478 14.243701 3.5
64654 131.26819262941368 -41.84754980216082 14.316079 0.0029484744 14.167603 0.0016990361 13.592359 0.001129726 13.643001 0.001227526 13.04371 0.0011264709 14.095174 0.0038291966 14.029289 0.0059307558 14.009198 0.004586633 13.3323765 0.0031167935 13.62093 0.0024837495 13.103575 0.0010392801 12.784466 0.0014149527 0 2.2073903 1.09 1.0311563 0.030214846 0.93932784 0.017257012 1.5310471 356 14.222745 13.504118 0.001074685 13.349882 0.0010309201 13.295317 0.0010504732 267.82825 0.7643646 7089.761 10.007015 11438.307 10.792094 9582.385 9.268911 8511.777 8.024128 167.81192 0.61371434 193.5707 1.0993768 583.68164 2.275406 963.77734 2.803569 1534.9825 3.2967498 1744.5096 1.5323664 3268.1438 4.0566926 8762.401 5453.3945 d392 1.8163368 1.7614564 75.84279 3.5 0 2.388384 1.19 1.0311563 0.030214846 0.97992736 0.014294296 1.563055 354 14.438813 3.5
66320 131.74781529473267 -41.83040845113983 13.708911 0.0022068836 12.993344 0.0009688503 13.067073 0.0008769122 13.123662 0.00096150674 12.822681 0.0010025013 13.300327 0.002614433 13.310189 0.0042011854 12.745684 0.002487407 12.679981 0.0022811978 12.707434 0.0016137701 12.72504 0.0008674122 12.455621 0.0012013938 0 3.1693525 1.09 1.040328 0.038764715 0.9988405 0.028038891 1.4876319 504 14.109482 12.874353 0.0007998245 12.751922 0.0007693815 12.698183 0.0007709125 444.15573 0.9247592 16247.911 14.027284 19576.75 13.683513 16608.363 11.789682 10239.349 8.667778 326.21912 0.79179186 351.16632 1.3802404 1351.2676 3.11467 1647.2753 3.4687247 2978.694 4.371428 2250.4888 1.7191857 4111.4487 4.4860606 6424.0293 5577.2793 d392 1.8263795 1.7555804 78.520065 3.5 0 3.2609055 1.19 1.040328 0.038764715 0.99905586 0.025980433 1.5648891 504 14.335073 3.5
72844 131.2672786266813 -41.766490033102144 13.795632 0.0022993675 13.100251 0.0010233521 13.115537 0.0009030114 13.129296 0.0009611363 12.901263 0.0010502234 13.327045 0.0026524644 13.219752 0.0040279217 12.770182 0.0025259876 12.725165 0.0023376017 12.793118 0.0016889345 12.816992 0.00091102626 12.519841 0.0012444158 0 2.9544184 1.09 1.0639652 0.06011969 0.99919015 0.022951774 1.4392067 418 14.1396475 12.980466 0.0008404526 12.857402 0.00080965186 12.808857 0.0008153613 402.65427 0.88943195 14589.977 13.387422 17505.377 13.0075035 14998.834 11.261021 9490.896 8.393893 309.66553 0.77495146 374.63614 1.417013 1272.1935 3.0383508 1554.1976 3.3852513 2687.1418 4.1762586 1997.574 1.6283678 3794.2578 4.329127 8770.997 5983.937 d392 1.7842252 1.6769582 85.32777 3.5 0 2.9204319 1.19 1.0639652 0.06011969 0.9967346 0.019785766 1.4831008 419 14.333771 3.5
