Ha-emitters-disk/Halpha-disk_splus_16r175-Mine_PerField.ecsv
# %ECSV 1.0
# ---
# datatype:
# - {name: NUMBER, datatype: int64}
# - {name: ALPHA, datatype: float64}
# - {name: DELTA, datatype: float64}
# - {name: u, datatype: float64}
# - {name: uerr, datatype: float64}
# - {name: g, datatype: float64}
# - {name: gerr, datatype: float64}
# - {name: r, datatype: float64}
# - {name: rerr, datatype: float64}
# - {name: i, datatype: float64}
# - {name: ierr, datatype: float64}
# - {name: z, datatype: float64}
# - {name: zerr, datatype: float64}
# - {name: F378, datatype: float64}
# - {name: F378err, datatype: float64}
# - {name: F395, datatype: float64}
# - {name: F395err, datatype: float64}
# - {name: F410, datatype: float64}
# - {name: F410err, datatype: float64}
# - {name: F430, datatype: float64}
# - {name: F430err, datatype: float64}
# - {name: F515, datatype: float64}
# - {name: F515err, datatype: float64}
# - {name: F660, datatype: float64}
# - {name: F660err, datatype: float64}
# - {name: F861, datatype: float64}
# - {name: F861err, datatype: float64}
# - {name: flags_i, datatype: int64}
# - {name: fwhm_i, datatype: float64}
# - {name: fwhm_psf_i, datatype: float64}
# - {name: ellog_i, datatype: float64}
# - {name: ellip_i, datatype: float64}
# - {name: class_i, datatype: float64}
# - {name: spread_i, datatype: float64}
# - {name: flux_radius_i, datatype: float64}
# - {name: area_i, datatype: int64}
# - {name: mumax_i, datatype: float64}
# - {name: mag_aper2_i, datatype: float64}
# - {name: magerr_apper2_i, datatype: float64}
# - {name: mag_aper4_i, datatype: float64}
# - {name: magerr_apper4_i, datatype: float64}
# - {name: mag_aper6_i, datatype: float64}
# - {name: magerr_apper6_i, datatype: float64}
# - {name: flux_aper6_u, datatype: float64}
# - {name: fluxerr_aper6_u, datatype: float64}
# - {name: flux_aper6_g, datatype: float64}
# - {name: fluxerr_aper6_g, datatype: float64}
# - {name: flux_aper6_r, datatype: float64}
# - {name: fluxerr_aper6_r, datatype: float64}
# - {name: flux_aper6_i, datatype: float64}
# - {name: fluxerr_aper6_i, datatype: float64}
# - {name: flux_aper6_z, datatype: float64}
# - {name: fluxerr_aper6_z, datatype: float64}
# - {name: flux_aper6_F378, datatype: float64}
# - {name: fluxerr_aper6_F378, datatype: float64}
# - {name: flux_aper6_F395, datatype: float64}
# - {name: fluxerr_aper6_F395, datatype: float64}
# - {name: flux_aper6_F410, datatype: float64}
# - {name: fluxerr_aper6_F410, datatype: float64}
# - {name: flux_aper6_F430, datatype: float64}
# - {name: fluxerr_aper6_F430, datatype: float64}
# - {name: flux_aper6_F515, datatype: float64}
# - {name: fluxerr_aper6_F515, datatype: float64}
# - {name: flux_aper6_F660, datatype: float64}
# - {name: fluxerr_aper6_F660, datatype: float64}
# - {name: flux_aper6_F861, datatype: float64}
# - {name: fluxerr_aper6_F861, datatype: float64}
# - {name: x, datatype: float64}
# - {name: y, datatype: float64}
# - {name: field, datatype: string}
# - {name: a_image, datatype: float64}
# - {name: b_image, datatype: float64}
# - {name: theta_image, datatype: float64}
# - {name: kron_radius_i, datatype: float64}
# - {name: flags_r, datatype: int64}
# - {name: fwhm_r, datatype: float64}
# - {name: fwhm_psf_r, datatype: float64}
# - {name: ellog_r, datatype: float64}
# - {name: ellip_r, datatype: float64}
# - {name: class_r, datatype: float64}
# - {name: spread_r, datatype: float64}
# - {name: flux_radius_r, datatype: float64}
# - {name: area_r, datatype: int64}
# - {name: mumax_r, datatype: float64}
# - {name: kron_radius_r, datatype: float64}
# schema: astropy-2.0
NUMBER ALPHA DELTA u uerr g gerr r rerr i ierr z zerr F378 F378err F395 F395err F410 F410err F430 F430err F515 F515err F660 F660err F861 F861err flags_i fwhm_i fwhm_psf_i ellog_i ellip_i class_i spread_i flux_radius_i area_i mumax_i mag_aper2_i magerr_apper2_i mag_aper4_i magerr_apper4_i mag_aper6_i magerr_apper6_i flux_aper6_u fluxerr_aper6_u flux_aper6_g fluxerr_aper6_g flux_aper6_r fluxerr_aper6_r flux_aper6_i fluxerr_aper6_i flux_aper6_z fluxerr_aper6_z flux_aper6_F378 fluxerr_aper6_F378 flux_aper6_F395 fluxerr_aper6_F395 flux_aper6_F410 fluxerr_aper6_F410 flux_aper6_F430 fluxerr_aper6_F430 flux_aper6_F515 fluxerr_aper6_F515 flux_aper6_F660 fluxerr_aper6_F660 flux_aper6_F861 fluxerr_aper6_F861 x y field a_image b_image theta_image kron_radius_i flags_r fwhm_r fwhm_psf_r ellog_r ellip_r class_r spread_r flux_radius_r area_r mumax_r kron_radius_r
[from data line 212]
44960 115.82847788393872 -27.122010044761563 19.575508 0.046146978 18.112864 0.015266146 17.473703 0.009599366 17.227503 0.008476833 17.095282 0.010378903 19.106749 0.052221283 18.88561 0.072852686 18.619825 0.053886585 18.483723 0.04736067 17.935707 0.026526319 17.035791 0.008382634 17.139378 0.013757112 0 2.0500169 1.34 1.0740869 0.0689767 0.98321325 -0.0014494396 1.2680181 49 18.02071 17.457518 0.00966794 17.338482 0.014087435 17.330906 0.01980354 2.743237 0.23991919 112.14412 3.6131208 212.06816 3.887053 229.52904 4.1855316 151.35202 4.1154823 2.1198378 0.2058438 2.1209772 0.33709854 7.8679104 0.8228831 9.258669 0.9278305 20.281073 1.1098479 34.85391 0.51057553 52.12888 1.7346134 2206.9468 2663.3225 d210 1.4366896 1.3375915 -18.938046 3.5 0 2.3178663 1.48 1.0740869 0.0689767 0.98312765 -0.0036564947 1.3705868 53 18.5118 3.5
94355 114.58192198994232 -26.812013467644007 19.341106 0.038286775 18.288721 0.017074814 17.29271 0.0084666945 16.788866 0.0065930285 16.460224 0.007096149 19.698011 0.08094697 19.317656 0.10392798 18.996511 0.07253357 18.86491 0.063580945 17.969383 0.026948038 16.921362 0.0077563585 16.57929 0.009800489 0 2.0185099 1.34 1.1731732 0.14761096 0.9831593 -0.0015104581 1.3972683 74 17.518368 17.02539 0.0071851322 16.86071 0.009551051 16.789963 0.012412979 8.204876 0.25678024 102.45719 3.5994854 271.74435 3.9538274 377.75903 4.3177857 300.0646 4.226748 1.4973704 0.20347129 1.742873 0.3354933 6.178535 0.81693006 8.540845 0.9256022 21.505272 1.1131481 45.07005 0.5224936 101.17593 1.7952402 9480.257 4689.179 d210 1.6549821 1.4106886 55.611603 3.5 0 2.3431354 1.48 1.1731732 0.14761096 0.98164827 -0.0007688897 1.5154905 64 18.249798 3.5
98049 114.717152972684 -26.790287412790224 18.631144 0.031645015 18.265642 0.017798726 16.971596 0.007026399 16.671354 0.0061905985 16.425041 0.0070006046 20.564157 0.23571649 99.0 99.0 99.0 99.0 18.309555 0.044706583 17.732876 0.024613308 16.56138 0.006056123 16.527689 0.009652363 0 2.1009223 1.34 1.0591526 0.055848956 0.9834357 -0.0010920439 1.2875245 56 17.567892 16.920626 0.0067091016 16.849926 0.009459995 16.941519 0.01412177 17.85336 0.28396186 11.428989 3.4615228 771.0592 4.4678793 328.5429 4.272198 224.54692 4.168512 0.6560118 0.20005581 -5.654304 0.32754913 12.594968 0.83929235 79.0626 1.1341585 57.19729 1.2005645 167.24246 0.64741033 77.642 1.7655381 8690.813 4835.207 d210 1.4173847 1.3382252 -7.582989 3.5 0 2.7648258 1.48 1.0591526 0.055848956 0.9642252 0.054315284 1.8056558 62 18.195004 3.5
164435 115.69569216409757 -26.35744463953121 19.238825 0.03915782 18.396015 0.02132204 16.87212 0.006722755 16.608246 0.0059666117 16.475454 0.007273816 19.468466 0.07539391 19.591324 0.14463618 19.167368 0.09731831 18.634869 0.061590564 17.90951 0.028161068 16.645075 0.0066907625 16.68091 0.01074779 0 3.8739016 1.34 1.1355431 0.11936408 0.99618214 0.01599748 2.3281052 37 17.819487 16.590752 0.0054472066 15.53954 0.0036383886 14.804706 0.002674543 23.647589 0.29918188 61.847244 3.5376968 1688.9537 5.2870674 2351.3516 5.7907834 1746.1193 5.1792474 5.594235 0.21870038 2.7874749 0.33987305 4.268468 0.8095798 8.563994 0.92520046 76.880394 1.2465324 224.71841 0.6986099 464.07047 2.190148 2963.6099 7670.985 d210 1.3076919 1.1516005 5.322105 3.5 0 4.747816 1.48 1.1355431 0.11936408 0.99713975 0.04049118 2.1966364 37 18.390926 3.5
218014 115.70862448506416 -25.977768058703948 20.378353 0.0860704 99.0 99.0 17.16628 0.008018781 17.707577 0.011859623 16.371843 0.0066150012 19.7818 0.08628491 18.656214 0.062718004 19.166689 0.08363682 18.000277 0.03486908 19.026506 0.058113735 17.025593 0.008581148 99.0 99.0 0 3.088205 1.34 1.1821864 0.15410972 0.99959075 5.801385e-05 1.5371671 34 18.449635 17.836384 0.012722864 17.575293 0.017182013 17.406904 0.021171236 2.7985406 0.24013042 41.039795 3.5084324 376.177 4.0671487 214.01218 4.1721015 354.4889 4.266527 3.2259731 0.21007477 6.064329 0.35395098 9.266982 0.8279997 25.153568 0.97886276 17.425478 1.1026419 44.782642 0.52216387 9.059107 1.6800603 2879.078 10156.144 d210 1.5847384 1.3405148 1.8332822 3.5 0 3.0860457 1.48 1.1821864 0.15410972 0.983264 0.0026935982 1.4837528 46 18.111814 3.5
34908 117.38005126975976 -27.14873284497573 21.011728 0.3818454 18.648344 0.041712154 17.22118 0.011775868 16.46946 0.0076467125 16.020384 0.0073756375 99.0 99.0 99.0 99.0 20.103878 0.35472503 19.538048 0.21275996 18.36312 0.06264479 16.703571 0.010792235 16.072805 0.010948903 0 1.8104906 1.05 1.0347613 0.033593535 0.9844034 -0.0007210185 1.1540664 50 16.993237 16.656288 0.008224087 16.557102 0.010712355 16.505953 0.013766275 0.88641524 0.3632723 25.010294 3.6948931 125.325516 3.1536355 223.88211 2.8379583 200.65735 2.4042866 0.16349033 0.33153325 0.22620396 0.38896707 1.5177529 1.0161057 2.4168427 1.0530578 6.0532994 1.0850186 24.05633 0.38840058 64.29134 1.1030269 2367.1726 2489.0945 d211 1.3018415 1.258108 57.303967 3.5 0 1.5952863 1.04 1.0347613 0.033593535 0.9817146 -0.0027466319 1.0994146 36 17.579803 3.5
101304 117.26973923959048 -26.69649341483677 19.935698 0.15908417 17.954916 0.024963036 17.215061 0.011821675 16.847727 0.009420855 16.68882 0.010720059 19.21492 0.14917086 19.214813 0.17454492 18.715122 0.114067785 18.482317 0.09162454 17.825895 0.042895865 16.827301 0.01172746 16.707287 0.015708614 0 1.6612953 1.05 1.0152446 0.015015721 0.9827978 -0.00083991117 1.1163213 39 17.324818 17.038822 0.0104589285 16.913876 0.014093382 16.860126 0.018505413 0.71246266 0.36279082 63.933365 3.7488008 125.53284 3.153038 161.56587 2.7530785 109.62373 2.2829468 1.5789819 0.33644873 0.036065586 0.38812307 3.8952744 1.0226661 2.2700229 1.0523059 10.226214 1.0955837 18.606976 0.37976977 36.517696 1.046613 2999.7925 5451.791 d211 1.2563993 1.2375336 39.088646 3.5 0 1.5901653 1.04 1.0152446 0.015015721 0.9825496 -0.0025927736 1.1073638 38 17.651257 3.5
104251 117.11707509285053 -26.674518524239588 20.76655 0.3328352 17.99012 0.02554763 16.46912 0.007722332 15.567211 0.004748047 15.02066 0.004326681 99.0 99.0 19.313137 0.18835418 19.42445 0.20442963 19.057314 0.14336382 17.709139 0.039519638 15.8566 0.00669805 14.91331 0.0059652273 0 1.7777271 1.05 1.0196944 0.01931405 0.98399043 0.00053798995 1.1718926 71 16.117035 15.748687 0.004891631 15.6210165 0.005535893 15.568865 0.006589661 0.6535929 0.36275095 59.688934 3.7436807 275.89145 3.3543782 530.7064 3.220235 519.83746 2.786399 0.2787352 0.3319187 1.1444731 0.3924051 2.4317653 1.0186752 4.209024 1.0581512 12.627019 1.1020483 49.15674 0.4254656 192.20717 1.3312899 3892.2407 5598.087 d211 1.3448938 1.3189185 70.88442 3.5 0 1.6903799 1.04 1.0196944 0.01931405 0.9818539 -3.6723843e-05 1.1908547 63 16.983578 3.5
198686 117.12777841775213 -25.979400290282538 18.414007 0.045080874 99.0 99.0 16.727686 0.009105489 17.417805 0.013417725 16.429453 0.009513642 17.880724 0.053610373 17.79806 0.0591786 99.0 99.0 17.873379 0.058649987 99.0 99.0 16.593468 0.010206102 16.310146 0.012586293 0 1.8352287 1.05 1.1589199 0.13712758 0.99987924 0.0011415321 1.0126237 28 17.352804 17.26499 0.012148211 17.12016 0.016626555 17.026133 0.02132234 9.008038 0.3800985 36.12953 3.7109807 225.74327 3.2892318 138.65865 2.7224004 136.92915 2.3205924 6.766449 0.35435754 9.541204 0.42285937 10.502496 1.0419254 17.717567 1.0965295 11.327176 1.0988492 27.27313 0.39337337 64.653564 1.1038069 3819.4478 10148.086 d211 1.3787043 1.1896459 9.782768 3.5 0 2.7416646 1.04 1.1589199 0.13712758 0.99696326 0.0014877875 1.1778752 33 17.531208 3.5
31 126.23861665037354 -35.70073312430625 99.0 99.0 18.09686 0.02058666 17.118265 0.00805419 17.60488 0.011383948 16.535671 0.0072982595 99.0 99.0 99.0 99.0 99.0 99.0 99.0 99.0 18.56237 0.054366384 17.159533 0.009847995 99.0 99.0 0 2.0817926 1.16 1.0943679 0.08623046 0.9856278 -0.0072191036 1.1599675 29 17.80592 17.697037 0.01304637 17.560516 0.020370325 17.558685 0.02955852 -0.0057291286 0.67978716 114.50982 7.8111916 331.6064 6.4551415 198.30159 5.397331 251.8795 4.5962744 0.40986013 0.51024175 -0.27228364 0.7134085 2.30151 1.9830558 3.476108 2.0935652 10.0989065 2.161965 31.706446 0.7440447 14.394889 2.007699 8788.538 816.7113 d310 1.397256 1.27677 -6.0933075 3.5 0 2.3829205 1.27 1.0943679 0.08623046 0.998493 0.00016613155 1.1777204 40 18.118225 3.5
672 127.34187868058518 -35.69261647588029 18.97906 0.05533871 16.242792 0.0056646173 16.615574 0.0060167774 15.360719 0.0029784183 15.151781 0.0032760843 17.569115 0.026995342 17.084799 0.027885793 16.663393 0.018695071 16.610588 0.016890066 15.99886 0.009379974 15.625989 0.0039304444 15.215138 0.0046785595 0 2.1354017 1.16 1.0900636 0.08262229 0.983714 0.0007853575 1.2102195 70 16.275639 15.568546 0.0030898214 15.467282 0.003790595 15.422141 0.004740497 5.069658 0.6854753 768.1954 8.240325 753.0167 6.732993 1418.8734 6.1935225 1001.3223 5.0769987 7.783275 0.52154374 12.020871 0.73787004 51.446075 2.0548344 57.740105 2.1711032 146.74242 2.335229 135.2806 0.8232542 341.24356 2.3349354 2923.4436 873.8435 d310 1.4899592 1.3668554 -6.3316126 3.5 0 1.8567336 1.27 1.0900636 0.08262229 0.9830174 0.0041007437 1.0870245 52 16.709246 3.5
29572 127.70668402122315 -35.505093779296864 18.088728 0.026338235 17.959745 0.01835836 16.53892 0.005700805 16.24284 0.0050011883 15.593032 0.004220744 17.568077 0.02642696 17.46927 0.035637025 17.062193 0.024065936 16.921139 0.020513248 16.408293 0.01190758 15.927244 0.0046235807 15.624415 0.0058933455 0 1.6489868 1.16 1.1869307 0.15749079 0.9819423 -0.0023588086 0.96002316 46 16.31363 16.29676 0.004805933 16.194138 0.006526612 16.13597 0.008509359 12.736402 0.6939364 185.531 7.858352 697.98004 6.6969047 735.21204 5.760758 640.78827 4.8513694 9.849357 0.5246281 9.344723 0.7324404 43.038692 2.042583 48.548256 2.1580062 102.25276 2.2801027 111.194 0.80547875 241.93082 2.2404263 973.4385 2088.2737 d310 1.433986 1.2081463 87.18465 3.5 0 1.7600273 1.27 1.1869307 0.15749079 0.9821768 -0.0019815231 0.9967153 46 16.709114 3.5
108453 127.5165021460837 -34.981859462294004 19.712152 0.11039384 17.603071 0.013994223 16.87608 0.0069528287 16.732939 0.0063552293 16.303988 0.0063264505 19.273535 0.111830406 18.884508 0.11476035 18.351831 0.06707063 18.186615 0.05388295 17.496588 0.024847474 16.687635 0.007306321 16.34988 0.008873197 0 2.2294545 1.16 1.1556292 0.1346705 0.9730003 0.0071164756 1.3577478 71 17.603994 16.869778 0.007043654 16.689863 0.009716826 16.590813 0.01254852 3.578169 0.68300986 227.65839 7.878201 502.17615 6.5620584 483.5874 5.587759 375.36148 4.6739507 2.3726542 0.51267797 1.9273578 0.7165501 13.303863 1.997038 17.694513 2.1117241 42.096436 2.2012894 56.693737 0.7631103 124.62845 2.1215029 1964.336 5521.0005 d310 1.5880678 1.3742019 21.07327 3.5 0 2.3728049 1.27 1.1556292 0.1346705 0.9795628 0.004054162 1.4429386 73 17.912281 3.5
145794 126.76899176873056 -34.73973610483733 19.303326 0.08147747 17.242413 0.0112061985 16.440315 0.005423698 15.986228 0.0041889027 15.7120495 0.0045038876 18.578794 0.06443585 18.42895 0.0826462 18.014748 0.0533158 17.79984 0.041621964 17.091263 0.019319624 16.024685 0.004960516 15.545461 0.0056407102 0 1.9605975 1.16 1.0780512 0.07240027 0.9833916 -0.0014690026 1.2672017 74 16.798208 16.191402 0.0044971057 16.032461 0.0057590315 15.956891 0.007323515 4.4609394 0.6847948 319.77673 7.9484415 725.4574 6.7151732 867.0492 5.8470054 621.63434 4.8394227 4.6809587 0.51681864 4.7007217 0.72307265 14.222834 2.0007043 20.78204 2.118602 57.71143 2.2238705 103.697876 0.7999326 260.2644 2.2582834 5974.645 7117.2754 d310 1.4918307 1.3838217 -2.256214 3.5 0 2.3068714 1.27 1.0780512 0.07240027 0.9796985 -0.0006935088 1.4821283 73 17.431837 3.5
149089 127.69019283925682 -34.71494065999425 18.86787 0.05179164 18.952452 0.040522616 17.192371 0.008778254 16.943985 0.007569108 15.941691 0.0051367627 18.227505 0.045656417 18.047472 0.0566866 17.722343 0.040097196 17.571949 0.03317881 16.964355 0.0170632 16.377388 0.006104257 15.969196 0.0071572037 0 1.7480254 1.16 1.1841533 0.15551472 0.98184586 -0.004735703 1.0050946 36 16.976616 16.995163 0.007698942 16.872961 0.011307541 16.805624 0.0151365595 10.304618 0.6907218 60.589523 7.768085 347.58582 6.460709 396.7806 5.530288 459.3341 4.7306604 8.330918 0.5219436 9.672857 0.732556 22.537777 2.0112388 39.422955 2.1434853 92.02183 2.2656727 102.74985 0.7986643 254.7858 2.2514806 1018.2011 7261.2266 d310 1.4607321 1.2335668 -88.847496 3.5 0 1.7260892 1.27 1.1841533 0.15551472 0.98236823 -0.008054142 1.0498462 33 17.382545 3.5
211485 125.98014950247604 -34.32570651784763 18.874737 0.050282408 17.46555 0.012662468 17.029629 0.0076381764 16.41688 0.005370105 16.332731 0.006450442 18.612665 0.06098941 18.306705 0.06883331 17.93775 0.04637066 17.644135 0.034971006 17.422825 0.023134595 16.553562 0.0067742867 16.091187 0.0077504134 0 2.0838866 1.16 1.058151 0.054955304 0.9685328 0.0012278489 1.4002473 74 17.182995 16.574228 0.0057598404 16.407118 0.007726723 16.375303 0.010424332 5.667457 0.6856135 259.253 7.902276 496.01584 6.560299 589.7651 5.661056 372.92404 4.673977 2.206005 0.5126199 3.3491728 0.71975195 17.118307 2.003431 27.485693 2.1266103 52.32219 2.2153134 64.03766 0.76911956 155.555 2.153684 10241.623 9807.214 d310 1.5513393 1.466085 -21.256874 3.5 0 3.0079415 1.27 1.058151 0.054955304 0.70068127 0.020180758 1.6625175 72 18.072498 3.5
31 126.23861665037354 -35.70073312430625 99.0 99.0 18.09686 0.02058666 17.118265 0.00805419 17.60488 0.011383948 16.535671 0.0072982595 99.0 99.0 99.0 99.0 99.0 99.0 99.0 99.0 18.56237 0.054366384 17.159533 0.009847995 99.0 99.0 0 2.0817926 1.16 1.0943679 0.08623046 0.9856278 -0.0072191036 1.1599675 29 17.80592 17.697037 0.01304637 17.560516 0.020370325 17.558685 0.02955852 -0.0057291286 0.67978716 114.50982 7.8111916 331.6064 6.4551415 198.30159 5.397331 251.8795 4.5962744 0.40986013 0.51024175 -0.27228364 0.7134085 2.30151 1.9830558 3.476108 2.0935652 10.0989065 2.161965 31.706446 0.7440447 14.394889 2.007699 8788.538 816.7113 d310 1.397256 1.27677 -6.0933075 3.5 0 2.3829205 1.27 1.0943679 0.08623046 0.998493 0.00016613155 1.1777204 40 18.118225 3.5
672 127.34187868058518 -35.69261647588029 18.97906 0.05533871 16.242792 0.0056646173 16.615574 0.0060167774 15.360719 0.0029784183 15.151781 0.0032760843 17.569115 0.026995342 17.084799 0.027885793 16.663393 0.018695071 16.610588 0.016890066 15.99886 0.009379974 15.625989 0.0039304444 15.215138 0.0046785595 0 2.1354017 1.16 1.0900636 0.08262229 0.983714 0.0007853575 1.2102195 70 16.275639 15.568546 0.0030898214 15.467282 0.003790595 15.422141 0.004740497 5.069658 0.6854753 768.1954 8.240325 753.0167 6.732993 1418.8734 6.1935225 1001.3223 5.0769987 7.783275 0.52154374 12.020871 0.73787004 51.446075 2.0548344 57.740105 2.1711032 146.74242 2.335229 135.2806 0.8232542 341.24356 2.3349354 2923.4436 873.8435 d310 1.4899592 1.3668554 -6.3316126 3.5 0 1.8567336 1.27 1.0900636 0.08262229 0.9830174 0.0041007437 1.0870245 52 16.709246 3.5
