Ha-emitters-disk/Halpha-disk_splus_16r175-Mine_PerField.ecsv
# %ECSV 1.0
# ---
# datatype:
# - {name: NUMBER, datatype: int64}
# - {name: ALPHA, datatype: float64}
# - {name: DELTA, datatype: float64}
# - {name: u, datatype: float64}
# - {name: uerr, datatype: float64}
# - {name: g, datatype: float64}
# - {name: gerr, datatype: float64}
# - {name: r, datatype: float64}
# - {name: rerr, datatype: float64}
# - {name: i, datatype: float64}
# - {name: ierr, datatype: float64}
# - {name: z, datatype: float64}
# - {name: zerr, datatype: float64}
# - {name: F378, datatype: float64}
# - {name: F378err, datatype: float64}
# - {name: F395, datatype: float64}
# - {name: F395err, datatype: float64}
# - {name: F410, datatype: float64}
# - {name: F410err, datatype: float64}
# - {name: F430, datatype: float64}
# - {name: F430err, datatype: float64}
# - {name: F515, datatype: float64}
# - {name: F515err, datatype: float64}
# - {name: F660, datatype: float64}
# - {name: F660err, datatype: float64}
# - {name: F861, datatype: float64}
# - {name: F861err, datatype: float64}
# - {name: flags_i, datatype: int64}
# - {name: fwhm_i, datatype: float64}
# - {name: fwhm_psf_i, datatype: float64}
# - {name: ellog_i, datatype: float64}
# - {name: ellip_i, datatype: float64}
# - {name: class_i, datatype: float64}
# - {name: spread_i, datatype: float64}
# - {name: flux_radius_i, datatype: float64}
# - {name: area_i, datatype: int64}
# - {name: mumax_i, datatype: float64}
# - {name: mag_aper2_i, datatype: float64}
# - {name: magerr_apper2_i, datatype: float64}
# - {name: mag_aper4_i, datatype: float64}
# - {name: magerr_apper4_i, datatype: float64}
# - {name: mag_aper6_i, datatype: float64}
# - {name: magerr_apper6_i, datatype: float64}
# - {name: flux_aper6_u, datatype: float64}
# - {name: fluxerr_aper6_u, datatype: float64}
# - {name: flux_aper6_g, datatype: float64}
# - {name: fluxerr_aper6_g, datatype: float64}
# - {name: flux_aper6_r, datatype: float64}
# - {name: fluxerr_aper6_r, datatype: float64}
# - {name: flux_aper6_i, datatype: float64}
# - {name: fluxerr_aper6_i, datatype: float64}
# - {name: flux_aper6_z, datatype: float64}
# - {name: fluxerr_aper6_z, datatype: float64}
# - {name: flux_aper6_F378, datatype: float64}
# - {name: fluxerr_aper6_F378, datatype: float64}
# - {name: flux_aper6_F395, datatype: float64}
# - {name: fluxerr_aper6_F395, datatype: float64}
# - {name: flux_aper6_F410, datatype: float64}
# - {name: fluxerr_aper6_F410, datatype: float64}
# - {name: flux_aper6_F430, datatype: float64}
# - {name: fluxerr_aper6_F430, datatype: float64}
# - {name: flux_aper6_F515, datatype: float64}
# - {name: fluxerr_aper6_F515, datatype: float64}
# - {name: flux_aper6_F660, datatype: float64}
# - {name: fluxerr_aper6_F660, datatype: float64}
# - {name: flux_aper6_F861, datatype: float64}
# - {name: fluxerr_aper6_F861, datatype: float64}
# - {name: x, datatype: float64}
# - {name: y, datatype: float64}
# - {name: field, datatype: string}
# - {name: a_image, datatype: float64}
# - {name: b_image, datatype: float64}
# - {name: theta_image, datatype: float64}
# - {name: kron_radius_i, datatype: float64}
# - {name: flags_r, datatype: int64}
# - {name: fwhm_r, datatype: float64}
# - {name: fwhm_psf_r, datatype: float64}
# - {name: ellog_r, datatype: float64}
# - {name: ellip_r, datatype: float64}
# - {name: class_r, datatype: float64}
# - {name: spread_r, datatype: float64}
# - {name: flux_radius_r, datatype: float64}
# - {name: area_r, datatype: int64}
# - {name: mumax_r, datatype: float64}
# - {name: kron_radius_r, datatype: float64}
# schema: astropy-2.0
NUMBER ALPHA DELTA u uerr g gerr r rerr i ierr z zerr F378 F378err F395 F395err F410 F410err F430 F430err F515 F515err F660 F660err F861 F861err flags_i fwhm_i fwhm_psf_i ellog_i ellip_i class_i spread_i flux_radius_i area_i mumax_i mag_aper2_i magerr_apper2_i mag_aper4_i magerr_apper4_i mag_aper6_i magerr_apper6_i flux_aper6_u fluxerr_aper6_u flux_aper6_g fluxerr_aper6_g flux_aper6_r fluxerr_aper6_r flux_aper6_i fluxerr_aper6_i flux_aper6_z fluxerr_aper6_z flux_aper6_F378 fluxerr_aper6_F378 flux_aper6_F395 fluxerr_aper6_F395 flux_aper6_F410 fluxerr_aper6_F410 flux_aper6_F430 fluxerr_aper6_F430 flux_aper6_F515 fluxerr_aper6_F515 flux_aper6_F660 fluxerr_aper6_F660 flux_aper6_F861 fluxerr_aper6_F861 x y field a_image b_image theta_image kron_radius_i flags_r fwhm_r fwhm_psf_r ellog_r ellip_r class_r spread_r flux_radius_r area_r mumax_r kron_radius_r
[from data line 462]
128449 126.3004172238314 -36.36874312789103 18.802988 0.032390457 16.771572 0.0065540876 16.11517 0.004040311 15.9884405 0.003940834 15.987658 0.0050823325 18.292402 0.033123903 17.986973 0.038113303 17.757957 0.030816799 17.739603 0.028108498 17.340496 0.017430352 15.941001 0.004285153 15.5622015 0.005440208 0 1.9404207 1.1 1.0451949 0.043240666 0.9779747 0.0032660007 1.2705595 95 16.470968 16.000547 0.0037985735 15.843263 0.0045225406 15.7839985 0.0056025684 8.044167 0.46840397 538.76843 5.6411705 990.312 5.4420056 1017.65485 5.249983 609.6231 4.8373737 6.865506 0.3559305 8.413058 0.5093213 28.33143 1.3693271 33.585136 1.4633803 68.39261 1.5886952 116.38956 0.65203524 268.82755 2.1730514 8958.579 5447.461 d326 1.5347161 1.468354 20.217308 3.5 0 1.9587103 1.1 1.0451949 0.043240666 0.9970471 -0.0006689303 1.1829337 91 16.982248 3.5
129077 126.76065073116284 -36.36677088772642 18.606045 0.027985414 16.920689 0.00708615 16.22523 0.0042223893 15.952918 0.003836609 15.67745 0.0041888547 18.197422 0.031146187 18.106224 0.041040417 17.51283 0.025961082 17.575129 0.025182696 16.672852 0.011793666 15.952409 0.0042979564 15.571249 0.0054381676 0 2.2397907 1.1 1.0541179 0.051339507 0.98238367 0.007950054 1.3291479 100 16.656282 16.049198 0.003909868 15.903215 0.0047237063 15.841952 0.0058653965 9.235604 0.47021085 475.37564 5.5800543 914.6283 5.38002 964.75903 5.210584 717.14124 4.904772 6.004049 0.35391155 7.2784758 0.50588155 31.35098 1.3754185 33.51977 1.4628282 88.17497 1.6233726 111.59698 0.6474721 258.74417 2.1624296 6532.8687 5471.065 d326 1.5257709 1.4474386 53.309113 3.5 0 1.7289214 1.1 1.0541179 0.051339507 0.9815351 3.105298e-05 1.2974108 99 16.693445 3.5
130435 127.61426701138156 -36.35804153252803 20.03858 0.08596518 17.928072 0.013259357 16.924126 0.00626634 16.4638 0.0051344987 16.19132 0.0056829383 19.55872 0.087157145 19.196823 0.09431812 18.712975 0.062204372 18.499094 0.049457174 17.56695 0.020229196 16.641577 0.006291236 16.109312 0.007389798 0 1.9481643 1.1 1.126047 0.11193764 0.9997113 0.005536325 1.2157304 74 17.28971 16.602772 0.0054775327 16.453926 0.007131031 16.415228 0.009383889 2.7096982 0.45959365 176.2493 5.29102 462.3486 5.002802 568.99493 4.916561 437.0115 4.72507 1.570702 0.3439845 1.6949095 0.48949343 7.995086 1.3248488 13.209922 1.42022 35.779163 1.5290875 55.603176 0.59347624 152.64865 2.0536075 2033.2952 5517.45 d326 1.5384194 1.3662124 68.04123 3.5 0 2.1354692 1.1 1.126047 0.11193764 0.99014956 0.004778763 1.2302425 74 17.832882 3.5
151643 127.80630471333704 -36.23762171562876 20.173288 0.09558141 18.265297 0.016914647 17.365108 0.008187656 17.693045 0.010915796 17.37405 0.012424523 19.694847 0.09597615 19.232557 0.0947508 18.748453 0.06346703 18.72249 0.05882388 17.861032 0.024765067 17.185255 0.0084930435 16.679516 0.010217672 0 1.593053 1.1 1.2013916 0.16763192 0.99079746 -0.007885966 0.82706106 25 17.524134 17.753254 0.0121652875 17.673748 0.019385666 17.641296 0.027204815 2.0877657 0.45820066 109.0729 5.2196274 251.50372 4.8127975 183.94217 4.6078386 132.93706 4.517045 1.9797391 0.34465823 1.9496832 0.48988402 8.907923 1.3258657 6.1015 1.4037675 24.814121 1.5074061 33.362625 0.57015765 87.804565 1.9824088 1014.00354 6297.7847 d326 1.3240542 1.1021005 -86.63454 3.5 0 2.332081 1.1 1.2013916 0.16763192 0.982041 -0.0035582564 1.0815738 30 17.860292 3.5
243510 126.23862480920856 -35.70082353195113 20.546574 0.13130204 18.12498 0.015437186 17.131762 0.007130925 16.826393 0.006363745 16.50331 0.0069936784 20.718094 0.23299176 19.868639 0.16214663 19.64632 0.13029344 18.990618 0.07189467 17.859123 0.02475233 16.904936 0.007334211 16.566448 0.009711385 0 2.0459123 1.1 1.0770711 0.07155621 0.98276824 0.0026025914 1.2208643 59 17.487957 17.00301 0.00712167 16.857264 0.00980609 16.814163 0.01317123 1.8827895 0.45807078 143.98288 5.257163 352.48013 4.905119 394.0348 4.7789345 294.51324 4.628976 1.0253693 0.3426243 1.5960426 0.48904496 5.3354278 1.3185139 7.0233893 1.4064207 25.715897 1.509776 44.360027 0.5818456 97.46796 1.993812 9316.76 9817.279 d326 1.3885869 1.2892249 57.24863 3.5 0 1.9159721 1.1 1.0770711 0.07155621 0.99609965 0.0011222892 1.1923584 51 17.900175 3.5
32 126.26737156150178 -37.07678236876014 19.995817 0.08627413 17.817165 0.013080595 16.907753 0.0062602153 16.977798 0.0069240252 16.314545 0.006139096 19.953905 0.13156365 18.946114 0.082523406 19.266996 0.105534084 18.840796 0.0701507 99.0 99.0 16.726349 0.0065519135 16.301695 0.008123688 0 2.2687078 1.1 1.1421349 0.12444669 0.9986234 -0.0030874466 1.0761253 45 17.33404 16.918062 0.006724253 16.8175 0.009500264 16.771484 0.012700899 2.5518408 0.4593658 176.46028 5.2916183 431.1126 4.975934 409.83203 4.793034 387.86304 4.6929297 0.73771924 0.3420938 2.5469694 0.4920899 5.722222 1.3198862 10.952814 1.4154654 4.05601 1.4689022 52.134094 0.58999693 139.22186 2.0394893 9099.705 811.47003 d326 1.5094484 1.3216026 -16.03133 3.5 0 2.975577 1.1 1.1421349 0.12444669 0.9996288 -0.00060387485 1.293284 53 17.712704 3.5
36 126.35450595464914 -37.07685647776076 19.60696 0.061917868 18.030582 0.0150974775 17.187756 0.007432774 17.492672 0.009808336 16.58554 0.007261833 20.345467 0.1809636 20.432556 0.27443027 19.137796 0.09293574 18.917307 0.07288139 19.372404 0.07958495 16.911678 0.0073349914 16.591022 0.009785335 0 1.9500864 1.1 1.081209 0.07510942 0.98300046 -0.004044948 1.0395464 31 17.712324 17.44487 0.009687735 17.325718 0.01442635 17.26064 0.019427923 3.5518384 0.46081927 145.4352 5.258231 348.94476 4.90165 261.18234 4.672404 299.72684 4.632146 1.3270605 0.34329233 1.7136729 0.4893617 6.720209 1.321503 9.82914 1.4123927 6.52457 1.4729999 41.869244 0.57923293 101.36506 1.9979146 8644.61 814.07654 d326 1.3926135 1.2880151 -37.20907 3.5 0 2.9837377 1.1 1.081209 0.07510942 0.9876647 -0.0031307708 1.2185271 38 18.028732 3.5
89205 127.00531419601454 -36.58969377546361 19.781504 0.06911326 17.936226 0.013288054 17.218868 0.00735684 16.822275 0.0062614316 16.665169 0.0076225917 19.12413 0.061491806 18.85367 0.07106218 18.466703 0.05131584 18.338099 0.043464225 17.722921 0.022199584 16.951086 0.0074502677 16.771542 0.010733608 0 1.7652876 1.1 1.0750809 0.06983739 0.97794664 0.00081742427 1.1535698 52 17.289824 17.026829 0.0072351787 16.889715 0.010072561 16.831083 0.013370104 3.7949803 0.46147022 187.93217 5.3034387 340.69974 4.8966966 387.9416 4.776077 264.01544 4.61044 2.639538 0.3464817 3.264595 0.49427196 13.973076 1.3382773 13.62239 1.4213208 33.241962 1.5245725 41.999195 0.5796384 86.758736 1.9829522 5244.0684 4012.9065 d326 1.3079529 1.2166089 -86.21045 3.5 0 1.7778752 1.1 1.0750809 0.06983739 0.9815109 0.0009289327 1.1786665 51 17.707336 3.5
128449 126.3004172238314 -36.36874312789103 18.802988 0.032390457 16.771572 0.0065540876 16.11517 0.004040311 15.9884405 0.003940834 15.987658 0.0050823325 18.292402 0.033123903 17.986973 0.038113303 17.757957 0.030816799 17.739603 0.028108498 17.340496 0.017430352 15.941001 0.004285153 15.5622015 0.005440208 0 1.9404207 1.1 1.0451949 0.043240666 0.9779747 0.0032660007 1.2705595 95 16.470968 16.000547 0.0037985735 15.843263 0.0045225406 15.7839985 0.0056025684 8.044167 0.46840397 538.76843 5.6411705 990.312 5.4420056 1017.65485 5.249983 609.6231 4.8373737 6.865506 0.3559305 8.413058 0.5093213 28.33143 1.3693271 33.585136 1.4633803 68.39261 1.5886952 116.38956 0.65203524 268.82755 2.1730514 8958.579 5447.461 d326 1.5347161 1.468354 20.217308 3.5 0 1.9587103 1.1 1.0451949 0.043240666 0.9970471 -0.0006689303 1.1829337 91 16.982248 3.5
129077 126.76065073116284 -36.36677088772642 18.606045 0.027985414 16.920689 0.00708615 16.22523 0.0042223893 15.952918 0.003836609 15.67745 0.0041888547 18.197422 0.031146187 18.106224 0.041040417 17.51283 0.025961082 17.575129 0.025182696 16.672852 0.011793666 15.952409 0.0042979564 15.571249 0.0054381676 0 2.2397907 1.1 1.0541179 0.051339507 0.98238367 0.007950054 1.3291479 100 16.656282 16.049198 0.003909868 15.903215 0.0047237063 15.841952 0.0058653965 9.235604 0.47021085 475.37564 5.5800543 914.6283 5.38002 964.75903 5.210584 717.14124 4.904772 6.004049 0.35391155 7.2784758 0.50588155 31.35098 1.3754185 33.51977 1.4628282 88.17497 1.6233726 111.59698 0.6474721 258.74417 2.1624296 6532.8687 5471.065 d326 1.5257709 1.4474386 53.309113 3.5 0 1.7289214 1.1 1.0541179 0.051339507 0.9815351 3.105298e-05 1.2974108 99 16.693445 3.5
130435 127.61426701138156 -36.35804153252803 20.03858 0.08596518 17.928072 0.013259357 16.924126 0.00626634 16.4638 0.0051344987 16.19132 0.0056829383 19.55872 0.087157145 19.196823 0.09431812 18.712975 0.062204372 18.499094 0.049457174 17.56695 0.020229196 16.641577 0.006291236 16.109312 0.007389798 0 1.9481643 1.1 1.126047 0.11193764 0.9997113 0.005536325 1.2157304 74 17.28971 16.602772 0.0054775327 16.453926 0.007131031 16.415228 0.009383889 2.7096982 0.45959365 176.2493 5.29102 462.3486 5.002802 568.99493 4.916561 437.0115 4.72507 1.570702 0.3439845 1.6949095 0.48949343 7.995086 1.3248488 13.209922 1.42022 35.779163 1.5290875 55.603176 0.59347624 152.64865 2.0536075 2033.2952 5517.45 d326 1.5384194 1.3662124 68.04123 3.5 0 2.1354692 1.1 1.126047 0.11193764 0.99014956 0.004778763 1.2302425 74 17.832882 3.5
151643 127.80630471333704 -36.23762171562876 20.173288 0.09558141 18.265297 0.016914647 17.365108 0.008187656 17.693045 0.010915796 17.37405 0.012424523 19.694847 0.09597615 19.232557 0.0947508 18.748453 0.06346703 18.72249 0.05882388 17.861032 0.024765067 17.185255 0.0084930435 16.679516 0.010217672 0 1.593053 1.1 1.2013916 0.16763192 0.99079746 -0.007885966 0.82706106 25 17.524134 17.753254 0.0121652875 17.673748 0.019385666 17.641296 0.027204815 2.0877657 0.45820066 109.0729 5.2196274 251.50372 4.8127975 183.94217 4.6078386 132.93706 4.517045 1.9797391 0.34465823 1.9496832 0.48988402 8.907923 1.3258657 6.1015 1.4037675 24.814121 1.5074061 33.362625 0.57015765 87.804565 1.9824088 1014.00354 6297.7847 d326 1.3240542 1.1021005 -86.63454 3.5 0 2.332081 1.1 1.2013916 0.16763192 0.982041 -0.0035582564 1.0815738 30 17.860292 3.5
243510 126.23862480920856 -35.70082353195113 20.546574 0.13130204 18.12498 0.015437186 17.131762 0.007130925 16.826393 0.006363745 16.50331 0.0069936784 20.718094 0.23299176 19.868639 0.16214663 19.64632 0.13029344 18.990618 0.07189467 17.859123 0.02475233 16.904936 0.007334211 16.566448 0.009711385 0 2.0459123 1.1 1.0770711 0.07155621 0.98276824 0.0026025914 1.2208643 59 17.487957 17.00301 0.00712167 16.857264 0.00980609 16.814163 0.01317123 1.8827895 0.45807078 143.98288 5.257163 352.48013 4.905119 394.0348 4.7789345 294.51324 4.628976 1.0253693 0.3426243 1.5960426 0.48904496 5.3354278 1.3185139 7.0233893 1.4064207 25.715897 1.509776 44.360027 0.5818456 97.46796 1.993812 9316.76 9817.279 d326 1.3885869 1.2892249 57.24863 3.5 0 1.9159721 1.1 1.0770711 0.07155621 0.99609965 0.0011222892 1.1923584 51 17.900175 3.5
32 126.26737156150178 -37.07678236876014 19.995817 0.08627413 17.817165 0.013080595 16.907753 0.0062602153 16.977798 0.0069240252 16.314545 0.006139096 19.953905 0.13156365 18.946114 0.082523406 19.266996 0.105534084 18.840796 0.0701507 99.0 99.0 16.726349 0.0065519135 16.301695 0.008123688 0 2.2687078 1.1 1.1421349 0.12444669 0.9986234 -0.0030874466 1.0761253 45 17.33404 16.918062 0.006724253 16.8175 0.009500264 16.771484 0.012700899 2.5518408 0.4593658 176.46028 5.2916183 431.1126 4.975934 409.83203 4.793034 387.86304 4.6929297 0.73771924 0.3420938 2.5469694 0.4920899 5.722222 1.3198862 10.952814 1.4154654 4.05601 1.4689022 52.134094 0.58999693 139.22186 2.0394893 9099.705 811.47003 d326 1.5094484 1.3216026 -16.03133 3.5 0 2.975577 1.1 1.1421349 0.12444669 0.9996288 -0.00060387485 1.293284 53 17.712704 3.5
36 126.35450595464914 -37.07685647776076 19.60696 0.061917868 18.030582 0.0150974775 17.187756 0.007432774 17.492672 0.009808336 16.58554 0.007261833 20.345467 0.1809636 20.432556 0.27443027 19.137796 0.09293574 18.917307 0.07288139 19.372404 0.07958495 16.911678 0.0073349914 16.591022 0.009785335 0 1.9500864 1.1 1.081209 0.07510942 0.98300046 -0.004044948 1.0395464 31 17.712324 17.44487 0.009687735 17.325718 0.01442635 17.26064 0.019427923 3.5518384 0.46081927 145.4352 5.258231 348.94476 4.90165 261.18234 4.672404 299.72684 4.632146 1.3270605 0.34329233 1.7136729 0.4893617 6.720209 1.321503 9.82914 1.4123927 6.52457 1.4729999 41.869244 0.57923293 101.36506 1.9979146 8644.61 814.07654 d326 1.3926135 1.2880151 -37.20907 3.5 0 2.9837377 1.1 1.081209 0.07510942 0.9876647 -0.0031307708 1.2185271 38 18.028732 3.5
89205 127.00531419601454 -36.58969377546361 19.781504 0.06911326 17.936226 0.013288054 17.218868 0.00735684 16.822275 0.0062614316 16.665169 0.0076225917 19.12413 0.061491806 18.85367 0.07106218 18.466703 0.05131584 18.338099 0.043464225 17.722921 0.022199584 16.951086 0.0074502677 16.771542 0.010733608 0 1.7652876 1.1 1.0750809 0.06983739 0.97794664 0.00081742427 1.1535698 52 17.289824 17.026829 0.0072351787 16.889715 0.010072561 16.831083 0.013370104 3.7949803 0.46147022 187.93217 5.3034387 340.69974 4.8966966 387.9416 4.776077 264.01544 4.61044 2.639538 0.3464817 3.264595 0.49427196 13.973076 1.3382773 13.62239 1.4213208 33.241962 1.5245725 41.999195 0.5796384 86.758736 1.9829522 5244.0684 4012.9065 d326 1.3079529 1.2166089 -86.21045 3.5 0 1.7778752 1.1 1.0750809 0.06983739 0.9815109 0.0009289327 1.1786665 51 17.707336 3.5
128449 126.3004172238314 -36.36874312789103 18.802988 0.032390457 16.771572 0.0065540876 16.11517 0.004040311 15.9884405 0.003940834 15.987658 0.0050823325 18.292402 0.033123903 17.986973 0.038113303 17.757957 0.030816799 17.739603 0.028108498 17.340496 0.017430352 15.941001 0.004285153 15.5622015 0.005440208 0 1.9404207 1.1 1.0451949 0.043240666 0.9779747 0.0032660007 1.2705595 95 16.470968 16.000547 0.0037985735 15.843263 0.0045225406 15.7839985 0.0056025684 8.044167 0.46840397 538.76843 5.6411705 990.312 5.4420056 1017.65485 5.249983 609.6231 4.8373737 6.865506 0.3559305 8.413058 0.5093213 28.33143 1.3693271 33.585136 1.4633803 68.39261 1.5886952 116.38956 0.65203524 268.82755 2.1730514 8958.579 5447.461 d326 1.5347161 1.468354 20.217308 3.5 0 1.9587103 1.1 1.0451949 0.043240666 0.9970471 -0.0006689303 1.1829337 91 16.982248 3.5
129077 126.76065073116284 -36.36677088772642 18.606045 0.027985414 16.920689 0.00708615 16.22523 0.0042223893 15.952918 0.003836609 15.67745 0.0041888547 18.197422 0.031146187 18.106224 0.041040417 17.51283 0.025961082 17.575129 0.025182696 16.672852 0.011793666 15.952409 0.0042979564 15.571249 0.0054381676 0 2.2397907 1.1 1.0541179 0.051339507 0.98238367 0.007950054 1.3291479 100 16.656282 16.049198 0.003909868 15.903215 0.0047237063 15.841952 0.0058653965 9.235604 0.47021085 475.37564 5.5800543 914.6283 5.38002 964.75903 5.210584 717.14124 4.904772 6.004049 0.35391155 7.2784758 0.50588155 31.35098 1.3754185 33.51977 1.4628282 88.17497 1.6233726 111.59698 0.6474721 258.74417 2.1624296 6532.8687 5471.065 d326 1.5257709 1.4474386 53.309113 3.5 0 1.7289214 1.1 1.0541179 0.051339507 0.9815351 3.105298e-05 1.2974108 99 16.693445 3.5
