Ha-emitters-disk/Halpha-disk_splus_13r16-Mine_PerField.ecsv
# %ECSV 1.0
# ---
# datatype:
# - {name: NUMBER, datatype: int64}
# - {name: ALPHA, datatype: float64}
# - {name: DELTA, datatype: float64}
# - {name: u, datatype: float64}
# - {name: uerr, datatype: float64}
# - {name: g, datatype: float64}
# - {name: gerr, datatype: float64}
# - {name: r, datatype: float64}
# - {name: rerr, datatype: float64}
# - {name: i, datatype: float64}
# - {name: ierr, datatype: float64}
# - {name: z, datatype: float64}
# - {name: zerr, datatype: float64}
# - {name: F378, datatype: float64}
# - {name: F378err, datatype: float64}
# - {name: F395, datatype: float64}
# - {name: F395err, datatype: float64}
# - {name: F410, datatype: float64}
# - {name: F410err, datatype: float64}
# - {name: F430, datatype: float64}
# - {name: F430err, datatype: float64}
# - {name: F515, datatype: float64}
# - {name: F515err, datatype: float64}
# - {name: F660, datatype: float64}
# - {name: F660err, datatype: float64}
# - {name: F861, datatype: float64}
# - {name: F861err, datatype: float64}
# - {name: flags_i, datatype: int64}
# - {name: fwhm_i, datatype: float64}
# - {name: fwhm_psf_i, datatype: float64}
# - {name: ellog_i, datatype: float64}
# - {name: ellip_i, datatype: float64}
# - {name: class_i, datatype: float64}
# - {name: spread_i, datatype: float64}
# - {name: flux_radius_i, datatype: float64}
# - {name: area_i, datatype: int64}
# - {name: mumax_i, datatype: float64}
# - {name: mag_aper2_i, datatype: float64}
# - {name: magerr_apper2_i, datatype: float64}
# - {name: mag_aper4_i, datatype: float64}
# - {name: magerr_apper4_i, datatype: float64}
# - {name: mag_aper6_i, datatype: float64}
# - {name: magerr_apper6_i, datatype: float64}
# - {name: flux_aper6_u, datatype: float64}
# - {name: fluxerr_aper6_u, datatype: float64}
# - {name: flux_aper6_g, datatype: float64}
# - {name: fluxerr_aper6_g, datatype: float64}
# - {name: flux_aper6_r, datatype: float64}
# - {name: fluxerr_aper6_r, datatype: float64}
# - {name: flux_aper6_i, datatype: float64}
# - {name: fluxerr_aper6_i, datatype: float64}
# - {name: flux_aper6_z, datatype: float64}
# - {name: fluxerr_aper6_z, datatype: float64}
# - {name: flux_aper6_F378, datatype: float64}
# - {name: fluxerr_aper6_F378, datatype: float64}
# - {name: flux_aper6_F395, datatype: float64}
# - {name: fluxerr_aper6_F395, datatype: float64}
# - {name: flux_aper6_F410, datatype: float64}
# - {name: fluxerr_aper6_F410, datatype: float64}
# - {name: flux_aper6_F430, datatype: float64}
# - {name: fluxerr_aper6_F430, datatype: float64}
# - {name: flux_aper6_F515, datatype: float64}
# - {name: fluxerr_aper6_F515, datatype: float64}
# - {name: flux_aper6_F660, datatype: float64}
# - {name: fluxerr_aper6_F660, datatype: float64}
# - {name: flux_aper6_F861, datatype: float64}
# - {name: fluxerr_aper6_F861, datatype: float64}
# - {name: x, datatype: float64}
# - {name: y, datatype: float64}
# - {name: field, datatype: string}
# - {name: a_image, datatype: float64}
# - {name: b_image, datatype: float64}
# - {name: theta_image, datatype: float64}
# - {name: kron_radius_i, datatype: float64}
# - {name: flags_r, datatype: int64}
# - {name: fwhm_r, datatype: float64}
# - {name: fwhm_psf_r, datatype: float64}
# - {name: ellog_r, datatype: float64}
# - {name: ellip_r, datatype: float64}
# - {name: class_r, datatype: float64}
# - {name: spread_r, datatype: float64}
# - {name: flux_radius_r, datatype: float64}
# - {name: area_r, datatype: int64}
# - {name: mumax_r, datatype: float64}
# - {name: kron_radius_r, datatype: float64}
# schema: astropy-2.0
NUMBER ALPHA DELTA u uerr g gerr r rerr i ierr z zerr F378 F378err F395 F395err F410 F410err F430 F430err F515 F515err F660 F660err F861 F861err flags_i fwhm_i fwhm_psf_i ellog_i ellip_i class_i spread_i flux_radius_i area_i mumax_i mag_aper2_i magerr_apper2_i mag_aper4_i magerr_apper4_i mag_aper6_i magerr_apper6_i flux_aper6_u fluxerr_aper6_u flux_aper6_g fluxerr_aper6_g flux_aper6_r fluxerr_aper6_r flux_aper6_i fluxerr_aper6_i flux_aper6_z fluxerr_aper6_z flux_aper6_F378 fluxerr_aper6_F378 flux_aper6_F395 fluxerr_aper6_F395 flux_aper6_F410 fluxerr_aper6_F410 flux_aper6_F430 fluxerr_aper6_F430 flux_aper6_F515 fluxerr_aper6_F515 flux_aper6_F660 fluxerr_aper6_F660 flux_aper6_F861 fluxerr_aper6_F861 x y field a_image b_image theta_image kron_radius_i flags_r fwhm_r fwhm_psf_r ellog_r ellip_r class_r spread_r flux_radius_r area_r mumax_r kron_radius_r
[from data line 340]
72066 128.5368133412422 -41.87522500308081 16.40788 0.008564444 14.00558 0.0017779826 13.28189 0.0010325263 12.740533 0.0008003211 12.716647 0.00093593897 16.00196 0.009922715 15.7137 0.011897234 14.963396 0.007055494 14.740107 0.006010391 13.7271595 0.0028821025 12.811339 0.0010426263 12.31559 0.0012370133 0 2.9583745 1.26 1.099174 0.090225995 0.9995036 0.013801268 1.5389687 299 14.133237 12.861598 0.00079684594 12.695513 0.0007733573 12.643249 0.0008072617 57.14345 0.9626089 5811.6685 12.798896 13593.841 13.424348 17910.197 13.313275 12370.992 10.079457 40.22328 0.7175733 47.505028 1.0039834 232.4325 2.8085873 329.44626 3.0514567 1112.2278 3.7664819 1801.3629 1.7386272 4792.5347 5.104039 3700.7424 5281.081 d390 1.8542236 1.6869245 -87.73303 3.5 0 3.6404953 1.27 1.099174 0.090225995 0.9694148 0.008721465 1.6200495 297 14.429827 3.5
54150 130.220822978021 -41.85722897715858 18.513721 0.039909422 16.658676 0.0073576993 15.375347 0.0029425707 14.904849 0.002324257 14.575954 0.0024238236 18.197624 0.04397206 18.135626 0.05531899 17.768307 0.04345715 17.40746 0.030557724 16.550255 0.013331845 14.439538 0.0021043532 14.6523 0.0034463129 0 2.5738626 1.53 1.0782943 0.072609365 0.9890901 0.00033975838 1.5399799 159 16.095375 15.146445 0.0024240068 14.96138 0.0025109157 14.908056 0.002842899 7.2568855 0.41686863 428.81836 4.5424323 1583.6433 5.292372 2131.9517 5.5809608 1708.3466 4.9488616 5.0570884 0.32147092 5.113638 0.46076623 17.580978 1.1706462 23.289118 1.2456355 73.18611 1.4551208 384.8182 0.7909737 564.2431 2.1837933 4679.2017 5401.939 d391 1.7668383 1.6385493 -72.09393 3.5 0 2.5440416 1.5 1.0782943 0.072609365 0.99884427 0.00023285001 1.5709865 159 16.613537 3.5
58084 131.5460222685452 -41.9071686150646 15.423889 0.005195724 13.428866 0.0011977869 13.057171 0.00087271567 13.014288 0.0009133657 12.701196 0.0009515768 14.467976 0.0046132915 14.117842 0.00621795 13.597663 0.0037582489 13.471596 0.003342001 13.172459 0.0020157325 12.742433 0.00087381294 12.162129 0.001050716 0 3.626627 1.09 1.091353 0.0837062 0.998853 0.033061992 1.593288 486 14.09669 12.639434 0.0007168447 12.520842 0.00068856665 12.470662 0.0006877988 90.83869 0.5593103 10274.267 11.56574 18478.828 13.330315 20480.252 12.970804 16228.708 10.598273 109.55314 0.53369296 165.63469 1.0420278 603.55035 2.3015733 779.83813 2.596365 1920.3291 3.6153383 2194.5989 1.6995826 5860.6646 5.265619 7405.9272 5071.5225 d392 1.87272 1.7159617 75.07121 3.5 0 3.0144691 1.19 1.091353 0.0837062 0.999046 0.023923656 1.5119686 478 14.243701 3.5
64654 131.26819262941368 -41.84754980216082 14.316079 0.0029484744 14.167603 0.0016990361 13.592359 0.001129726 13.643001 0.001227526 13.04371 0.0011264709 14.095174 0.0038291966 14.029289 0.0059307558 14.009198 0.004586633 13.3323765 0.0031167935 13.62093 0.0024837495 13.103575 0.0010392801 12.784466 0.0014149527 0 2.2073903 1.09 1.0311563 0.030214846 0.93932784 0.017257012 1.5310471 356 14.222745 13.504118 0.001074685 13.349882 0.0010309201 13.295317 0.0010504732 267.82825 0.7643646 7089.761 10.007015 11438.307 10.792094 9582.385 9.268911 8511.777 8.024128 167.81192 0.61371434 193.5707 1.0993768 583.68164 2.275406 963.77734 2.803569 1534.9825 3.2967498 1744.5096 1.5323664 3268.1438 4.0566926 8762.401 5453.3945 d392 1.8163368 1.7614564 75.84279 3.5 0 2.388384 1.19 1.0311563 0.030214846 0.97992736 0.014294296 1.563055 354 14.438813 3.5
66320 131.74781529473267 -41.83040845113983 13.708911 0.0022068836 12.993344 0.0009688503 13.067073 0.0008769122 13.123662 0.00096150674 12.822681 0.0010025013 13.300327 0.002614433 13.310189 0.0042011854 12.745684 0.002487407 12.679981 0.0022811978 12.707434 0.0016137701 12.72504 0.0008674122 12.455621 0.0012013938 0 3.1693525 1.09 1.040328 0.038764715 0.9988405 0.028038891 1.4876319 504 14.109482 12.874353 0.0007998245 12.751922 0.0007693815 12.698183 0.0007709125 444.15573 0.9247592 16247.911 14.027284 19576.75 13.683513 16608.363 11.789682 10239.349 8.667778 326.21912 0.79179186 351.16632 1.3802404 1351.2676 3.11467 1647.2753 3.4687247 2978.694 4.371428 2250.4888 1.7191857 4111.4487 4.4860606 6424.0293 5577.2793 d392 1.8263795 1.7555804 78.520065 3.5 0 3.2609055 1.19 1.040328 0.038764715 0.99905586 0.025980433 1.5648891 504 14.335073 3.5
72844 131.2672786266813 -41.766490033102144 13.795632 0.0022993675 13.100251 0.0010233521 13.115537 0.0009030114 13.129296 0.0009611363 12.901263 0.0010502234 13.327045 0.0026524644 13.219752 0.0040279217 12.770182 0.0025259876 12.725165 0.0023376017 12.793118 0.0016889345 12.816992 0.00091102626 12.519841 0.0012444158 0 2.9544184 1.09 1.0639652 0.06011969 0.99919015 0.022951774 1.4392067 418 14.1396475 12.980466 0.0008404526 12.857402 0.00080965186 12.808857 0.0008153613 402.65427 0.88943195 14589.977 13.387422 17505.377 13.0075035 14998.834 11.261021 9490.896 8.393893 309.66553 0.77495146 374.63614 1.417013 1272.1935 3.0383508 1554.1976 3.3852513 2687.1418 4.1762586 1997.574 1.6283678 3794.2578 4.329127 8770.997 5983.937 d392 1.7842252 1.6769582 85.32777 3.5 0 2.9204319 1.19 1.0639652 0.06011969 0.9967346 0.019785766 1.4831008 419 14.333771 3.5
75970 131.26743178915058 -41.73814447715399 15.0485735 0.004276447 13.3111515 0.001130338 13.016144 0.00086394994 12.986837 0.0009043403 12.620175 0.00092719565 14.834591 0.005551007 14.69229 0.008255652 13.694748 0.0039445604 13.524027 0.0034228307 13.177707 0.002024998 12.581679 0.00081621145 11.935555 0.0010958783 0 4.497021 1.09 1.1427268 0.12490016 0.99617 0.035190403 1.7905397 478 14.126585 12.494622 0.00067013194 12.332278 0.0006293136 12.278321 0.00062535383 128.4748 0.6087049 11665.386 12.183025 22045.213 14.446135 24449.59 14.078862 17769.398 11.040152 79.20248 0.486673 98.561646 0.88851804 552.7954 2.2355003 755.6697 2.5676353 1926.7285 3.6202471 2811.4285 1.9048765 6837.915 5.6544285 8771.695 6169.4795 d392 2.0626302 1.8050073 64.675934 3.5 0 3.7965522 1.19 1.1427268 0.12490016 0.9994806 0.028815333 1.7040389 476 14.237034 3.5
81807 131.59707943215207 -41.68237061443257 13.754896 0.0022576866 13.077201 0.00101128 13.08995 0.0008912594 13.119594 0.0009568501 12.664317 0.0010813449 13.31925 0.0026435095 13.304117 0.004191785 12.797241 0.0025589562 12.744832 0.0023603998 12.810984 0.0017031291 12.797201 0.000901069 12.5458975 0.0012514412 0 2.8996985 1.09 1.0441862 0.042316437 0.9972803 0.023238905 1.4216013 437 14.128775 12.984827 0.00084216794 12.865795 0.00081296853 12.814086 0.0008175443 421.11185 0.90523523 14796.75 13.468773 18078.947 13.197868 14926.776 11.236925 9156.292 8.269311 316.13712 0.7815281 349.03418 1.3765627 1256.9429 3.0235775 1536.1406 3.36899 2680.1426 4.171514 2010.9508 1.6333009 3717.074 4.2902536 7163.0347 6543.9937 d392 1.77665 1.7014685 88.45468 3.5 0 3.0319483 1.19 1.0441862 0.042316437 0.9996912 0.022420416 1.490132 434 14.2919445 3.5
94026 131.6871256310352 -41.55517883534473 13.615031 0.0021118952 12.899413 0.00092974614 13.017422 0.0008619585 13.085799 0.0009505873 12.785472 0.0009861926 13.1168995 0.0023998027 12.98929 0.0036046302 12.532373 0.0022520414 12.484308 0.0020848312 12.579796 0.0015272711 12.677795 0.0008526492 12.422505 0.0011815405 0 3.2687006 1.09 1.0163965 0.016131997 0.9989116 0.025644325 1.5301214 469 14.138845 12.835526 0.0007854732 12.710955 0.0007543375 12.657261 0.0007551597 478.57098 0.9529102 17840.604 14.61391 20800.846 14.067051 17246.297 11.992366 10611.894 8.800314 381.19363 0.8448425 466.10214 1.553277 1610.9716 3.351291 1948.0017 3.723809 3293.119 4.57207 2307.4192 1.7389499 4258.688 4.556858 6725.2686 7378.043 d392 1.803363 1.7742711 -51.728832 3.5 0 3.3411565 1.19 1.0163965 0.016131997 0.999106 0.026531938 1.6251259 469 14.343308 3.5
95641 131.79778439818665 -41.53685898502013 15.701646 0.0060499464 13.632868 0.0013205936 13.043486 0.0008712955 13.017945 0.00091731176 12.721925 0.00095790625 15.492302 0.007813383 15.2844715 0.01120477 14.249948 0.0052206623 13.99702 0.0043291585 13.556417 0.0024288364 12.686739 0.0008567784 99.0 99.0 0 3.457478 1.09 1.0055604 0.005529642 0.99887854 0.024655756 1.5923756 470 14.118102 12.75669 0.0007570765 12.627797 0.00072476134 12.572632 0.0007236876 70.56175 0.53057534 8493.367 10.721743 18121.65 13.212634 18644.361 12.424211 12863.466 9.56107 43.988335 0.42564762 57.225197 0.77891093 336.6028 1.9294947 487.82693 2.2265892 1346.1364 3.1292164 2264.4297 1.7239738 5202.1094 4.9862156 6183.4395 7499.1797 d392 1.7945807 1.7846574 -56.204548 3.5 0 3.210392 1.19 1.0055604 0.005529642 0.9994718 0.020552091 1.556929 466 14.301934 3.5
97115 131.8384936719984 -41.51983945526736 13.712323 0.0022130494 12.98362 0.000970897 13.003085 0.0008567717 13.065951 0.00093403365 12.815321 0.0010030706 13.293264 0.0026133955 13.256776 0.004090798 12.750428 0.0024999047 12.690691 0.002300755 12.747077 0.0016539934 12.738411 0.0008776231 12.514632 0.001234357 0 3.1479304 1.09 1.0227734 0.022266328 0.9988828 0.023806715 1.492118 453 14.176311 12.915405 0.00081532414 12.791182 0.0007841652 12.738162 0.0007866725 439.61884 0.9209859 15970.983 13.922788 19072.848 13.52251 16007.935 11.595766 9735.736 8.485469 326.766 0.792337 367.98782 1.4068925 1326.5461 3.091206 1616.8706 3.4418871 2843.4285 4.282237 2141.543 1.6807387 3883.8354 4.374424 5984.1104 7610.8584 d392 1.7768731 1.7373086 -9.605012 3.5 0 3.0835614 1.19 1.0227734 0.022266328 0.9994108 0.016999843 1.5733246 452 14.324202 3.5
97728 131.76272088840068 -41.51353526988133 13.864955 0.0023816107 13.12345 0.0010343601 13.021685 0.0008635114 13.040478 0.00092721655 12.78631 0.000999402 13.510866 0.0029038407 13.578567 0.0047846744 12.978439 0.002794711 12.963085 0.0026230228 12.877116 0.0017595538 12.760691 0.00088745594 12.446952 0.001202626 0 3.2258399 1.09 1.026408 0.025728524 0.99913883 0.021776829 1.5136527 452 14.09795 12.931438 0.000821455 12.805259 0.0007895008 12.752441 0.0007923718 380.49048 0.8702672 13845.232 13.092454 18389.656 13.300805 15798.785 11.527175 10115.512 8.622991 264.43506 0.7275454 271.311 1.2458973 1063.6832 2.8295617 1250.6779 3.1003103 2508.6738 4.052955 2090.3062 1.6623136 4066.0999 4.463922 6355.5444 7651.537 d392 1.7764488 1.7307434 -12.368571 3.5 0 3.1788318 1.19 1.026408 0.025728524 0.9996218 0.018399816 1.5906029 452 14.295576 3.5
103027 131.1986509380413 -41.445478246584734 13.888436 0.002404595 13.115546 0.001034358 13.051474 0.0008788526 13.056655 0.00092953065 12.595267 0.0010425865 13.508744 0.002891665 13.521684 0.004646229 12.952281 0.002747561 12.910807 0.002549016 12.855971 0.001744401 12.768103 0.00089420535 12.476391 0.0012224123 0 3.0512526 1.09 1.0551332 0.052252352 0.9988802 0.023346877 1.4748698 433 14.14409 12.949723 0.00082848716 12.816098 0.0007936163 12.765622 0.00079769274 370.32117 0.8612515 13934.934 13.128533 18019.596 13.179324 15608.142 11.46455 9860.921 8.530831 265.1518 0.7283228 286.13358 1.2718946 1091.405 2.8582697 1314.8027 3.1627643 2547.0977 4.079913 2050.345 1.6478287 3980.4958 4.4220567 9124.125 8082.4233 d392 1.8004164 1.7063403 81.64367 3.5 0 2.949763 1.19 1.0551332 0.052252352 0.9997753 0.02099307 1.5383664 432 14.240354 3.5
104067 131.0992446391722 -41.4343522861979 14.780846 0.0037322354 13.675433 0.0013509156 13.298905 0.0009983168 13.141388 0.00096989644 12.819954 0.0010208543 14.161825 0.0039651603 13.8139105 0.0053320127 13.524259 0.0036245084 13.462672 0.0033279692 13.469114 0.0023343563 12.903903 0.00095647486 12.63663 0.0013242167 0 2.3212976 1.09 1.0637648 0.059942603 0.9993797 0.0113645345 1.307245 382 14.127114 13.207714 0.000934844 13.085475 0.00090476003 13.036702 0.0009168579 165.13016 0.6532303 8196.022 10.574675 12778.959 11.319626 12159.602 10.26577 9371.606 8.350631 146.96843 0.5863471 221.14177 1.1535182 650.2642 2.360244 794.9576 2.6137075 1457.1731 3.2289171 1767.5947 1.5414298 3388.8604 4.1210165 9612.604 8150.8105 d392 1.7470621 1.6423386 68.38192 3.5 0 2.5295022 1.19 1.0637648 0.059942603 0.99961394 0.010852812 1.3688301 381 14.338687 3.5
112245 131.6406478804122 -41.35428081016188 14.062999 0.0026247601 13.110896 0.0010298166 13.020418 0.0008636067 13.034422 0.0009267313 12.7676115 0.0009843224 13.720543 0.0032106591 13.688887 0.0050445017 13.035963 0.002873995 12.981533 0.0026465557 12.872713 0.001763003 12.734587 0.0008801068 12.481451 0.0012229729 0 3.2436326 1.09 1.0207392 0.020317852 0.9993066 0.021897709 1.5296208 412 14.165005 12.92494 0.00081896473 12.797409 0.0007864954 12.748585 0.00079085416 313.88065 0.809474 13799.333 13.074717 18471.818 13.32813 15855.01 11.546041 10009.509 8.585267 216.50061 0.6735873 243.37892 1.1954882 997.4898 2.7600534 1219.3064 3.0695474 2484.272 4.035947 2117.5457 1.6721752 3969.465 4.416834 6957.465 8692.355 d392 1.7608836 1.7251062 -16.802467 3.5 0 3.2046354 1.19 1.0207392 0.020317852 0.99948496 0.019228477 1.596733 413 14.289506 3.5
116407 131.41923295170616 -41.306886860436144 16.817747 0.011199711 14.283797 0.0018117714 13.067377 0.0008813581 12.9425955 0.0008811163 12.561742 0.0008884906 16.325176 0.012199285 16.138823 0.01760956 15.243144 0.00869774 14.957924 0.007040789 13.930046 0.0029136876 12.691962 0.00086145883 11.890409 0.0009218895 0 4.8852053 1.09 1.1007116 0.091496825 0.9954102 0.032805428 1.7861675 512 14.127764 12.484491 0.0006669776 12.332679 0.00062942633 12.275814 0.0006245827 25.341908 0.46065378 4651.5244 8.62861 16922.785 12.812613 24506.13 14.09402 23414.967 12.527624 20.648575 0.37998918 27.272425 0.68895215 133.69897 1.5902517 202.79202 1.7945112 955.8947 2.7507453 2238.0854 1.7148286 8628.999 6.3052487 8047.2656 8997.487 d392 2.0369663 1.8505903 82.44708 3.5 0 3.2420707 1.19 1.1007116 0.091496825 0.9996271 0.017627288 1.564619 502 14.238426 3.5
24020 133.7799703188263 -43.6339005445634 18.713795 0.035435796 16.414997 0.0061756973 15.544055 0.0032242616 15.014445 0.002471897 14.84464 0.0027961703 18.4869 0.044286925 18.190836 0.04980245 17.196003 0.023538038 17.031242 0.020526268 16.192627 0.010130503 15.216953 0.0031352912 14.887615 0.0039693043 0 1.9674668 1.15 1.2339023 0.1895631 0.986253 -0.00044543276 1.2007319 97 15.734348 15.199098 0.0025128732 15.102063 0.0028703173 15.063952 0.003433104 9.057815 0.53728956 593.96185 6.412969 1502.6462 6.3006644 1905.5435 6.023875 1271.909 5.0319986 4.836644 0.40538785 5.1884923 0.57224566 30.158504 1.5574777 39.67619 1.6737128 116.2372 1.9233074 200.14252 0.79390526 445.8695 2.30223 1019.91614 2673.6526 d407 1.614752 1.3086547 85.4345 3.5 0 2.1563516 1.2 1.2339023 0.1895631 0.9836919 0.0019850726 1.2031788 85 16.261927 3.5
61063 133.006825899353 -43.17706415497383 19.60376 0.07290116 15.685932 0.0039914995 13.488854 0.001121789 12.7509575 0.00080104126 12.316823 0.0007987772 20.20973 0.18013822 19.828749 0.17572725 18.367073 0.053559378 17.579218 0.029165179 15.4365635 0.0065891636 13.089481 0.0010727727 11.603293 0.00078545435 0 4.339788 1.15 1.1113199 0.10016906 0.99200386 0.029462302 1.8500695 496 14.138516 12.515559 0.00067430444 12.325409 0.0006292358 12.261549 0.0006283503 2.0247324 0.5269517 1223.4508 6.909848 9722.912 10.556146 25175.63 14.566405 29046.17 14.0687685 -0.4544123 0.39570132 1.4529525 0.56232935 12.959531 1.5241297 24.997488 1.6462374 234.47186 2.0907855 1429.8689 1.4535002 10744.787 7.072815 4676.6343 5688.576 d407 2.144056 1.929288 -82.56166 3.5 0 2.1538897 1.2 1.1113199 0.10016906 0.88128257 0.002170722 1.3917395 450 14.442428 3.5
