Ha-emitters-disk/Halpha-disk_splus_185r195-Mine_PerField.ecsv
# %ECSV 1.0
# ---
# datatype:
# - {name: NUMBER, datatype: int64}
# - {name: ALPHA, datatype: float64}
# - {name: DELTA, datatype: float64}
# - {name: u, datatype: float64}
# - {name: uerr, datatype: float64}
# - {name: g, datatype: float64}
# - {name: gerr, datatype: float64}
# - {name: r, datatype: float64}
# - {name: rerr, datatype: float64}
# - {name: i, datatype: float64}
# - {name: ierr, datatype: float64}
# - {name: z, datatype: float64}
# - {name: zerr, datatype: float64}
# - {name: F378, datatype: float64}
# - {name: F378err, datatype: float64}
# - {name: F395, datatype: float64}
# - {name: F395err, datatype: float64}
# - {name: F410, datatype: float64}
# - {name: F410err, datatype: float64}
# - {name: F430, datatype: float64}
# - {name: F430err, datatype: float64}
# - {name: F515, datatype: float64}
# - {name: F515err, datatype: float64}
# - {name: F660, datatype: float64}
# - {name: F660err, datatype: float64}
# - {name: F861, datatype: float64}
# - {name: F861err, datatype: float64}
# - {name: flags_i, datatype: int64}
# - {name: fwhm_i, datatype: float64}
# - {name: fwhm_psf_i, datatype: float64}
# - {name: ellog_i, datatype: float64}
# - {name: ellip_i, datatype: float64}
# - {name: class_i, datatype: float64}
# - {name: spread_i, datatype: float64}
# - {name: flux_radius_i, datatype: float64}
# - {name: area_i, datatype: int64}
# - {name: mumax_i, datatype: float64}
# - {name: mag_aper2_i, datatype: float64}
# - {name: magerr_apper2_i, datatype: float64}
# - {name: mag_aper4_i, datatype: float64}
# - {name: magerr_apper4_i, datatype: float64}
# - {name: mag_aper6_i, datatype: float64}
# - {name: magerr_apper6_i, datatype: float64}
# - {name: flux_aper6_u, datatype: float64}
# - {name: fluxerr_aper6_u, datatype: float64}
# - {name: flux_aper6_g, datatype: float64}
# - {name: fluxerr_aper6_g, datatype: float64}
# - {name: flux_aper6_r, datatype: float64}
# - {name: fluxerr_aper6_r, datatype: float64}
# - {name: flux_aper6_i, datatype: float64}
# - {name: fluxerr_aper6_i, datatype: float64}
# - {name: flux_aper6_z, datatype: float64}
# - {name: fluxerr_aper6_z, datatype: float64}
# - {name: flux_aper6_F378, datatype: float64}
# - {name: fluxerr_aper6_F378, datatype: float64}
# - {name: flux_aper6_F395, datatype: float64}
# - {name: fluxerr_aper6_F395, datatype: float64}
# - {name: flux_aper6_F410, datatype: float64}
# - {name: fluxerr_aper6_F410, datatype: float64}
# - {name: flux_aper6_F430, datatype: float64}
# - {name: fluxerr_aper6_F430, datatype: float64}
# - {name: flux_aper6_F515, datatype: float64}
# - {name: fluxerr_aper6_F515, datatype: float64}
# - {name: flux_aper6_F660, datatype: float64}
# - {name: fluxerr_aper6_F660, datatype: float64}
# - {name: flux_aper6_F861, datatype: float64}
# - {name: fluxerr_aper6_F861, datatype: float64}
# - {name: x, datatype: float64}
# - {name: y, datatype: float64}
# - {name: field, datatype: string}
# - {name: a_image, datatype: float64}
# - {name: b_image, datatype: float64}
# - {name: theta_image, datatype: float64}
# - {name: kron_radius_i, datatype: float64}
# - {name: flags_r, datatype: int64}
# - {name: fwhm_r, datatype: float64}
# - {name: fwhm_psf_r, datatype: float64}
# - {name: ellog_r, datatype: float64}
# - {name: ellip_r, datatype: float64}
# - {name: class_r, datatype: float64}
# - {name: spread_r, datatype: float64}
# - {name: flux_radius_r, datatype: float64}
# - {name: area_r, datatype: int64}
# - {name: mumax_r, datatype: float64}
# - {name: kron_radius_r, datatype: float64}
# schema: astropy-2.0
NUMBER ALPHA DELTA u uerr g gerr r rerr i ierr z zerr F378 F378err F395 F395err F410 F410err F430 F430err F515 F515err F660 F660err F861 F861err flags_i fwhm_i fwhm_psf_i ellog_i ellip_i class_i spread_i flux_radius_i area_i mumax_i mag_aper2_i magerr_apper2_i mag_aper4_i magerr_apper4_i mag_aper6_i magerr_apper6_i flux_aper6_u fluxerr_aper6_u flux_aper6_g fluxerr_aper6_g flux_aper6_r fluxerr_aper6_r flux_aper6_i fluxerr_aper6_i flux_aper6_z fluxerr_aper6_z flux_aper6_F378 fluxerr_aper6_F378 flux_aper6_F395 fluxerr_aper6_F395 flux_aper6_F410 fluxerr_aper6_F410 flux_aper6_F430 fluxerr_aper6_F430 flux_aper6_F515 fluxerr_aper6_F515 flux_aper6_F660 fluxerr_aper6_F660 flux_aper6_F861 fluxerr_aper6_F861 x y field a_image b_image theta_image kron_radius_i flags_r fwhm_r fwhm_psf_r ellog_r ellip_r class_r spread_r flux_radius_r area_r mumax_r kron_radius_r
[from data line 459]
172668 124.0024568907128 -36.14325907770359 21.353395 0.39534143 21.071983 0.15013994 19.493101 0.039908938 19.177122 0.034004483 18.44335 0.030030044 20.543861 0.23858373 99.0 99.0 99.0 99.0 20.485628 1.422605 20.657513 0.28276512 18.091888 0.020622171 18.774323 0.04835768 0 3.0540204 1.09 1.1457387 0.12720066 0.9650526 0.012250848 1.5889462 25 20.100592 19.078016 0.03331351 18.225504 0.027522614 17.555338 0.021763762 2.457517 0.17082398 39.31219 1.4563605 150.20874 1.7557584 82.61607 1.6556507 73.64313 1.6240829 1.6781603 0.14509779 0.71008986 0.28170776 3.3378925 0.5170166 3.6931686 0.5444009 5.933937 0.56049055 73.85182 0.34964773 18.980524 0.7536334 2729.6748 6927.6284 d324 1.1904851 1.0390546 -83.13482 3.5 0 5.4272237 1.33 1.1457387 0.12720066 0.9599998 0.020352468 2.2400162 25 20.998705 3.5
172757 123.78800125172025 -36.14302823179232 20.505184 0.13753931 20.381063 0.08545559 19.323269 0.034828063 18.602348 0.023306089 18.01724 0.02261826 20.47394 0.22261067 20.282534 0.42450655 99.0 99.0 99.0 99.0 20.109226 0.1756139 18.062891 0.020044131 18.077456 0.030806333 0 1.8869267 1.09 1.0836687 0.0772087 0.97955066 0.00011318937 1.2176989 27 19.201189 18.7667 0.026577951 18.678236 0.03985077 18.685997 0.05688961 0.40313447 0.16118628 5.549611 1.3275776 17.910578 1.3889995 29.160885 1.5275794 28.330864 1.5337328 0.35244668 0.13755096 0.60215586 0.28060284 0.89227223 0.502421 -0.24119127 0.52282864 1.3814915 0.5363572 6.435372 0.20353185 9.04864 0.7238111 3863.2659 6934.0054 d324 1.2948619 1.1948873 24.079615 3.5 0 2.7164922 1.33 1.0836687 0.0772087 0.97715265 -0.0004311777 1.3683001 25 20.375875 3.5
176984 123.8665008851278 -36.11382119448596 20.842402 0.17852762 20.337135 0.082276165 19.364012 0.035789188 18.306381 0.018991753 17.642216 0.018103058 21.5304 0.5349107 19.93976 0.31885296 20.542494 0.5155086 20.45075 0.32008332 20.416353 0.22583793 18.628225 0.028247293 17.8228 0.026437458 0 1.9639853 1.09 1.0340396 0.03291899 0.99982125 -0.0002808962 1.1558542 30 19.157421 18.428547 0.021077042 18.32338 0.029806236 18.31015 0.041052207 0.07477617 0.15975341 3.8083823 1.3217748 16.45007 1.3855305 41.22304 1.5582844 37.99154 1.5543671 0.11502147 0.13629472 0.1882216 0.27755722 0.09984761 0.49818167 0.7204983 0.5274598 -0.46605563 0.5294253 2.510527 0.19178541 11.169332 0.73072165 3447.557 7123.6924 d324 1.2907218 1.2482325 42.437153 3.5 0 2.4394505 1.33 1.0340396 0.03291899 0.9898115 -0.00048763314 1.3102171 27 20.53143 3.5
181992 122.690811961143 -36.07528659789771 99.0 99.0 20.806744 0.115328535 18.76168 0.024125589 17.634819 0.013334648 16.749582 0.010772405 99.0 99.0 99.0 99.0 21.949066 1.4145244 20.694273 0.38385296 20.004114 0.15270314 18.09142 0.01988095 16.851717 0.01530396 0 1.9159367 1.09 1.1170276 0.104767025 0.9828787 0.0011079772 1.2211493 47 18.39232 17.813099 0.0142169725 17.690527 0.018178869 17.675886 0.024029812 0.10928926 0.15995649 4.573539 1.3251209 36.561012 1.447532 73.93417 1.6359339 102.60677 1.6787115 0.04510063 0.13592 0.81703025 0.28258878 0.18554552 0.49880528 0.68024164 0.5273496 1.2783327 0.53638405 6.8757663 0.20500514 32.23388 0.79100585 9666.537 7363.166 d324 1.471442 1.3172834 31.40886 3.5 0 2.3486094 1.33 1.1170276 0.104767025 0.9801729 0.00084250694 1.4577082 39 19.764639 3.5
207473 123.39115954784626 -35.90648041850844 17.261126 0.01878237 19.690695 0.062163044 19.245216 0.03586638 18.90267 0.029074538 18.356268 0.028811017 99.0 99.0 99.0 99.0 19.599062 0.20867515 19.622066 0.18888023 19.09142 0.08566313 18.31509 0.02307965 18.494644 0.041268166 0 2.185422 1.09 1.1142194 0.10251069 0.9648857 0.0055677956 1.3708036 33 19.682283 18.992477 0.031284 18.654068 0.03905161 18.345037 0.042292193 49.178516 0.31754988 109.499565 1.6905626 113.562355 1.6620648 39.919476 1.5545876 14.766645 1.5067234 2.6483402 0.15023877 2.6397665 0.296355 8.535323 0.54562074 11.467807 0.5860826 19.339973 0.62472355 38.01002 0.281573 3.5763376 0.7075222 5962.296 8484.778 d324 1.3077978 1.1737345 -31.730888 3.5 0 5.559669 1.33 1.1142194 0.10251069 0.96960884 0.03600705 1.9900372 34 20.736504 3.5
207780 123.3568630607782 -35.90708195872921 18.571644 0.047947913 19.78045 0.079904236 18.954193 0.03304529 19.158 0.035458997 18.274338 0.027210632 19.255074 0.10494064 18.512566 0.11637339 18.680208 0.09261184 18.40437 0.076370664 19.479242 0.12385154 18.150023 0.022453815 18.455452 0.039757833 0 2.1455076 1.09 1.0758016 0.07046062 0.96169704 0.0012897011 0.948035 15 19.757015 19.449083 0.04423162 20.841524 0.26720193 99.0 99.0 18.391342 0.23156661 117.4349 1.7154741 232.272 1.9482694 -14.169644 1.45497 55.656147 1.5892386 7.1190033 0.17222825 11.520486 0.35662806 33.09581 0.6653083 43.558346 0.7343484 17.867517 0.61814964 47.42114 0.30097237 9.702836 0.7263494 6144.125 8480.646 d324 1.0860776 1.0095519 -21.88682 3.5 0 6.246701 1.33 1.0758016 0.07046062 0.96024424 0.023038564 1.7930819 22 20.484585 3.5
239434 124.03726678258612 -35.64980029758932 20.2412 0.102715865 19.773134 0.053813998 19.170975 0.030903691 18.779547 0.025747478 18.407837 0.028454084 19.547287 0.098924324 18.627472 0.109655924 18.797918 0.084955096 19.301138 0.119077355 19.088316 0.07624616 18.611769 0.027024152 18.448212 0.03873029 0 2.2793045 1.09 1.1180171 0.10555929 0.96443313 0.0014331962 1.3845241 31 19.608673 18.8865 0.028947415 18.567518 0.036349244 18.260654 0.03931578 4.551938 0.17987286 36.550823 1.4454217 56.355083 1.5046798 43.14575 1.5619785 39.3017 1.5559897 3.6659305 0.1554697 8.352701 0.3362414 17.53858 0.59211814 18.946074 0.623613 15.948735 0.6089158 18.800842 0.23717001 16.370415 0.7455614 2526.9836 10156.795 d324 1.3053503 1.1675584 26.082596 3.5 0 2.9349957 1.33 1.1180171 0.10555929 0.80800277 0.0041596172 1.7460088 33 20.439709 3.5
242058 123.93556005443196 -35.657827547817504 99.0 99.0 20.87335 0.12326066 19.4861 0.03869317 18.691648 0.024331808 18.160938 0.024454292 99.0 99.0 99.0 99.0 99.0 99.0 20.774786 0.41379896 99.0 99.0 18.799921 0.031245744 18.160023 0.03219801 0 2.091509 1.09 1.1112089 0.10007924 0.9797399 0.0002926912 1.26682 29 19.373995 18.843431 0.028100278 18.771717 0.043103013 19.012735 0.07597743 -0.34510863 0.15939394 0.36555782 1.3079976 10.32078 1.366168 21.582703 1.5099431 21.2062 1.5204903 -0.18966481 0.13562517 -0.57099545 0.27605274 0.10437436 0.49820843 0.12091554 0.5239847 -0.90362346 0.5294253 1.4280758 0.18837428 8.063432 0.72143024 3068.2524 10107.041 d324 1.4037021 1.2632207 42.869232 0.0 0 2.5805287 1.33 1.1112089 0.10007924 0.96916986 -0.0021735427 1.3493156 23 20.45639 3.5
248260 124.26784111104854 -35.686301541494934 99.0 99.0 20.87708 0.11669984 19.15673 0.030134127 18.319048 0.019623423 17.719646 0.018557645 99.0 99.0 99.0 99.0 99.0 99.0 20.974861 0.8848204 20.665821 0.26437652 18.477858 0.024633633 17.873844 0.027706856 0 2.16473 1.09 1.1041667 0.09433973 0.9832403 0.0008152473 1.2617192 35 19.061474 18.469898 0.021643607 18.292381 0.029054996 18.222683 0.03806497 0.3211681 0.16087018 6.51081 1.3319861 36.842236 1.447605 44.68141 1.5661112 45.77792 1.5692879 0.2320805 0.13692 1.6574407 0.28892812 1.4715393 0.5060376 0.8401272 0.5279467 -0.25920412 0.5292173 15.639158 0.22909203 10.6891985 0.7290315 1302.3799 9909.422 d324 1.389055 1.2580119 46.779808 3.5 0 2.6327806 1.33 1.1041667 0.09433973 0.97048 0.001583801 1.7552377 38 20.143673 3.5
38235 123.3908947194662 -36.88671902769732 99.0 99.0 20.720545 0.105397545 19.383398 0.035837714 18.71032 0.024602877 18.250193 0.02566256 99.0 99.0 99.0 99.0 20.88435 0.46685612 99.0 99.0 20.165394 0.17112316 17.230648 0.034464464 18.4244 0.037572704 0 1.8109769 1.09 1.1446584 0.12637693 0.9767068 -0.00050320546 1.1446947 28 19.402645 18.86691 0.02862192 18.741714 0.04206907 18.737984 0.05962038 -0.03275597 0.15946905 -0.670173 1.3071419 15.219067 1.3822696 27.797556 1.5260596 17.150698 1.512871 0.0868599 0.13619478 -0.46457362 0.27618286 1.4519601 0.50634634 0.19462456 0.5246592 0.54605234 0.5326041 13.6495 0.22395965 5.322112 0.71344984 5957.8994 2068.509 d324 1.3053507 1.1403844 14.002273 3.5 0 2.5329406 1.33 1.1446584 0.12637693 0.9809737 -0.0012295876 1.2559397 22 20.356966 3.5
105328 123.5139677877356 -36.54657462662159 99.0 99.0 20.017517 0.06361307 18.85933 0.025110848 18.01974 0.016421419 17.460531 0.015962977 22.005798 0.7998071 99.0 99.0 20.631224 0.388871 99.0 99.0 19.665937 0.12063837 18.121555 0.02004813 17.510546 0.021818725 0 1.9060395 1.09 1.0448412 0.042916775 0.98047036 0.0016543849 1.2024459 33 18.778728 18.170977 0.017792024 18.093386 0.024791144 18.050299 0.032871906 -0.1447767 0.15940645 9.619104 1.3448073 28.788328 1.4238068 52.369766 1.5851694 45.08812 1.5685787 -0.145557 0.13563582 -0.08804169 0.27607444 0.7115613 0.50182545 0.7680518 0.52777517 1.7934475 0.5390317 5.937181 0.20221788 16.526402 0.7465268 5312.736 4295.175 d324 1.3456415 1.2878909 57.645977 3.5 0 2.7749996 1.33 1.0448412 0.042916775 0.9588307 0.004985709 1.4544067 33 19.925793 3.5
108634 122.60516910051224 -36.52492379724311 20.809368 0.1642346 20.01633 0.063048415 19.101274 0.029651048 17.983866 0.0161386 17.314577 0.014609347 20.923344 0.3043682 99.0 99.0 99.0 99.0 20.77805 0.39756194 20.328987 0.191798 18.426477 0.024337897 17.444479 0.021060197 0 1.8164852 1.09 1.0963532 0.0878852 0.9817923 -0.0016088762 1.1804855 34 18.399647 18.16726 0.017744454 18.076582 0.024489662 18.08819 0.033954136 0.24375513 0.1606125 7.1310983 1.3353384 22.6695 1.4053023 50.57363 1.5812007 55.642475 1.589643 0.13555533 0.13645627 -0.385284 0.2761395 -0.018987661 0.4977471 1.338332 0.5311789 0.58561975 0.532733 4.1831546 0.1969941 17.896955 0.7506563 10093.073 4416.099 d324 1.3041768 1.189559 63.015022 3.5 0 2.2502892 1.33 1.0963532 0.0878852 0.9701265 0.00051777763 1.2812208 28 19.938848 3.5
143711 123.47568129401606 -36.330421043104266 99.0 99.0 99.0 99.0 19.495207 0.041204926 18.92868 0.029456714 18.673931 0.035265062 99.0 99.0 99.0 99.0 99.0 99.0 99.0 99.0 99.0 99.0 18.78523 0.031416584 18.80565 0.04919782 0 2.0207372 1.09 1.0151396 0.014913797 0.94368607 0.0031313624 1.329967 18 19.569113 19.029657 0.03214752 18.67059 0.039609134 18.498552 0.048333377 -31.733788 0.15940645 -146.06557 1.3066288 36.662743 1.4476447 34.656044 1.5423974 -0.75016737 1.4766965 -12.314477 0.13563582 -12.199185 0.27607444 -28.954792 0.49762985 -25.862795 0.5233222 -11.604418 0.5294669 17.750008 0.23461412 -0.045742255 0.6967849 5514.102 5710.037 d324 1.080869 1.0647491 5.6769223 0.0 0 2.8895092 1.33 1.0151396 0.014913797 0.71718913 0.030937998 1.6145318 23 20.439522 3.5
151512 123.68377251773308 -36.28235835999716 99.0 99.0 19.633982 0.05020774 18.766052 0.024308955 18.288221 0.019392591 18.044493 0.022980437 99.0 99.0 99.0 99.0 99.0 99.0 20.43464 0.63390386 19.563932 0.11349532 17.926384 0.018452965 18.169973 0.03251595 0 1.9878088 1.09 1.0654607 0.06143886 0.9818494 0.0009074187 1.1763176 34 19.02065 18.463257 0.021589417 18.33987 0.030210244 18.204092 0.037480954 0.11577713 0.15997513 13.949978 1.3617457 33.73691 1.4389305 45.45301 1.5687128 36.41085 1.5514293 0.113705836 0.13630828 -0.5493454 0.2760961 -0.75966614 0.49766892 0.22143528 0.52465093 0.4469165 0.53190786 8.789707 0.21051055 10.027643 0.7274249 4416.143 6023.479 d324 1.3032724 1.2232008 11.767671 3.5 0 2.5124507 1.33 1.0654607 0.06143886 0.98178357 9.185887e-05 1.4391016 33 19.78584 3.5
168357 123.5962664957221 -36.17345080933925 99.0 99.0 20.805634 0.11821361 19.139275 0.030597152 18.132067 0.01760544 17.437082 0.015835635 99.0 99.0 99.0 99.0 99.0 99.0 99.0 99.0 21.242659 0.44594282 18.095242 0.020136159 17.627552 0.023499882 0 1.8637527 1.09 1.0633998 0.059619904 0.97857434 -0.00012774089 1.2675841 37 18.70998 18.299282 0.01931882 18.135672 0.025620528 18.106504 0.034469217 -0.11210273 0.15934384 7.601545 1.3363882 25.568947 1.4134514 49.727654 1.5783364 52.048695 1.5817465 -0.19562049 0.13558255 -0.103945255 0.275966 0.54944813 0.5006784 -0.16627194 0.5231166 0.40605474 0.5314404 6.468827 0.20372148 15.969402 0.74464834 4876.9883 6737.1045 d324 1.3407583 1.2608224 10.49482 0.0 0 2.7263436 1.33 1.0633998 0.059619904 0.97872597 0.0010743535 1.4894958 33 20.207527 3.5
172668 124.0024568907128 -36.14325907770359 21.353395 0.39534143 21.071983 0.15013994 19.493101 0.039908938 19.177122 0.034004483 18.44335 0.030030044 20.543861 0.23858373 99.0 99.0 99.0 99.0 20.485628 1.422605 20.657513 0.28276512 18.091888 0.020622171 18.774323 0.04835768 0 3.0540204 1.09 1.1457387 0.12720066 0.9650526 0.012250848 1.5889462 25 20.100592 19.078016 0.03331351 18.225504 0.027522614 17.555338 0.021763762 2.457517 0.17082398 39.31219 1.4563605 150.20874 1.7557584 82.61607 1.6556507 73.64313 1.6240829 1.6781603 0.14509779 0.71008986 0.28170776 3.3378925 0.5170166 3.6931686 0.5444009 5.933937 0.56049055 73.85182 0.34964773 18.980524 0.7536334 2729.6748 6927.6284 d324 1.1904851 1.0390546 -83.13482 3.5 0 5.4272237 1.33 1.1457387 0.12720066 0.9599998 0.020352468 2.2400162 25 20.998705 3.5
172757 123.78800125172025 -36.14302823179232 20.505184 0.13753931 20.381063 0.08545559 19.323269 0.034828063 18.602348 0.023306089 18.01724 0.02261826 20.47394 0.22261067 20.282534 0.42450655 99.0 99.0 99.0 99.0 20.109226 0.1756139 18.062891 0.020044131 18.077456 0.030806333 0 1.8869267 1.09 1.0836687 0.0772087 0.97955066 0.00011318937 1.2176989 27 19.201189 18.7667 0.026577951 18.678236 0.03985077 18.685997 0.05688961 0.40313447 0.16118628 5.549611 1.3275776 17.910578 1.3889995 29.160885 1.5275794 28.330864 1.5337328 0.35244668 0.13755096 0.60215586 0.28060284 0.89227223 0.502421 -0.24119127 0.52282864 1.3814915 0.5363572 6.435372 0.20353185 9.04864 0.7238111 3863.2659 6934.0054 d324 1.2948619 1.1948873 24.079615 3.5 0 2.7164922 1.33 1.0836687 0.0772087 0.97715265 -0.0004311777 1.3683001 25 20.375875 3.5
176984 123.8665008851278 -36.11382119448596 20.842402 0.17852762 20.337135 0.082276165 19.364012 0.035789188 18.306381 0.018991753 17.642216 0.018103058 21.5304 0.5349107 19.93976 0.31885296 20.542494 0.5155086 20.45075 0.32008332 20.416353 0.22583793 18.628225 0.028247293 17.8228 0.026437458 0 1.9639853 1.09 1.0340396 0.03291899 0.99982125 -0.0002808962 1.1558542 30 19.157421 18.428547 0.021077042 18.32338 0.029806236 18.31015 0.041052207 0.07477617 0.15975341 3.8083823 1.3217748 16.45007 1.3855305 41.22304 1.5582844 37.99154 1.5543671 0.11502147 0.13629472 0.1882216 0.27755722 0.09984761 0.49818167 0.7204983 0.5274598 -0.46605563 0.5294253 2.510527 0.19178541 11.169332 0.73072165 3447.557 7123.6924 d324 1.2907218 1.2482325 42.437153 3.5 0 2.4394505 1.33 1.0340396 0.03291899 0.9898115 -0.00048763314 1.3102171 27 20.53143 3.5
181992 122.690811961143 -36.07528659789771 99.0 99.0 20.806744 0.115328535 18.76168 0.024125589 17.634819 0.013334648 16.749582 0.010772405 99.0 99.0 99.0 99.0 21.949066 1.4145244 20.694273 0.38385296 20.004114 0.15270314 18.09142 0.01988095 16.851717 0.01530396 0 1.9159367 1.09 1.1170276 0.104767025 0.9828787 0.0011079772 1.2211493 47 18.39232 17.813099 0.0142169725 17.690527 0.018178869 17.675886 0.024029812 0.10928926 0.15995649 4.573539 1.3251209 36.561012 1.447532 73.93417 1.6359339 102.60677 1.6787115 0.04510063 0.13592 0.81703025 0.28258878 0.18554552 0.49880528 0.68024164 0.5273496 1.2783327 0.53638405 6.8757663 0.20500514 32.23388 0.79100585 9666.537 7363.166 d324 1.471442 1.3172834 31.40886 3.5 0 2.3486094 1.33 1.1170276 0.104767025 0.9801729 0.00084250694 1.4577082 39 19.764639 3.5
