Ha-emitters-disk/Halpha-disk_splus_175r185-Mine_PerField.ecsv
# %ECSV 1.0
# ---
# datatype:
# - {name: NUMBER, datatype: int64}
# - {name: ALPHA, datatype: float64}
# - {name: DELTA, datatype: float64}
# - {name: u, datatype: float64}
# - {name: uerr, datatype: float64}
# - {name: g, datatype: float64}
# - {name: gerr, datatype: float64}
# - {name: r, datatype: float64}
# - {name: rerr, datatype: float64}
# - {name: i, datatype: float64}
# - {name: ierr, datatype: float64}
# - {name: z, datatype: float64}
# - {name: zerr, datatype: float64}
# - {name: F378, datatype: float64}
# - {name: F378err, datatype: float64}
# - {name: F395, datatype: float64}
# - {name: F395err, datatype: float64}
# - {name: F410, datatype: float64}
# - {name: F410err, datatype: float64}
# - {name: F430, datatype: float64}
# - {name: F430err, datatype: float64}
# - {name: F515, datatype: float64}
# - {name: F515err, datatype: float64}
# - {name: F660, datatype: float64}
# - {name: F660err, datatype: float64}
# - {name: F861, datatype: float64}
# - {name: F861err, datatype: float64}
# - {name: flags_i, datatype: int64}
# - {name: fwhm_i, datatype: float64}
# - {name: fwhm_psf_i, datatype: float64}
# - {name: ellog_i, datatype: float64}
# - {name: ellip_i, datatype: float64}
# - {name: class_i, datatype: float64}
# - {name: spread_i, datatype: float64}
# - {name: flux_radius_i, datatype: float64}
# - {name: area_i, datatype: int64}
# - {name: mumax_i, datatype: float64}
# - {name: mag_aper2_i, datatype: float64}
# - {name: magerr_apper2_i, datatype: float64}
# - {name: mag_aper4_i, datatype: float64}
# - {name: magerr_apper4_i, datatype: float64}
# - {name: mag_aper6_i, datatype: float64}
# - {name: magerr_apper6_i, datatype: float64}
# - {name: flux_aper6_u, datatype: float64}
# - {name: fluxerr_aper6_u, datatype: float64}
# - {name: flux_aper6_g, datatype: float64}
# - {name: fluxerr_aper6_g, datatype: float64}
# - {name: flux_aper6_r, datatype: float64}
# - {name: fluxerr_aper6_r, datatype: float64}
# - {name: flux_aper6_i, datatype: float64}
# - {name: fluxerr_aper6_i, datatype: float64}
# - {name: flux_aper6_z, datatype: float64}
# - {name: fluxerr_aper6_z, datatype: float64}
# - {name: flux_aper6_F378, datatype: float64}
# - {name: fluxerr_aper6_F378, datatype: float64}
# - {name: flux_aper6_F395, datatype: float64}
# - {name: fluxerr_aper6_F395, datatype: float64}
# - {name: flux_aper6_F410, datatype: float64}
# - {name: fluxerr_aper6_F410, datatype: float64}
# - {name: flux_aper6_F430, datatype: float64}
# - {name: fluxerr_aper6_F430, datatype: float64}
# - {name: flux_aper6_F515, datatype: float64}
# - {name: fluxerr_aper6_F515, datatype: float64}
# - {name: flux_aper6_F660, datatype: float64}
# - {name: fluxerr_aper6_F660, datatype: float64}
# - {name: flux_aper6_F861, datatype: float64}
# - {name: fluxerr_aper6_F861, datatype: float64}
# - {name: x, datatype: float64}
# - {name: y, datatype: float64}
# - {name: field, datatype: string}
# - {name: a_image, datatype: float64}
# - {name: b_image, datatype: float64}
# - {name: theta_image, datatype: float64}
# - {name: kron_radius_i, datatype: float64}
# - {name: flags_r, datatype: int64}
# - {name: fwhm_r, datatype: float64}
# - {name: fwhm_psf_r, datatype: float64}
# - {name: ellog_r, datatype: float64}
# - {name: ellip_r, datatype: float64}
# - {name: class_r, datatype: float64}
# - {name: spread_r, datatype: float64}
# - {name: flux_radius_r, datatype: float64}
# - {name: area_r, datatype: int64}
# - {name: mumax_r, datatype: float64}
# - {name: kron_radius_r, datatype: float64}
# schema: astropy-2.0
NUMBER ALPHA DELTA u uerr g gerr r rerr i ierr z zerr F378 F378err F395 F395err F410 F410err F430 F430err F515 F515err F660 F660err F861 F861err flags_i fwhm_i fwhm_psf_i ellog_i ellip_i class_i spread_i flux_radius_i area_i mumax_i mag_aper2_i magerr_apper2_i mag_aper4_i magerr_apper4_i mag_aper6_i magerr_apper6_i flux_aper6_u fluxerr_aper6_u flux_aper6_g fluxerr_aper6_g flux_aper6_r fluxerr_aper6_r flux_aper6_i fluxerr_aper6_i flux_aper6_z fluxerr_aper6_z flux_aper6_F378 fluxerr_aper6_F378 flux_aper6_F395 fluxerr_aper6_F395 flux_aper6_F410 fluxerr_aper6_F410 flux_aper6_F430 fluxerr_aper6_F430 flux_aper6_F515 fluxerr_aper6_F515 flux_aper6_F660 fluxerr_aper6_F660 flux_aper6_F861 fluxerr_aper6_F861 x y field a_image b_image theta_image kron_radius_i flags_r fwhm_r fwhm_psf_r ellog_r ellip_r class_r spread_r flux_radius_r area_r mumax_r kron_radius_r
[from data line 59]
67342 108.53202591085136 -11.31581513368933 21.060154 1.407097 19.56083 0.030856961 18.226723 0.011963617 17.025618 0.0067462106 16.470495 0.0067073903 99.0 99.0 99.0 99.0 21.055061 0.35734618 20.42137 0.18707876 19.353636 0.058267616 17.478552 0.0102172205 16.54484 0.009298347 0 1.9853221 1.15 1.0409081 0.039300323 0.98718995 0.00019903218 1.2316203 60 17.9443 17.234581 0.00728043 17.106192 0.009566721 17.05802 0.012483994 -0.06297169 0.21551342 34.06052 2.2013335 121.47206 2.615351 314.18976 3.6117337 301.9338 4.0409822 0.2720145 0.1854833 -0.022347955 0.30744684 1.0387608 0.6952577 2.0240195 0.7483582 6.254877 0.8020662 25.05922 0.39042085 93.41432 1.5966692 2085.7512 5455.6533 d037 1.4043185 1.3491282 -88.51516 3.5 0 2.1879466 1.29 1.0409081 0.039300323 0.9883219 -0.00045194823 1.3805455 48 19.224466 3.5
71356 108.09566057699298 -11.27368779056122 19.698378 0.05659462 18.883158 0.020012412 17.639288 0.008554959 16.807993 0.0059768353 16.097998 0.0054034865 19.551779 0.07679962 19.140928 0.08543136 19.567257 0.10634456 19.415073 0.08574287 18.659653 0.03663998 16.683846 0.0064240065 16.026154 0.0069360174 0 1.9986346 1.15 1.0382574 0.03684765 0.99977654 -0.00048479554 1.2552904 74 17.652159 17.015575 0.006349507 16.863441 0.007954394 16.806696 0.010132558 2.1963942 0.22312975 66.45702 2.2767334 224.19135 2.780153 396.02402 3.694969 431.83456 4.13788 1.3966074 0.1901503 2.3413622 0.31847498 2.2949383 0.70025474 5.1075864 0.7604881 12.102722 0.82223624 52.737305 0.43112785 156.37262 1.6795557 4886.439 5734.4067 d037 1.4464618 1.3931631 48.99791 3.5 0 2.293746 1.29 1.0382574 0.03684765 0.9830327 0.00023775661 1.459173 65 18.66454 3.5
72263 108.10962120149388 -11.264070384784649 20.103048 0.077104226 19.17426 0.024198873 18.14761 0.01147394 17.23964 0.0076673026 16.616728 0.0073382105 19.713572 0.08736473 19.84078 0.1502593 19.772467 0.12639 19.682625 0.106319085 19.017462 0.046719395 17.406136 0.009709402 16.761269 0.010489221 0 1.9678115 1.15 1.0535464 0.050825 0.9945676 0.0002720543 1.2950466 61 18.089912 17.449306 0.008346536 17.30235 0.011144422 17.26572 0.014865614 1.8413551 0.221851 46.4064 2.2293065 137.16016 2.6397953 259.4849 3.5519354 263.12762 4.0085244 1.2404308 0.18945505 1.1964777 0.31299016 3.9710307 0.7071327 3.143324 0.7523937 8.860669 0.8107434 26.597761 0.3925827 77.79676 1.5743116 4796.8 5797.3257 d037 1.4270926 1.3545606 65.486305 3.5 0 2.4254293 1.29 1.0535464 0.050825 0.9802189 0.0010160573 1.4516101 52 19.219582 3.5
132187 108.30070972460038 -10.600814666123272 99.0 99.0 99.0 99.0 18.07514 0.011423871 17.976164 0.012261926 15.987556 0.0051248227 99.0 99.0 99.0 99.0 19.400036 0.54874516 20.116566 0.1471659 99.0 99.0 16.790648 0.0069819875 16.050861 0.0071598943 0 3.1904054 1.15 1.1882735 0.15844297 0.9855071 -0.010382737 1.6176872 40 18.297829 18.070503 0.012797452 17.82626 0.017056096 17.7141 0.021881772 -0.04315989 0.21551342 20.823015 2.169372 268.27213 2.8493207 171.69603 3.4594967 495.55096 4.187015 -0.11107967 0.18431571 0.8014758 0.31131488 5.2812896 0.7130601 8.168951 0.77300817 7.3277373 0.8058697 45.966053 0.42163563 153.2449 1.6761078 3565.6465 10138.069 d037 1.6498615 1.3884525 3.4865716 0.0 0 2.1301522 1.29 1.1882735 0.15844297 0.98120874 0.011616919 1.0801189 43 17.79274 3.5
134755 108.39744759635596 -10.600181569946 99.0 99.0 99.0 99.0 18.470705 0.014393673 18.088766 0.013138366 17.257242 0.011165214 99.0 99.0 99.0 99.0 99.0 99.0 20.467264 0.19851808 19.911108 0.14626667 17.898542 0.01325063 17.32717 0.015035484 0 2.2742429 1.15 1.123637 0.11003286 0.98545486 -0.007916128 1.2501924 33 18.520224 18.24363 0.014496542 18.109064 0.021604009 18.064175 0.029750595 -0.09109166 0.2154965 15.421612 2.156031 114.40407 2.6033812 124.37422 3.407189 144.833 3.9182045 -0.055545963 0.18430123 1.2074585 0.3132323 5.5964694 0.71431243 8.8894825 0.77579176 5.4338107 0.79908335 19.883266 0.38227445 48.740406 1.5345657 2943.1848 10141.517 d037 1.5304209 1.3620243 -15.119453 0.0 0 2.3608642 1.29 1.123637 0.11003286 0.9910423 -0.0025000847 1.1863024 36 19.080814 3.5
41099 109.51931544045796 -11.583037817861822 20.20145 0.06336373 18.490526 0.01677982 17.697136 0.009376543 17.29335 0.008396383 17.063864 0.010481314 19.578115 0.06802409 19.566486 0.10187083 19.069574 0.06758313 18.876257 0.05673834 18.23896 0.029420137 17.394634 0.009730024 16.727772 0.014236935 0 4.336315 2.52 1.0818338 0.0756436 0.982418 -0.0003842408 2.006846 71 19.185364 17.587038 0.008904854 17.340784 0.011005353 17.296236 0.014505303 1.6911058 0.22827062 93.66111 2.5218775 198.5362 2.8948026 254.39296 3.3978333 181.5091 3.458514 1.4711227 0.1947733 1.3886425 0.3139988 6.430043 0.7296033 7.778127 0.78752214 17.652302 0.87480724 32.515167 0.4162653 58.55849 1.5449713 4991.911 3709.586 d038 1.7585794 1.6255541 -58.691307 3.5 0 3.5164971 2.06 1.0818338 0.0756436 0.98227185 -0.00056132337 1.7521112 66 19.267054 3.5
135061 109.45565327908588 -10.600944543871238 99.0 99.0 20.780935 0.09077013 18.279572 0.013739463 16.769758 0.006262676 15.955345 0.0050200135 99.0 99.0 99.0 99.0 99.0 99.0 19.975687 0.13199475 99.0 99.0 16.404732 0.0055203186 99.0 99.0 0 3.3843918 2.52 1.1335992 0.11785394 0.9911664 -0.004652707 1.4710182 60 17.85694 16.76654 0.005380799 16.65859 0.006607375 16.623909 0.008348926 -0.04388227 0.22242512 18.29554 2.3583078 164.94131 2.8430276 472.5377 3.6327643 492.99442 3.7265117 0.069440015 0.18891467 0.22862142 0.30837288 1.6309565 0.7096297 3.5652478 0.7707395 2.2361937 0.82272977 70.2323 0.46781188 -0.1288372 1.4597716 5399.783 10138.151 d038 1.8029405 1.5904568 -29.50288 0.0 0 4.2981005 2.06 1.1335992 0.11785394 0.9793088 -0.0058209524 1.654144 48 18.602043 3.5
138344 109.98150515774113 -10.6076630971583 21.91346 0.26730302 19.472067 0.033695355 18.386106 0.014518734 17.98547 0.013350303 17.697765 0.016379317 99.0 99.0 99.0 99.0 20.495884 0.22091049 20.610687 0.2337722 19.275719 0.06262361 17.852993 0.013094849 17.34313 0.021679215 0 4.1310196 2.52 1.1417962 0.12418705 0.9813637 0.001184727 1.8616573 50 19.763783 18.290533 0.014489944 18.07047 0.019913696 18.026348 0.027227808 0.5378894 0.2243774 33.32872 2.3927112 106.02128 2.7526767 129.85548 3.2556908 98.79786 3.3837035 -0.081098765 0.18871236 -0.3346308 0.3074207 3.4128318 0.7173351 3.068596 0.7691226 6.408064 0.8374325 30.656816 0.4135787 34.203194 1.5104613 2016.3143 10091.14 d038 1.6457496 1.4413688 -49.561714 3.5 0 3.3365948 2.06 1.1417962 0.12418705 0.9835254 0.0013037575 1.6867507 47 19.94352 3.5
34061 96.08837589073198 -12.719584895069833 99.0 99.0 19.280863 0.07160521 18.477982 0.03360757 18.08997 0.024882445 17.899038 0.027599415 20.347 0.31496295 20.88725 0.80080587 20.302727 0.49727553 20.060379 0.40674207 19.53305 0.1934186 17.851152 0.028926838 17.942642 0.038963493 0 2.248131 1.25 1.0794779 0.07362628 0.96771467 0.00047703393 1.4231007 30 19.141888 18.31598 0.029886149 18.102173 0.04489311 17.984833 0.059137445 0.38501292 0.17647876 20.933704 3.0514746 43.822384 3.0656712 58.031876 3.1600893 31.59537 2.6447692 0.3249893 0.16758636 0.21313897 0.28178498 1.8047917 0.7458918 1.4554732 0.8233567 1.2037542 0.95259 7.6216483 0.47918114 12.610398 1.2719442 3700.4497 5476.0405 d043 1.3626605 1.2623329 80.486244 3.5 0 3.517594 1.54 1.0794779 0.07362628 0.78626674 0.0026480977 1.7094903 30 19.965967 3.5
718 106.55533177037428 -13.419900245912844 18.683445 0.025671821 16.172289 0.004583556 17.710398 0.009370399 15.869939 0.0037775552 18.503376 0.024836766 16.823027 0.015098774 16.438917 0.014689584 16.345995 0.012435581 16.294533 0.011630253 15.96547 0.008025465 16.131216 0.004812964 15.687682 0.00607877 0 2.5248215 1.07 1.0675712 0.06329429 0.98363143 -0.002371607 1.3037161 94 16.349264 15.999121 0.003589791 15.886543 0.0039798846 15.852097 0.004692433 8.629565 0.25047442 763.99243 3.646299 375.37024 3.1141684 920.3667 3.976758 82.129684 3.28476 17.88022 0.309784 23.775812 0.4076657 66.064354 0.94646245 77.21228 1.0288204 139.75293 1.2148426 94.27401 0.46957675 204.59232 1.6469159 1759.0698 888.44855 d050 1.6982664 1.5907758 -1.5320221 3.5 0 2.4165888 1.16 1.0675712 0.06329429 0.98286533 0.02983622 1.59184 73 17.5573 3.5
878 106.51526351631192 -13.420299555191397 20.118551 0.07278834 18.073826 0.012781691 17.628891 0.009150561 16.850077 0.0063029453 16.611763 0.0072279824 19.269396 0.067915305 19.126616 0.07947495 18.72489 0.0551366 18.541672 0.045694288 17.825462 0.02240884 17.151289 0.008198269 16.732336 0.0109822955 0 2.0416868 1.07 1.125957 0.11186665 0.99849313 -0.00084855163 1.2105589 64 17.638159 17.107689 0.006673559 16.9773 0.008416843 16.9249 0.0107215885 1.5430558 0.2276223 147.15569 2.5956132 232.90936 2.9072733 342.64148 3.3827448 252.77483 3.4409468 2.2728686 0.24255948 2.1071606 0.31970224 7.2164907 0.7405123 11.492848 0.81026006 26.53737 0.9068532 32.837177 0.38213485 79.44694 1.4646337 2014.2216 886.421 d050 1.5286577 1.3576518 -5.35796 3.5 0 1.9941638 1.16 1.125957 0.11186665 0.999807 -0.0018749011 1.1002359 50 18.160082 3.5
18015 106.52080693631888 -13.29658538621458 99.0 99.0 19.246315 0.026613187 18.023104 0.011262878 17.485962 0.009057282 17.172358 0.010171657 21.28384 0.33475426 99.0 99.0 20.14224 0.16247772 19.951744 0.13009846 18.950554 0.045929484 17.576181 0.010632744 17.321753 0.01568877 0 1.8541723 1.07 1.0302148 0.029328644 0.99823254 -0.0006106979 1.2151276 58 18.23718 17.7612 0.01009624 17.58731 0.013478184 17.489685 0.01719026 0.31615385 0.22344671 48.690346 2.385601 158.10114 2.7930684 203.66931 3.2238753 161.84099 3.3578527 0.18078198 0.23208755 0.05355709 0.31008765 1.8877764 0.7189864 3.0571315 0.7778163 8.677107 0.8481722 24.114067 0.3680583 48.36028 1.4158674 1977.2017 1696.2438 d050 1.3708693 1.3306636 27.300419 3.5 0 1.9706227 1.16 1.0302148 0.029328644 0.9859874 0.00010455289 1.2572849 57 18.901339 3.5
49198 106.26383648339171 -13.073642271541608 21.398357 0.21523857 19.371143 0.028556883 18.406672 0.014059749 17.934105 0.011817438 17.639544 0.013607383 20.74898 0.21490645 21.035582 0.36763388 20.149694 0.16085437 20.03491 0.13761163 19.151524 0.05179296 17.985945 0.013430431 17.815458 0.021318559 0 1.8434534 1.07 1.00925 0.009165227 0.9998757 0.0010177215 1.1243545 46 18.790213 18.217697 0.013876046 18.052525 0.019715546 17.980251 0.026272386 0.6925293 0.2247359 42.013947 2.3706877 103.20101 2.7061913 129.62813 3.1359487 100.57317 3.3006878 0.6332885 0.23439223 0.22184828 0.31088674 2.1087387 0.7198918 1.0204409 0.7697783 8.060001 0.8460719 15.701938 0.35395375 29.573435 1.3855643 3612.6099 3158.4153 d050 1.3161365 1.3040738 50.92106 3.5 0 1.8372514 1.16 1.00925 0.009165227 0.99984676 -0.0007766062 1.2131726 43 19.336046 3.5
50682 105.31824244508616 -13.061809143897246 19.499403 0.045268964 18.05038 0.012675875 17.57542 0.008654908 17.368856 0.008412899 17.152058 0.009998187 18.874779 0.051853698 18.437876 0.049385894 18.324682 0.0413866 18.22948 0.03676307 17.899342 0.023410814 17.36567 0.00935204 17.27262 0.015344458 0 1.8790281 1.07 1.0750448 0.06980616 0.9479212 0.00032692403 1.2691855 67 18.167095 17.627943 0.009254064 17.453968 0.012126962 17.411034 0.016084047 3.2484543 0.23340227 135.19995 2.5719779 217.5805 2.885291 218.97096 3.243038 159.55992 3.3571856 2.9750836 0.24607697 3.6264353 0.32677174 10.491566 0.75375396 13.470479 0.818018 23.471024 0.8974035 29.063347 0.37624297 49.19559 1.4177943 9642.016 3231.6694 d050 1.5000023 1.3952929 -10.199201 3.5 0 1.945336 1.16 1.0750448 0.06980616 0.97981644 -0.0005097342 1.3423926 65 18.429188 3.5
75466 106.4166898879042 -12.881546720941502 22.721706 0.71355796 19.99866 0.043873 18.151903 0.011960405 17.046791 0.0069824057 16.311787 0.0060405717 99.0 99.0 99.0 99.0 21.084375 0.35467526 20.504786 0.20087138 19.721838 0.07852849 17.493196 0.009840656 16.536674 0.009654686 0 1.6939101 1.07 1.0675392 0.06326628 0.90822035 -0.0002492287 1.3784208 94 17.801577 17.29396 0.007482464 17.008528 0.00861312 16.89495 0.010460298 -0.06819038 0.22228807 33.17385 2.3501034 157.01926 2.7906585 352.22406 3.3926044 394.78644 3.5659392 0.12036932 0.23170559 0.123728275 0.3103238 1.6752552 0.7178929 2.7888203 0.77652466 6.204929 0.8394759 29.882421 0.37733695 110.714424 1.5117264 2635.821 4414.3965 d050 1.6061327 1.5045187 64.17777 3.5 0 1.9221542 1.16 1.0675392 0.06326628 0.9123884 0.002188745 1.5529401 83 19.110912 3.5
106136 106.65238164864776 -12.653549803675755 20.248917 0.082768634 18.877275 0.020931778 17.53119 0.008462231 16.792965 0.006083701 16.281593 0.0059785405 20.167303 0.13610129 20.205706 0.18648447 19.941986 0.13871267 19.80203 0.11678384 18.711433 0.039251056 16.97024 0.0074356 16.460554 0.009313986 0 1.9736781 1.07 1.0468931 0.044792652 0.97299534 0.0011448397 1.223797 73 17.595749 17.051012 0.0064584934 16.862785 0.0077388664 16.771257 0.009469911 1.8972145 0.22894937 76.816734 2.4487593 254.40762 2.9406476 394.7271 3.4420173 359.91455 3.5381715 1.2600322 0.23768885 0.5147214 0.31246585 1.9628347 0.71973634 2.43177 0.7758327 11.954355 0.85973 40.140198 0.39370263 102.67285 1.5007832 1127.8665 5903.5225 d050 1.4314295 1.367312 -10.54513 3.5 0 1.8352861 1.16 1.0468931 0.044792652 0.80655366 -0.0009032671 1.3290406 67 18.44167 3.5
121532 106.66116122701187 -12.536954601116095 20.29785 0.0853216 18.610025 0.017628232 17.810656 0.009910115 17.423166 0.008662338 17.166525 0.010104307 19.88931 0.10770539 19.692213 0.12472342 19.291433 0.08189118 19.12837 0.068499856 18.371675 0.031231977 17.4849 0.009929289 17.254868 0.014892441 0 1.8992734 1.07 1.0407317 0.039137542 0.99041545 0.0016640968 1.2388515 61 18.299135 17.679163 0.009561757 17.500921 0.012583957 17.45654 0.016710492 2.1244915 0.22955768 84.92784 2.4648068 178.20067 2.824028 209.98285 3.2310467 150.13762 3.3467672 1.3931657 0.23819458 1.246971 0.3156867 4.3608456 0.7290011 5.6943374 0.788044 16.508417 0.8743272 26.317263 0.37164146 51.424553 1.42065 1069.7549 6666.5977 d050 1.4266847 1.3708478 -14.118152 3.5 0 1.9758819 1.16 1.0407317 0.039137542 0.99157774 0.00027875407 1.3161163 59 18.80417 3.5
145069 106.31948635713472 -12.345145203437378 19.775904 0.062947206 19.61708 0.037170798 18.357403 0.014557732 17.098988 0.0072442857 16.433546 0.006539775 20.129536 0.16387378 19.679472 0.1292941 19.937235 0.14861107 19.786133 0.12099586 19.730059 0.08327841 17.375292 0.011235585 16.678743 0.010529034 0 1.9582094 1.07 1.0392864 0.037801325 0.99416834 -0.0004414203 1.2042854 68 18.027761 17.355507 0.007783178 17.175669 0.009774936 17.097015 0.012358791 9.548194 0.25328925 74.07151 2.4426303 141.93324 2.7690444 292.41068 3.3276632 300.94122 3.48578 4.7714524 0.2546177 5.446185 0.33490372 9.800054 0.75109756 11.653878 0.8112647 10.11191 0.8534673 113.72903 0.49403554 83.6645 1.4717937 3251.3362 7926.451 d050 1.4542904 1.3993163 40.462273 3.5 0 2.2466786 1.16 1.0392864 0.037801325 0.96607363 0.009759544 1.3231899 71 19.53411 3.5
147522 106.30547847314804 -12.324810282222607 20.498455 0.25368866 19.441925 0.032542124 17.578121 0.00909013 16.676603 0.005754395 16.072958 0.005338706 99.0 99.0 99.0 99.0 20.710764 0.28262913 99.0 99.0 19.411102 0.067348704 16.824726 0.008112192 16.295465 0.008500058 0 1.8851941 1.07 1.0211529 0.02071464 0.96231437 0.0014126513 1.2373216 82 17.562403 16.936407 0.006033708 16.754675 0.0071548736 16.686644 0.008848303 3.6958256 0.23488545 31.498943 2.3482213 312.37543 3.0250378 426.71887 3.4767382 433.5011 3.601973 1.3892269 0.23831604 -0.28660303 0.31000343 0.9332924 0.71545154 1.9207243 0.77375895 1.2000068 0.8228112 119.80222 0.5014213 118.79988 1.5247762 3340.7363 8059.676 d050 1.4524001 1.4223142 69.84229 3.5 0 2.2130275 1.16 1.0211529 0.02071464 0.9623302 0.007278069 1.5045595 82 18.68728 3.5
