Ha-emitters-disk/Halpha-disk_splus_175r185-Mine_PerField.ecsv
# %ECSV 1.0
# ---
# datatype:
# - {name: NUMBER, datatype: int64}
# - {name: ALPHA, datatype: float64}
# - {name: DELTA, datatype: float64}
# - {name: u, datatype: float64}
# - {name: uerr, datatype: float64}
# - {name: g, datatype: float64}
# - {name: gerr, datatype: float64}
# - {name: r, datatype: float64}
# - {name: rerr, datatype: float64}
# - {name: i, datatype: float64}
# - {name: ierr, datatype: float64}
# - {name: z, datatype: float64}
# - {name: zerr, datatype: float64}
# - {name: F378, datatype: float64}
# - {name: F378err, datatype: float64}
# - {name: F395, datatype: float64}
# - {name: F395err, datatype: float64}
# - {name: F410, datatype: float64}
# - {name: F410err, datatype: float64}
# - {name: F430, datatype: float64}
# - {name: F430err, datatype: float64}
# - {name: F515, datatype: float64}
# - {name: F515err, datatype: float64}
# - {name: F660, datatype: float64}
# - {name: F660err, datatype: float64}
# - {name: F861, datatype: float64}
# - {name: F861err, datatype: float64}
# - {name: flags_i, datatype: int64}
# - {name: fwhm_i, datatype: float64}
# - {name: fwhm_psf_i, datatype: float64}
# - {name: ellog_i, datatype: float64}
# - {name: ellip_i, datatype: float64}
# - {name: class_i, datatype: float64}
# - {name: spread_i, datatype: float64}
# - {name: flux_radius_i, datatype: float64}
# - {name: area_i, datatype: int64}
# - {name: mumax_i, datatype: float64}
# - {name: mag_aper2_i, datatype: float64}
# - {name: magerr_apper2_i, datatype: float64}
# - {name: mag_aper4_i, datatype: float64}
# - {name: magerr_apper4_i, datatype: float64}
# - {name: mag_aper6_i, datatype: float64}
# - {name: magerr_apper6_i, datatype: float64}
# - {name: flux_aper6_u, datatype: float64}
# - {name: fluxerr_aper6_u, datatype: float64}
# - {name: flux_aper6_g, datatype: float64}
# - {name: fluxerr_aper6_g, datatype: float64}
# - {name: flux_aper6_r, datatype: float64}
# - {name: fluxerr_aper6_r, datatype: float64}
# - {name: flux_aper6_i, datatype: float64}
# - {name: fluxerr_aper6_i, datatype: float64}
# - {name: flux_aper6_z, datatype: float64}
# - {name: fluxerr_aper6_z, datatype: float64}
# - {name: flux_aper6_F378, datatype: float64}
# - {name: fluxerr_aper6_F378, datatype: float64}
# - {name: flux_aper6_F395, datatype: float64}
# - {name: fluxerr_aper6_F395, datatype: float64}
# - {name: flux_aper6_F410, datatype: float64}
# - {name: fluxerr_aper6_F410, datatype: float64}
# - {name: flux_aper6_F430, datatype: float64}
# - {name: fluxerr_aper6_F430, datatype: float64}
# - {name: flux_aper6_F515, datatype: float64}
# - {name: fluxerr_aper6_F515, datatype: float64}
# - {name: flux_aper6_F660, datatype: float64}
# - {name: fluxerr_aper6_F660, datatype: float64}
# - {name: flux_aper6_F861, datatype: float64}
# - {name: fluxerr_aper6_F861, datatype: float64}
# - {name: x, datatype: float64}
# - {name: y, datatype: float64}
# - {name: field, datatype: string}
# - {name: a_image, datatype: float64}
# - {name: b_image, datatype: float64}
# - {name: theta_image, datatype: float64}
# - {name: kron_radius_i, datatype: float64}
# - {name: flags_r, datatype: int64}
# - {name: fwhm_r, datatype: float64}
# - {name: fwhm_psf_r, datatype: float64}
# - {name: ellog_r, datatype: float64}
# - {name: ellip_r, datatype: float64}
# - {name: class_r, datatype: float64}
# - {name: spread_r, datatype: float64}
# - {name: flux_radius_r, datatype: float64}
# - {name: area_r, datatype: int64}
# - {name: mumax_r, datatype: float64}
# - {name: kron_radius_r, datatype: float64}
# schema: astropy-2.0
NUMBER ALPHA DELTA u uerr g gerr r rerr i ierr z zerr F378 F378err F395 F395err F410 F410err F430 F430err F515 F515err F660 F660err F861 F861err flags_i fwhm_i fwhm_psf_i ellog_i ellip_i class_i spread_i flux_radius_i area_i mumax_i mag_aper2_i magerr_apper2_i mag_aper4_i magerr_apper4_i mag_aper6_i magerr_apper6_i flux_aper6_u fluxerr_aper6_u flux_aper6_g fluxerr_aper6_g flux_aper6_r fluxerr_aper6_r flux_aper6_i fluxerr_aper6_i flux_aper6_z fluxerr_aper6_z flux_aper6_F378 fluxerr_aper6_F378 flux_aper6_F395 fluxerr_aper6_F395 flux_aper6_F410 fluxerr_aper6_F410 flux_aper6_F430 fluxerr_aper6_F430 flux_aper6_F515 fluxerr_aper6_F515 flux_aper6_F660 fluxerr_aper6_F660 flux_aper6_F861 fluxerr_aper6_F861 x y field a_image b_image theta_image kron_radius_i flags_r fwhm_r fwhm_psf_r ellog_r ellip_r class_r spread_r flux_radius_r area_r mumax_r kron_radius_r
[from data line 196]
101018 99.16922827819924 -21.80878006804492 18.894566 0.03066008 17.864838 0.009716895 17.912136 0.010151503 17.759922 0.010116045 18.192188 0.02088669 18.240461 0.027399227 18.446127 0.044782832 17.650114 0.021987112 17.939749 0.02463023 17.279245 0.014053566 17.397547 0.008951962 16.557404 0.009181523 0 2.8294146 1.19 1.0661848 0.06207627 0.87120277 0.022145836 1.8268418 73 18.045576 17.466805 0.008197876 17.234182 0.010228283 17.19238 0.013511689 4.6883426 0.2874948 262.44998 2.7379394 320.95877 2.94405 293.9326 3.657022 136.53168 4.005059 5.943017 0.22060367 2.4962897 0.31183487 30.187902 0.8010309 28.60882 0.8379495 59.24935 0.9529219 40.550095 0.35526988 107.85625 1.7085268 5399.093 10126.766 d153 1.8489808 1.734203 36.327396 3.5 0 3.08604 1.31 1.0661848 0.06207627 0.98339474 0.003415229 1.6203953 90 18.259718 3.5
279 100.35717410433875 -23.22262959264529 22.005735 0.33850682 19.243452 0.04351446 17.980642 0.014351881 17.564901 0.01140234 17.244623 0.014502528 21.45653 0.37032688 20.818434 0.34568453 20.368727 0.26698327 20.330347 0.24050033 19.17002 0.08010824 17.449474 0.012104057 17.2896 0.016939878 0 2.806808 1.75 1.1039735 0.09418112 0.982774 0.0045837113 1.6692806 54 18.777985 17.833977 0.012870488 17.61574 0.018478064 17.592022 0.026104586 0.060198195 0.25780383 48.21618 5.097715 157.35625 4.7768736 202.85751 4.8761616 144.92293 4.676303 0.274177 0.2507833 0.7043179 0.41903597 2.1292708 1.1754477 2.1861112 1.3175796 7.087034 1.4952279 26.167334 0.5679947 52.067043 1.8515348 7430.272 869.883 d154 1.5958996 1.445596 25.822203 3.5 0 2.829494 1.81 1.1039735 0.09418112 0.9821483 0.0004535471 1.6574067 46 19.303337 3.5
411 101.23880389931143 -23.219794115117637 20.458225 0.087683424 18.365965 0.020972567 18.021305 0.014633607 17.329594 0.0097354725 17.296692 0.015041692 19.966286 0.10532898 19.935173 0.16463646 18.996008 0.0832062 18.754416 0.061944243 18.108467 0.03413947 17.461872 0.012015796 17.312288 0.017168874 0 2.6064038 1.75 1.249646 0.19977337 0.9828102 -0.0019777159 1.524119 49 18.419823 17.600895 0.010788249 17.460548 0.016160998 17.441473 0.022835033 0.97355294 0.26055744 117.071236 5.169062 164.91425 4.7841153 233.0294 4.8998475 132.99854 4.668689 0.5308567 0.25161675 0.13242716 0.41704774 9.030532 1.1927644 10.0078125 1.3357146 20.539621 1.5207895 24.376581 0.56614006 45.16718 1.8435445 2126.5732 884.06476 d154 1.7050626 1.3644365 -10.467346 3.5 0 2.7808754 1.81 1.249646 0.19977337 0.98094946 -0.0065819146 1.5126939 33 18.911263 3.5
56716 100.20066005916536 -22.23977153243769 19.397366 0.0420603 18.082952 0.018680558 17.556768 0.011376985 17.461464 0.011385039 17.341934 0.016521465 19.058018 0.056744944 18.876497 0.07462023 18.424412 0.05600507 18.326637 0.048650835 17.861605 0.0309651 13.141747 0.0014897119 17.371239 0.018644195 0 3.0753024 1.75 1.0438143 0.0419752 0.9792127 -0.0007251789 1.9310403 64 18.882874 17.826487 0.012796677 17.51537 0.016938033 17.446419 0.022932101 4.3358884 0.27034333 154.24538 5.206199 240.20232 4.851516 231.97057 4.8983173 138.48114 4.6716485 2.5544112 0.25790504 2.8096228 0.4263611 10.032761 1.1950653 16.857304 1.3511076 28.936977 1.5362355 1568.444 1.4742919 51.72564 1.8509977 8392.357 7300.956 d154 1.7041807 1.6326474 37.12244 3.5 0 3.30029 1.81 1.0438143 0.0419752 0.9786634 -0.00015042537 1.9455385 65 19.172829 3.5
63001 99.9375340273658 -22.130204508222903 20.508017 0.09867061 19.068886 0.040854882 18.429916 0.021671653 18.367973 0.02265005 18.126543 0.031277645 20.152752 0.1334093 20.23357 0.22003055 19.974773 0.20001815 19.450447 0.11876574 18.852854 0.067481756 17.964123 0.018613718 18.155582 0.03388611 0 3.371417 1.75 1.0587293 0.05547154 0.9608921 -0.00010075458 1.817989 39 19.957214 18.716784 0.0261623 18.445719 0.038216036 18.323698 0.05035936 1.951324 0.26323444 53.363564 5.0991306 116.03646 4.735472 103.40019 4.7948136 73.48521 4.624811 0.83237255 0.25235566 1.5077295 0.42153546 2.2340431 1.174796 6.150518 1.3257302 13.666455 1.5065837 15.258806 0.5559394 26.52908 1.8198929 9990.225 8011.776 d154 1.5510166 1.4649793 15.082711 3.5 0 3.371309 1.81 1.0587293 0.05547154 0.9724513 0.0002563434 1.9782405 44 20.084982 3.5
157 111.49642391567768 -23.224290566817817 17.549559 0.02341967 16.398748 0.008177835 18.173582 0.02290461 16.041908 0.00480547 17.957863 0.022570655 16.57175 0.017003844 17.074085 0.03579906 16.020134 0.016671542 16.588362 0.022910101 15.604636 0.0090878885 17.219584 0.0128305955 15.890299 0.0076662325 0 1.8724484 1.2 1.2422768 0.1950264 0.9787376 0.008232157 1.1280271 63 15.679234 15.764273 0.0038257746 15.683008 0.005325765 15.647447 0.0071143247 16.156599 0.89538884 621.5844 10.524036 200.84573 8.43596 1141.3568 7.476964 131.56927 5.2305565 18.351345 0.6833044 12.851642 0.94164824 74.78916 2.6610112 53.450054 2.7764142 177.86711 3.0684536 41.621067 0.9991145 236.50928 2.6051648 4655.3667 860.7312 d161 1.7184633 1.3833176 -0.86026895 3.5 0 4.4016604 1.34 1.2422768 0.1950264 0.5505053 0.011815455 2.764783 40 19.085485 3.5
28707 111.30762388751936 -22.89698322198573 20.711283 0.3966764 19.049618 0.06871239 17.94392 0.019385938 17.533205 0.0128838895 17.320305 0.0140404655 20.696936 0.57267404 99.0 99.0 20.850868 1.0763402 19.623867 0.29606214 18.84122 0.11332135 17.363747 0.015261681 17.345215 0.019641012 0 1.9034095 1.2 1.0058442 0.0058103204 0.989537 -0.0008936861 1.2521104 34 18.370462 17.75753 0.016892476 17.635405 0.02806487 17.594677 0.039875764 1.2931334 0.88195866 52.350296 10.2277975 158.6243 8.408263 189.90181 6.9728174 133.29233 5.2279916 -0.32077047 0.6612766 -0.73839754 0.92066556 1.1063921 2.5761638 2.9625416 2.7184877 6.5682764 2.9026384 33.391502 0.9934721 45.351326 2.4380093 5791.791 3003.6672 d161 1.2756995 1.2682873 13.566951 3.5 0 2.1829681 1.34 1.0058442 0.0058103204 0.98373437 -0.00066274987 1.3398526 26 18.972301 3.5
88305 111.0181374494522 -22.23209781736461 99.0 99.0 19.22098 0.085309364 18.34323 0.028639704 17.83251 0.016889155 17.494116 0.016594563 20.4721 0.49897763 99.0 99.0 19.180609 0.24666734 99.0 99.0 19.038496 0.14341868 17.857426 0.022188786 17.605726 0.024835436 0 2.2637348 1.2 1.1088017 0.09812552 0.94516844 0.0015946269 1.4836202 35 18.756052 18.033787 0.021299526 17.841024 0.033739984 17.766409 0.046597015 1.0213221 0.8815149 34.507862 10.216197 108.74439 8.380391 162.12007 6.956088 119.73974 5.218741 0.7468698 0.6620125 -0.9817496 0.92044836 3.7491841 2.5785835 0.33623886 2.7149 13.08223 2.9083588 20.907305 0.98565584 34.33736 2.4275658 7547.1934 7353.4614 d161 1.4120475 1.2734896 69.38494 3.5 0 2.5172157 1.34 1.1088017 0.09812552 0.91759604 -0.0014287692 1.6138483 32 19.46472 3.5
112723 111.87456339105331 -21.98958843087897 99.0 99.0 20.086136 0.17956485 18.457098 0.030481359 17.6664 0.014642065 17.04267 0.011605909 99.0 99.0 20.090294 0.48980278 99.0 99.0 19.667517 0.31296292 19.436466 0.19647788 17.83627 0.02116972 17.054968 0.016199378 0 2.1752267 1.2 1.0698054 0.065250576 0.99972254 -0.0011873347 1.3408858 34 18.69167 17.88941 0.018863728 17.709404 0.030002823 17.670118 0.042699184 -1.2163024 0.8807655 35.085823 10.218097 127.4423 8.391418 177.15483 6.965347 197.0515 5.2653146 0.06799498 0.6613058 -0.3831167 0.9205932 5.200187 2.580648 1.1465704 2.7162368 5.5569525 2.901416 19.63896 0.98503256 64.54018 2.4549522 2352.5786 8937.825 d161 1.3303457 1.2435399 47.32402 0.0 0 2.508063 1.34 1.0698054 0.065250576 0.9451405 0.00010130939 1.5390885 28 19.641705 3.5
126741 111.67239823132768 -21.86134225624735 99.0 99.0 18.571325 0.047414534 17.767742 0.01771339 17.268171 0.011072196 17.01857 0.011575833 19.443716 0.19075897 99.0 99.0 19.075813 0.21778783 18.966627 0.16870731 18.21608 0.06798069 17.271502 0.013860209 17.063854 0.016512154 0 2.2706215 1.2 1.1469798 0.1281451 0.95073324 0.00045057165 1.4300818 48 18.366047 17.505686 0.013801544 17.300346 0.02086673 17.303621 0.030672383 -0.17518911 0.8818732 69.26595 10.248495 184.7255 8.431499 248.2858 7.0124464 188.15594 5.266404 1.3308533 0.6636425 0.26242867 0.92217046 0.5683804 2.578582 3.4436464 2.7222238 19.819305 2.919036 29.16251 0.9920341 58.367367 2.4524052 3577.9048 9780.701 d161 1.4985651 1.3065313 29.50689 0.0 0 2.6003592 1.34 1.1469798 0.1281451 0.94637215 -0.0007877356 1.5453901 40 19.06295 3.5
394 99.03177778378672 -24.60899167787069 19.403032 0.040432885 18.270842 0.014064853 18.191578 0.012084695 17.765726 0.009736876 17.678352 0.013048603 19.013733 0.046279654 18.812038 0.059228804 18.55955 0.04457824 18.519375 0.040060304 18.093393 0.024321113 17.837324 0.01099019 17.710495 0.018329179 0 2.3727849 1.22 1.0293142 0.028479278 0.97989994 0.0010105219 1.341243 42 18.854122 17.944237 0.010673929 17.827778 0.015093322 17.793833 0.020477844 3.6066935 0.39026746 136.35663 3.8649266 152.50887 3.3751225 170.47725 3.214555 97.51193 3.2617762 2.3827572 0.2896118 3.0012007 0.41892445 8.73038 1.0474604 12.944564 1.1141719 26.266666 1.182883 18.657614 0.38568473 34.07748 1.4583403 2106.7043 909.473 d168 1.4030049 1.3630483 30.600887 3.5 0 2.0502195 1.23 1.0293142 0.028479278 0.98320603 -0.0049804533 1.1103117 35 18.85542 3.5
511 99.21991686201112 -24.605763700047145 20.020641 0.065946065 17.893688 0.011155802 17.832012 0.009813461 17.007393 0.006411633 16.848476 0.00781425 19.597439 0.07221797 19.29181 0.08565292 18.731304 0.05114347 18.43737 0.037935175 17.740324 0.019671503 16.993406 0.006883936 16.76033 0.0102050705 0 2.8515234 1.22 1.1792624 0.15201235 0.98328924 -0.0017200074 1.3181933 52 17.911737 17.149319 0.006425667 17.04833 0.008215476 17.020605 0.010672829 1.1129239 0.3851371 197.85872 3.9461887 256.1147 3.504683 347.50244 3.4151328 218.47343 3.3737285 1.3470026 0.28663465 1.6616361 0.41398713 11.416749 1.0545211 13.279864 1.1145998 30.476603 1.1924976 41.460377 0.41954705 78.326675 1.5224462 986.7906 925.19904 d168 1.5564582 1.3198574 6.480612 3.5 0 2.17906 1.23 1.1792624 0.15201235 0.98337805 -0.003236935 1.1892368 42 18.132969 3.5
10919 98.62505111898064 -24.44899399323308 20.12454 0.06858291 19.044094 0.022828367 18.398895 0.013232888 18.166767 0.012265528 18.040007 0.016230397 20.088434 0.10106381 19.93837 0.1345403 19.491861 0.08520826 19.491869 0.07859766 18.800798 0.038055327 18.184055 0.013300438 17.893621 0.020273775 0 2.1919758 1.22 1.0888644 0.08161205 0.98241645 -0.000511144 1.231857 32 19.01572 18.358505 0.014259869 18.271238 0.021771075 18.262957 0.03083844 1.938154 0.3868428 68.600494 3.7703922 123.096214 3.3360739 110.66681 3.1425338 76.68249 3.2408843 0.9064662 0.28545934 1.1054908 0.41206264 4.920475 1.0363733 4.7910914 1.0912443 10.313074 1.143424 14.211052 0.37859344 29.040216 1.4503613 4526.1597 1963.3119 d168 1.3651797 1.2537645 -80.46728 3.5 0 2.023981 1.23 1.0888644 0.08161205 0.9831661 -0.0012886456 1.2391238 38 19.234898 3.5
57806 98.92151387633746 -23.754743929687027 20.149462 0.071272254 18.567327 0.016304143 17.947548 0.010013754 17.709988 0.009238126 17.640533 0.012089462 19.993996 0.09383717 19.602839 0.10282428 19.118004 0.06389458 19.137041 0.059164472 18.39705 0.028800862 17.716541 0.010223392 17.668514 0.017242223 0 1.8945693 1.22 1.0171307 0.016842186 0.9834548 -0.0007816074 1.2019441 44 18.448051 17.889032 0.010279989 17.780466 0.014510252 17.757107 0.019839155 1.3197588 0.3857297 102.86461 3.8190396 179.47455 3.4096797 176.34264 3.2214446 119.69719 3.282859 1.6268035 0.28753778 1.0458015 0.41197583 6.5674872 1.0413598 6.801162 1.097192 19.591671 1.1666765 23.106318 0.39255014 37.683247 1.463721 2744.7727 6503.721 d168 1.3353041 1.3128147 -50.64808 3.5 0 2.0242808 1.23 1.0171307 0.016842186 0.9850807 0.00041742565 1.2332232 46 18.810137 3.5
69991 99.03138945441444 -23.574856407811524 19.395037 0.039842293 18.141834 0.012499677 17.723461 0.008815403 17.592775 0.008659522 17.54427 0.011424462 19.076107 0.047104686 18.861145 0.059510615 18.527018 0.042277385 18.372465 0.034884375 17.98608 0.022388715 17.541384 0.009184718 17.585419 0.016393078 0 1.9890323 1.22 1.0275592 0.026820004 0.9830838 0.00036724313 1.2418667 46 18.387745 17.771193 0.009515619 17.666079 0.013242997 17.636436 0.017883465 4.2725935 0.39151996 159.84177 3.8962367 218.80736 3.4590094 197.07196 3.2452388 123.362366 3.2858496 2.8140833 0.29074526 3.1593506 0.419419 11.738367 1.0557305 14.6850195 1.1187724 29.80947 1.1912304 26.221355 0.3972368 38.96668 1.4654195 2081.7285 7678.845 d168 1.3865304 1.3493437 -50.412277 3.5 0 2.014845 1.23 1.0275592 0.026820004 0.9829113 0.00030304308 1.2673062 54 18.57468 3.5
254 100.4726623296906 -24.61071813326676 99.0 99.0 16.52556 0.0053335247 18.37066 0.014567825 15.999638 0.0039751036 15.942931 0.0052708085 99.0 99.0 99.0 99.0 16.821459 0.018635012 17.877825 0.028418139 16.31494 0.00938175 16.216331 0.004722957 15.7668295 0.0059930715 0 3.082588 1.47 1.139933 0.12275547 0.9916482 -0.004737062 1.4164206 95 17.001589 16.11837 0.003770309 16.003489 0.0043623475 15.974622 0.0053459867 -0.34401298 0.31727228 661.0638 3.9039888 193.04012 3.1497986 888.2838 4.3727007 503.5901 4.428248 0.27311385 0.22899842 0.5978 0.34164032 49.85038 1.1992674 27.36902 0.96972936 116.87293 1.2278545 99.71047 0.47708872 214.9536 1.8980759 2687.4968 900.3718 d169 1.8436694 1.6173489 8.644337 0.0 0 3.8132577 1.71 1.139933 0.12275547 0.9820351 0.009024507 2.8857465 64 19.141788 3.5
29733 99.72201904613908 -24.14242932337443 20.412813 0.116370305 18.703455 0.019888023 18.400484 0.014912997 18.970564 0.026497433 19.067297 0.052698802 19.467436 0.07672874 19.93149 0.17657188 18.844973 0.07315497 18.704266 0.050384365 18.848331 0.047944594 18.391073 0.016173966 19.63449 0.092248715 0 3.0748146 1.47 1.1277151 0.11325127 0.51891893 0.00531923 1.8747014 40 20.284885 19.176783 0.030711912 18.746271 0.038550958 18.395815 0.041127086 1.7748908 0.32154194 118.31292 3.0844088 163.18872 3.10813 95.51561 3.6171992 62.955593 4.10658 2.2854893 0.23586617 1.8491536 0.34700325 9.979164 1.041863 12.5759 0.9217407 17.280842 0.96926844 16.323702 0.3570635 19.010763 1.6580235 7160.8853 3968.9414 d169 1.5448459 1.3698902 5.713059 3.5 0 3.1007469 1.71 1.1277151 0.11325127 0.96361136 0.001763013 1.9875257 48 19.989357 3.5
53080 100.6785558950894 -23.772642281696 21.307802 0.25436458 19.143034 0.028018728 18.147686 0.012612941 17.662243 0.010554971 17.383034 0.013793557 20.944664 0.2659555 99.0 99.0 20.280727 0.23494789 19.824762 0.1236239 19.011047 0.054672934 17.727098 0.010765284 17.231792 0.0147082815 0 2.5689924 1.47 1.079599 0.07373017 0.97355664 -0.00014928973 1.6791731 62 18.897173 17.925026 0.011654305 17.682308 0.015479076 17.6188 0.02068324 0.45988265 0.3184089 60.44892 2.9839985 150.84142 3.09094 195.38033 3.721085 138.82983 4.164051 0.27372438 0.22901838 -0.009431647 0.33907503 3.5366066 1.014216 2.4863787 0.8875917 9.999976 0.94766986 21.641933 0.365919 58.66709 1.7094527 1435.736 6381.3203 d169 1.642325 1.5212362 4.2023215 3.5 0 2.978841 1.71 1.079599 0.07373017 0.98128104 0.0003257954 1.8332572 62 19.70172 3.5
