Ha-emitters-disk/Halpha-disk_splus_13r16-Mine_PerField.ecsv
# %ECSV 1.0
# ---
# datatype:
# - {name: NUMBER, datatype: int64}
# - {name: ALPHA, datatype: float64}
# - {name: DELTA, datatype: float64}
# - {name: u, datatype: float64}
# - {name: uerr, datatype: float64}
# - {name: g, datatype: float64}
# - {name: gerr, datatype: float64}
# - {name: r, datatype: float64}
# - {name: rerr, datatype: float64}
# - {name: i, datatype: float64}
# - {name: ierr, datatype: float64}
# - {name: z, datatype: float64}
# - {name: zerr, datatype: float64}
# - {name: F378, datatype: float64}
# - {name: F378err, datatype: float64}
# - {name: F395, datatype: float64}
# - {name: F395err, datatype: float64}
# - {name: F410, datatype: float64}
# - {name: F410err, datatype: float64}
# - {name: F430, datatype: float64}
# - {name: F430err, datatype: float64}
# - {name: F515, datatype: float64}
# - {name: F515err, datatype: float64}
# - {name: F660, datatype: float64}
# - {name: F660err, datatype: float64}
# - {name: F861, datatype: float64}
# - {name: F861err, datatype: float64}
# - {name: flags_i, datatype: int64}
# - {name: fwhm_i, datatype: float64}
# - {name: fwhm_psf_i, datatype: float64}
# - {name: ellog_i, datatype: float64}
# - {name: ellip_i, datatype: float64}
# - {name: class_i, datatype: float64}
# - {name: spread_i, datatype: float64}
# - {name: flux_radius_i, datatype: float64}
# - {name: area_i, datatype: int64}
# - {name: mumax_i, datatype: float64}
# - {name: mag_aper2_i, datatype: float64}
# - {name: magerr_apper2_i, datatype: float64}
# - {name: mag_aper4_i, datatype: float64}
# - {name: magerr_apper4_i, datatype: float64}
# - {name: mag_aper6_i, datatype: float64}
# - {name: magerr_apper6_i, datatype: float64}
# - {name: flux_aper6_u, datatype: float64}
# - {name: fluxerr_aper6_u, datatype: float64}
# - {name: flux_aper6_g, datatype: float64}
# - {name: fluxerr_aper6_g, datatype: float64}
# - {name: flux_aper6_r, datatype: float64}
# - {name: fluxerr_aper6_r, datatype: float64}
# - {name: flux_aper6_i, datatype: float64}
# - {name: fluxerr_aper6_i, datatype: float64}
# - {name: flux_aper6_z, datatype: float64}
# - {name: fluxerr_aper6_z, datatype: float64}
# - {name: flux_aper6_F378, datatype: float64}
# - {name: fluxerr_aper6_F378, datatype: float64}
# - {name: flux_aper6_F395, datatype: float64}
# - {name: fluxerr_aper6_F395, datatype: float64}
# - {name: flux_aper6_F410, datatype: float64}
# - {name: fluxerr_aper6_F410, datatype: float64}
# - {name: flux_aper6_F430, datatype: float64}
# - {name: fluxerr_aper6_F430, datatype: float64}
# - {name: flux_aper6_F515, datatype: float64}
# - {name: fluxerr_aper6_F515, datatype: float64}
# - {name: flux_aper6_F660, datatype: float64}
# - {name: fluxerr_aper6_F660, datatype: float64}
# - {name: flux_aper6_F861, datatype: float64}
# - {name: fluxerr_aper6_F861, datatype: float64}
# - {name: x, datatype: float64}
# - {name: y, datatype: float64}
# - {name: field, datatype: string}
# - {name: a_image, datatype: float64}
# - {name: b_image, datatype: float64}
# - {name: theta_image, datatype: float64}
# - {name: kron_radius_i, datatype: float64}
# - {name: flags_r, datatype: int64}
# - {name: fwhm_r, datatype: float64}
# - {name: fwhm_psf_r, datatype: float64}
# - {name: ellog_r, datatype: float64}
# - {name: ellip_r, datatype: float64}
# - {name: class_r, datatype: float64}
# - {name: spread_r, datatype: float64}
# - {name: flux_radius_r, datatype: float64}
# - {name: area_r, datatype: int64}
# - {name: mumax_r, datatype: float64}
# - {name: kron_radius_r, datatype: float64}
# schema: astropy-2.0
NUMBER ALPHA DELTA u uerr g gerr r rerr i ierr z zerr F378 F378err F395 F395err F410 F410err F430 F430err F515 F515err F660 F660err F861 F861err flags_i fwhm_i fwhm_psf_i ellog_i ellip_i class_i spread_i flux_radius_i area_i mumax_i mag_aper2_i magerr_apper2_i mag_aper4_i magerr_apper4_i mag_aper6_i magerr_apper6_i flux_aper6_u fluxerr_aper6_u flux_aper6_g fluxerr_aper6_g flux_aper6_r fluxerr_aper6_r flux_aper6_i fluxerr_aper6_i flux_aper6_z fluxerr_aper6_z flux_aper6_F378 fluxerr_aper6_F378 flux_aper6_F395 fluxerr_aper6_F395 flux_aper6_F410 fluxerr_aper6_F410 flux_aper6_F430 fluxerr_aper6_F430 flux_aper6_F515 fluxerr_aper6_F515 flux_aper6_F660 fluxerr_aper6_F660 flux_aper6_F861 fluxerr_aper6_F861 x y field a_image b_image theta_image kron_radius_i flags_r fwhm_r fwhm_psf_r ellog_r ellip_r class_r spread_r flux_radius_r area_r mumax_r kron_radius_r
[from data line 359]
81807 131.59707943215207 -41.68237061443257 13.754896 0.0022576866 13.077201 0.00101128 13.08995 0.0008912594 13.119594 0.0009568501 12.664317 0.0010813449 13.31925 0.0026435095 13.304117 0.004191785 12.797241 0.0025589562 12.744832 0.0023603998 12.810984 0.0017031291 12.797201 0.000901069 12.5458975 0.0012514412 0 2.8996985 1.09 1.0441862 0.042316437 0.9972803 0.023238905 1.4216013 437 14.128775 12.984827 0.00084216794 12.865795 0.00081296853 12.814086 0.0008175443 421.11185 0.90523523 14796.75 13.468773 18078.947 13.197868 14926.776 11.236925 9156.292 8.269311 316.13712 0.7815281 349.03418 1.3765627 1256.9429 3.0235775 1536.1406 3.36899 2680.1426 4.171514 2010.9508 1.6333009 3717.074 4.2902536 7163.0347 6543.9937 d392 1.77665 1.7014685 88.45468 3.5 0 3.0319483 1.19 1.0441862 0.042316437 0.9996912 0.022420416 1.490132 434 14.2919445 3.5
94026 131.6871256310352 -41.55517883534473 13.615031 0.0021118952 12.899413 0.00092974614 13.017422 0.0008619585 13.085799 0.0009505873 12.785472 0.0009861926 13.1168995 0.0023998027 12.98929 0.0036046302 12.532373 0.0022520414 12.484308 0.0020848312 12.579796 0.0015272711 12.677795 0.0008526492 12.422505 0.0011815405 0 3.2687006 1.09 1.0163965 0.016131997 0.9989116 0.025644325 1.5301214 469 14.138845 12.835526 0.0007854732 12.710955 0.0007543375 12.657261 0.0007551597 478.57098 0.9529102 17840.604 14.61391 20800.846 14.067051 17246.297 11.992366 10611.894 8.800314 381.19363 0.8448425 466.10214 1.553277 1610.9716 3.351291 1948.0017 3.723809 3293.119 4.57207 2307.4192 1.7389499 4258.688 4.556858 6725.2686 7378.043 d392 1.803363 1.7742711 -51.728832 3.5 0 3.3411565 1.19 1.0163965 0.016131997 0.999106 0.026531938 1.6251259 469 14.343308 3.5
95641 131.79778439818665 -41.53685898502013 15.701646 0.0060499464 13.632868 0.0013205936 13.043486 0.0008712955 13.017945 0.00091731176 12.721925 0.00095790625 15.492302 0.007813383 15.2844715 0.01120477 14.249948 0.0052206623 13.99702 0.0043291585 13.556417 0.0024288364 12.686739 0.0008567784 99.0 99.0 0 3.457478 1.09 1.0055604 0.005529642 0.99887854 0.024655756 1.5923756 470 14.118102 12.75669 0.0007570765 12.627797 0.00072476134 12.572632 0.0007236876 70.56175 0.53057534 8493.367 10.721743 18121.65 13.212634 18644.361 12.424211 12863.466 9.56107 43.988335 0.42564762 57.225197 0.77891093 336.6028 1.9294947 487.82693 2.2265892 1346.1364 3.1292164 2264.4297 1.7239738 5202.1094 4.9862156 6183.4395 7499.1797 d392 1.7945807 1.7846574 -56.204548 3.5 0 3.210392 1.19 1.0055604 0.005529642 0.9994718 0.020552091 1.556929 466 14.301934 3.5
97115 131.8384936719984 -41.51983945526736 13.712323 0.0022130494 12.98362 0.000970897 13.003085 0.0008567717 13.065951 0.00093403365 12.815321 0.0010030706 13.293264 0.0026133955 13.256776 0.004090798 12.750428 0.0024999047 12.690691 0.002300755 12.747077 0.0016539934 12.738411 0.0008776231 12.514632 0.001234357 0 3.1479304 1.09 1.0227734 0.022266328 0.9988828 0.023806715 1.492118 453 14.176311 12.915405 0.00081532414 12.791182 0.0007841652 12.738162 0.0007866725 439.61884 0.9209859 15970.983 13.922788 19072.848 13.52251 16007.935 11.595766 9735.736 8.485469 326.766 0.792337 367.98782 1.4068925 1326.5461 3.091206 1616.8706 3.4418871 2843.4285 4.282237 2141.543 1.6807387 3883.8354 4.374424 5984.1104 7610.8584 d392 1.7768731 1.7373086 -9.605012 3.5 0 3.0835614 1.19 1.0227734 0.022266328 0.9994108 0.016999843 1.5733246 452 14.324202 3.5
97728 131.76272088840068 -41.51353526988133 13.864955 0.0023816107 13.12345 0.0010343601 13.021685 0.0008635114 13.040478 0.00092721655 12.78631 0.000999402 13.510866 0.0029038407 13.578567 0.0047846744 12.978439 0.002794711 12.963085 0.0026230228 12.877116 0.0017595538 12.760691 0.00088745594 12.446952 0.001202626 0 3.2258399 1.09 1.026408 0.025728524 0.99913883 0.021776829 1.5136527 452 14.09795 12.931438 0.000821455 12.805259 0.0007895008 12.752441 0.0007923718 380.49048 0.8702672 13845.232 13.092454 18389.656 13.300805 15798.785 11.527175 10115.512 8.622991 264.43506 0.7275454 271.311 1.2458973 1063.6832 2.8295617 1250.6779 3.1003103 2508.6738 4.052955 2090.3062 1.6623136 4066.0999 4.463922 6355.5444 7651.537 d392 1.7764488 1.7307434 -12.368571 3.5 0 3.1788318 1.19 1.026408 0.025728524 0.9996218 0.018399816 1.5906029 452 14.295576 3.5
103027 131.1986509380413 -41.445478246584734 13.888436 0.002404595 13.115546 0.001034358 13.051474 0.0008788526 13.056655 0.00092953065 12.595267 0.0010425865 13.508744 0.002891665 13.521684 0.004646229 12.952281 0.002747561 12.910807 0.002549016 12.855971 0.001744401 12.768103 0.00089420535 12.476391 0.0012224123 0 3.0512526 1.09 1.0551332 0.052252352 0.9988802 0.023346877 1.4748698 433 14.14409 12.949723 0.00082848716 12.816098 0.0007936163 12.765622 0.00079769274 370.32117 0.8612515 13934.934 13.128533 18019.596 13.179324 15608.142 11.46455 9860.921 8.530831 265.1518 0.7283228 286.13358 1.2718946 1091.405 2.8582697 1314.8027 3.1627643 2547.0977 4.079913 2050.345 1.6478287 3980.4958 4.4220567 9124.125 8082.4233 d392 1.8004164 1.7063403 81.64367 3.5 0 2.949763 1.19 1.0551332 0.052252352 0.9997753 0.02099307 1.5383664 432 14.240354 3.5
104067 131.0992446391722 -41.4343522861979 14.780846 0.0037322354 13.675433 0.0013509156 13.298905 0.0009983168 13.141388 0.00096989644 12.819954 0.0010208543 14.161825 0.0039651603 13.8139105 0.0053320127 13.524259 0.0036245084 13.462672 0.0033279692 13.469114 0.0023343563 12.903903 0.00095647486 12.63663 0.0013242167 0 2.3212976 1.09 1.0637648 0.059942603 0.9993797 0.0113645345 1.307245 382 14.127114 13.207714 0.000934844 13.085475 0.00090476003 13.036702 0.0009168579 165.13016 0.6532303 8196.022 10.574675 12778.959 11.319626 12159.602 10.26577 9371.606 8.350631 146.96843 0.5863471 221.14177 1.1535182 650.2642 2.360244 794.9576 2.6137075 1457.1731 3.2289171 1767.5947 1.5414298 3388.8604 4.1210165 9612.604 8150.8105 d392 1.7470621 1.6423386 68.38192 3.5 0 2.5295022 1.19 1.0637648 0.059942603 0.99961394 0.010852812 1.3688301 381 14.338687 3.5
112245 131.6406478804122 -41.35428081016188 14.062999 0.0026247601 13.110896 0.0010298166 13.020418 0.0008636067 13.034422 0.0009267313 12.7676115 0.0009843224 13.720543 0.0032106591 13.688887 0.0050445017 13.035963 0.002873995 12.981533 0.0026465557 12.872713 0.001763003 12.734587 0.0008801068 12.481451 0.0012229729 0 3.2436326 1.09 1.0207392 0.020317852 0.9993066 0.021897709 1.5296208 412 14.165005 12.92494 0.00081896473 12.797409 0.0007864954 12.748585 0.00079085416 313.88065 0.809474 13799.333 13.074717 18471.818 13.32813 15855.01 11.546041 10009.509 8.585267 216.50061 0.6735873 243.37892 1.1954882 997.4898 2.7600534 1219.3064 3.0695474 2484.272 4.035947 2117.5457 1.6721752 3969.465 4.416834 6957.465 8692.355 d392 1.7608836 1.7251062 -16.802467 3.5 0 3.2046354 1.19 1.0207392 0.020317852 0.99948496 0.019228477 1.596733 413 14.289506 3.5
116407 131.41923295170616 -41.306886860436144 16.817747 0.011199711 14.283797 0.0018117714 13.067377 0.0008813581 12.9425955 0.0008811163 12.561742 0.0008884906 16.325176 0.012199285 16.138823 0.01760956 15.243144 0.00869774 14.957924 0.007040789 13.930046 0.0029136876 12.691962 0.00086145883 11.890409 0.0009218895 0 4.8852053 1.09 1.1007116 0.091496825 0.9954102 0.032805428 1.7861675 512 14.127764 12.484491 0.0006669776 12.332679 0.00062942633 12.275814 0.0006245827 25.341908 0.46065378 4651.5244 8.62861 16922.785 12.812613 24506.13 14.09402 23414.967 12.527624 20.648575 0.37998918 27.272425 0.68895215 133.69897 1.5902517 202.79202 1.7945112 955.8947 2.7507453 2238.0854 1.7148286 8628.999 6.3052487 8047.2656 8997.487 d392 2.0369663 1.8505903 82.44708 3.5 0 3.2420707 1.19 1.1007116 0.091496825 0.9996271 0.017627288 1.564619 502 14.238426 3.5
24020 133.7799703188263 -43.6339005445634 18.713795 0.035435796 16.414997 0.0061756973 15.544055 0.0032242616 15.014445 0.002471897 14.84464 0.0027961703 18.4869 0.044286925 18.190836 0.04980245 17.196003 0.023538038 17.031242 0.020526268 16.192627 0.010130503 15.216953 0.0031352912 14.887615 0.0039693043 0 1.9674668 1.15 1.2339023 0.1895631 0.986253 -0.00044543276 1.2007319 97 15.734348 15.199098 0.0025128732 15.102063 0.0028703173 15.063952 0.003433104 9.057815 0.53728956 593.96185 6.412969 1502.6462 6.3006644 1905.5435 6.023875 1271.909 5.0319986 4.836644 0.40538785 5.1884923 0.57224566 30.158504 1.5574777 39.67619 1.6737128 116.2372 1.9233074 200.14252 0.79390526 445.8695 2.30223 1019.91614 2673.6526 d407 1.614752 1.3086547 85.4345 3.5 0 2.1563516 1.2 1.2339023 0.1895631 0.9836919 0.0019850726 1.2031788 85 16.261927 3.5
61063 133.006825899353 -43.17706415497383 19.60376 0.07290116 15.685932 0.0039914995 13.488854 0.001121789 12.7509575 0.00080104126 12.316823 0.0007987772 20.20973 0.18013822 19.828749 0.17572725 18.367073 0.053559378 17.579218 0.029165179 15.4365635 0.0065891636 13.089481 0.0010727727 11.603293 0.00078545435 0 4.339788 1.15 1.1113199 0.10016906 0.99200386 0.029462302 1.8500695 496 14.138516 12.515559 0.00067430444 12.325409 0.0006292358 12.261549 0.0006283503 2.0247324 0.5269517 1223.4508 6.909848 9722.912 10.556146 25175.63 14.566405 29046.17 14.0687685 -0.4544123 0.39570132 1.4529525 0.56232935 12.959531 1.5241297 24.997488 1.6462374 234.47186 2.0907855 1429.8689 1.4535002 10744.787 7.072815 4676.6343 5688.576 d407 2.144056 1.929288 -82.56166 3.5 0 2.1538897 1.2 1.1113199 0.10016906 0.88128257 0.002170722 1.3917395 450 14.442428 3.5
72822 132.5610491328911 -43.04387277489846 19.084375 0.047548544 14.71211 0.0023614801 13.05235 0.00090810604 12.740305 0.000793901 12.351465 0.0007957617 18.559067 0.046659756 18.156235 0.047521442 16.963202 0.020298613 16.233372 0.012425937 14.4838705 0.0039955326 12.646114 0.000866651 11.728436 0.0008330191 0 4.2075543 1.15 1.1501297 0.13053286 0.99312794 0.030485164 1.8266008 527 14.179517 12.5399475 0.00068205915 12.352644 0.00063762325 12.288667 0.0006370964 5.594589 0.532304 2999.75 8.155345 15109.805 12.588423 24554.615 14.40484 23339.91 12.746613 3.640143 0.40304348 6.6447806 0.57599884 38.977543 1.5740733 85.40957 1.755136 554.62134 2.4897397 2161.9294 1.7307563 8953.574 6.4998364 6807.2764 6559.0996 d407 2.3306904 2.0264587 -10.852038 3.5 0 2.6298187 1.2 1.1501297 0.13053286 0.9980123 0.008355771 1.5185671 503 14.212312 3.5
108811 132.72723682038455 -42.61287790535579 19.15907 0.0511597 15.127454 0.0029519761 13.125248 0.000941043 12.660758 0.0007647747 12.277203 0.0007725365 19.042425 0.06872225 18.385683 0.056842167 17.486847 0.028906196 16.811169 0.017852025 14.763887 0.004633007 12.781069 0.00092722167 11.605797 0.0007880084 0 4.123318 1.15 1.0786419 0.07290822 0.99506545 0.026441935 1.8004638 468 14.150857 12.5243225 0.00067712856 12.331333 0.0006310609 12.26829 0.0006305575 4.642301 0.5311687 2042.7847 7.5130267 13666.186 12.07861 25019.816 14.5271015 27344.014 13.688627 2.0844293 0.40015933 4.408291 0.5704827 25.45099 1.5492306 50.3481 1.6937758 426.4778 2.3390136 1893.9381 1.6348639 10080.714 6.866297 6015.898 9382.094 d407 2.0848975 1.9328914 85.14721 3.5 0 2.5078886 1.2 1.0786419 0.07290822 0.9996969 0.0031790012 1.4785464 444 14.171517 3.5
84763 133.90062423439304 -44.32038898793604 17.790762 0.023155695 15.570226 0.003906274 14.023681 0.0014476307 13.092618 0.0009302258 12.483667 0.00083360035 17.237543 0.022961548 16.750803 0.02215169 16.865084 0.022278445 16.498516 0.01608404 15.236563 0.0060169077 13.39172 0.0012202372 12.452734 0.001144716 0 2.752245 1.4 1.0563534 0.05334711 0.9929625 0.004568069 1.6691171 306 14.408888 13.364411 0.0009879326 13.14167 0.00092717516 13.077098 0.0009532372 16.228302 0.700223 1538.0977 8.560346 6413.493 9.53943 12381.149 10.867561 12570.288 9.783934 11.823034 0.52383024 20.047043 0.74235356 47.419464 2.0215297 73.82845 2.1632042 309.98532 2.4969327 1153.293 1.3702891 4515.9536 4.857632 4891.095 7113.859 d421 1.9230579 1.8204683 -63.441193 3.5 0 3.0113862 1.55 1.0563534 0.05334711 0.9803531 0.003905845 1.8627741 301 15.551473 3.5
395 132.97508783852575 -46.63402167633848 19.280703 0.06876975 15.837656 0.004748197 14.822395 0.0022702126 13.596879 0.0012451318 13.70495 0.0016250822 18.74455 0.06760172 17.940643 0.052185465 17.456049 0.034465604 16.999887 0.023611289 15.435009 0.0070465873 14.0116825 0.0017180357 13.099127 0.0016214194 0 2.59661 1.23 1.2194892 0.17998457 0.9842736 -0.0014167926 1.3197513 173 14.591829 13.695333 0.0011922738 13.596757 0.0012238205 13.566492 0.0013324778 1.6954594 0.6276319 995.55066 7.612379 3725.4973 8.157881 7505.898 9.209431 5486.047 7.499914 2.4821825 0.46951225 5.6728277 0.66434944 23.500145 1.8010257 37.767723 1.9200251 210.59009 2.2284799 575.19305 1.098227 2284.7515 3.782511 4432.2695 859.83246 d433 1.7662426 1.4483463 -4.742345 3.5 0 2.584308 1.3 1.2194892 0.17998457 0.98397976 0.010427713 1.2537929 140 15.4137745 3.5
126744 132.49381858572625 -45.88488458395573 16.069427 0.006650367 14.502784 0.0021871335 13.774267 0.0012978917 13.348302 0.0010826255 12.996204 0.001114638 15.410851 0.006789993 14.996826 0.0076964786 14.940129 0.006610391 14.8178835 0.0059489696 14.257639 0.0036452045 13.33591 0.0012175167 13.089677 0.0016044409 0 2.1311893 1.23 1.0198354 0.019449592 0.9718063 0.0017472252 1.3955417 269 14.465443 13.562383 0.0011176115 13.396129 0.001098411 13.346157 0.001166728 76.87767 0.71366173 3687.9424 9.28853 7566.5005 9.997366 9194.6875 9.878176 7284.3555 8.209288 65.16524 0.5655062 88.991394 0.8293605 253.02267 2.143596 311.6574 2.314283 685.6456 2.7703626 1143.8533 1.3745025 2410.1792 3.8535967 6610.4697 5763.428 d433 1.74197 1.7080894 50.45356 3.5 0 2.2835793 1.3 1.0198354 0.019449592 0.9457526 0.0010568465 1.5264782 269 14.965198 3.5
75359 134.8162438733124 -45.59310636071889 20.033703 0.06793412 17.197628 0.0075810906 14.644536 0.0018299903 13.550598 0.0011180362 12.737436 0.0008928537 19.66745 0.08439134 19.22272 0.07673739 18.98982 0.05618158 18.489326 0.03874486 16.799511 0.01174317 13.019633 0.00097402674 12.820232 0.0013229076 0 4.037904 2.37 1.0888473 0.08159757 0.9892439 0.00034117373 2.3444836 370 15.666389 14.061661 0.0013332536 13.652406 0.0011416859 13.559266 0.0011514381 1.8654002 0.22254883 335.9102 2.9649353 3637.0574 6.3358183 8323.268 8.824796 10724.533 9.218282 1.4320369 0.18259245 2.3762813 0.2926497 6.763223 0.6822645 11.966421 0.7590825 72.1741 1.0006154 1651.6719 1.4709843 3284.0474 4.1575184 5190.689 7674.8374 d434 2.272022 2.0866306 -89.857254 3.5 0 3.9201887 2.28 1.0888473 0.08159757 0.9836518 0.0006275194 2.3551466 369 16.728561 3.5
