Ha-emitters-disk/Halpha-disk_splus_16r175-Mine_PerField.ecsv
# %ECSV 1.0
# ---
# datatype:
# - {name: NUMBER, datatype: int64}
# - {name: ALPHA, datatype: float64}
# - {name: DELTA, datatype: float64}
# - {name: u, datatype: float64}
# - {name: uerr, datatype: float64}
# - {name: g, datatype: float64}
# - {name: gerr, datatype: float64}
# - {name: r, datatype: float64}
# - {name: rerr, datatype: float64}
# - {name: i, datatype: float64}
# - {name: ierr, datatype: float64}
# - {name: z, datatype: float64}
# - {name: zerr, datatype: float64}
# - {name: F378, datatype: float64}
# - {name: F378err, datatype: float64}
# - {name: F395, datatype: float64}
# - {name: F395err, datatype: float64}
# - {name: F410, datatype: float64}
# - {name: F410err, datatype: float64}
# - {name: F430, datatype: float64}
# - {name: F430err, datatype: float64}
# - {name: F515, datatype: float64}
# - {name: F515err, datatype: float64}
# - {name: F660, datatype: float64}
# - {name: F660err, datatype: float64}
# - {name: F861, datatype: float64}
# - {name: F861err, datatype: float64}
# - {name: flags_i, datatype: int64}
# - {name: fwhm_i, datatype: float64}
# - {name: fwhm_psf_i, datatype: float64}
# - {name: ellog_i, datatype: float64}
# - {name: ellip_i, datatype: float64}
# - {name: class_i, datatype: float64}
# - {name: spread_i, datatype: float64}
# - {name: flux_radius_i, datatype: float64}
# - {name: area_i, datatype: int64}
# - {name: mumax_i, datatype: float64}
# - {name: mag_aper2_i, datatype: float64}
# - {name: magerr_apper2_i, datatype: float64}
# - {name: mag_aper4_i, datatype: float64}
# - {name: magerr_apper4_i, datatype: float64}
# - {name: mag_aper6_i, datatype: float64}
# - {name: magerr_apper6_i, datatype: float64}
# - {name: flux_aper6_u, datatype: float64}
# - {name: fluxerr_aper6_u, datatype: float64}
# - {name: flux_aper6_g, datatype: float64}
# - {name: fluxerr_aper6_g, datatype: float64}
# - {name: flux_aper6_r, datatype: float64}
# - {name: fluxerr_aper6_r, datatype: float64}
# - {name: flux_aper6_i, datatype: float64}
# - {name: fluxerr_aper6_i, datatype: float64}
# - {name: flux_aper6_z, datatype: float64}
# - {name: fluxerr_aper6_z, datatype: float64}
# - {name: flux_aper6_F378, datatype: float64}
# - {name: fluxerr_aper6_F378, datatype: float64}
# - {name: flux_aper6_F395, datatype: float64}
# - {name: fluxerr_aper6_F395, datatype: float64}
# - {name: flux_aper6_F410, datatype: float64}
# - {name: fluxerr_aper6_F410, datatype: float64}
# - {name: flux_aper6_F430, datatype: float64}
# - {name: fluxerr_aper6_F430, datatype: float64}
# - {name: flux_aper6_F515, datatype: float64}
# - {name: fluxerr_aper6_F515, datatype: float64}
# - {name: flux_aper6_F660, datatype: float64}
# - {name: fluxerr_aper6_F660, datatype: float64}
# - {name: flux_aper6_F861, datatype: float64}
# - {name: fluxerr_aper6_F861, datatype: float64}
# - {name: x, datatype: float64}
# - {name: y, datatype: float64}
# - {name: field, datatype: string}
# - {name: a_image, datatype: float64}
# - {name: b_image, datatype: float64}
# - {name: theta_image, datatype: float64}
# - {name: kron_radius_i, datatype: float64}
# - {name: flags_r, datatype: int64}
# - {name: fwhm_r, datatype: float64}
# - {name: fwhm_psf_r, datatype: float64}
# - {name: ellog_r, datatype: float64}
# - {name: ellip_r, datatype: float64}
# - {name: class_r, datatype: float64}
# - {name: spread_r, datatype: float64}
# - {name: flux_radius_r, datatype: float64}
# - {name: area_r, datatype: int64}
# - {name: mumax_r, datatype: float64}
# - {name: kron_radius_r, datatype: float64}
# schema: astropy-2.0
NUMBER ALPHA DELTA u uerr g gerr r rerr i ierr z zerr F378 F378err F395 F395err F410 F410err F430 F430err F515 F515err F660 F660err F861 F861err flags_i fwhm_i fwhm_psf_i ellog_i ellip_i class_i spread_i flux_radius_i area_i mumax_i mag_aper2_i magerr_apper2_i mag_aper4_i magerr_apper4_i mag_aper6_i magerr_apper6_i flux_aper6_u fluxerr_aper6_u flux_aper6_g fluxerr_aper6_g flux_aper6_r fluxerr_aper6_r flux_aper6_i fluxerr_aper6_i flux_aper6_z fluxerr_aper6_z flux_aper6_F378 fluxerr_aper6_F378 flux_aper6_F395 fluxerr_aper6_F395 flux_aper6_F410 fluxerr_aper6_F410 flux_aper6_F430 fluxerr_aper6_F430 flux_aper6_F515 fluxerr_aper6_F515 flux_aper6_F660 fluxerr_aper6_F660 flux_aper6_F861 fluxerr_aper6_F861 x y field a_image b_image theta_image kron_radius_i flags_r fwhm_r fwhm_psf_r ellog_r ellip_r class_r spread_r flux_radius_r area_r mumax_r kron_radius_r
[from data line 116]
43546 106.63099041770148 -21.359409384902285 19.119062 0.08334558 17.4886 0.017750254 17.037922 0.008758463 17.069458 0.00978738 17.626127 0.018894065 18.63259 0.08101461 18.362005 0.10230272 17.991423 0.0680579 17.98451 0.06246885 17.402998 0.030522848 16.904398 0.00948861 16.687723 0.012407692 0 2.5066803 1.5 1.075182 0.06992489 0.9836197 -0.007492439 1.2409273 33 18.015083 17.33255 0.010952079 17.249632 0.017876036 17.20101 0.024890356 4.1764445 0.6698617 200.2117 7.9445977 331.4359 7.0560446 269.39938 6.174444 92.590065 4.781575 3.249296 0.5006038 4.2711368 0.70806146 13.418806 1.9417874 8.676259 2.0545406 36.956776 2.304468 42.332314 0.8428118 87.05485 2.232068 936.652 3927.0051 d142 1.4566072 1.3547541 71.002045 3.5 0 3.321298 1.35 1.075182 0.06992489 0.9829583 -0.00021843529 1.4243519 43 18.053223 3.5
74912 106.45393736104116 -21.029909582269987 18.509321 0.050273582 17.121065 0.012989165 16.467924 0.0059599704 16.188025 0.005214544 16.0384 0.005855307 18.04862 0.049831375 18.032585 0.07657471 17.571205 0.047525126 17.544325 0.04258788 16.947313 0.021421017 16.271177 0.0062095765 15.916851 0.0074513755 0 2.605484 1.5 1.0390059 0.03754157 0.9827802 0.00014285574 1.5832978 78 17.459925 16.436808 0.0056924704 16.235136 0.007594207 16.177578 0.010101252 7.830831 0.67446333 305.649 8.019199 625.08875 7.238994 691.46295 6.43153 470.99274 5.0238004 5.2635984 0.5040826 4.717895 0.70942557 18.867853 1.951257 24.045801 2.0785096 56.31063 2.3296785 77.5969 0.8681512 181.02525 2.323117 2008.3169 6088.3496 d142 1.5645845 1.5058476 -10.609349 3.5 0 2.2072906 1.35 1.0390059 0.03754157 0.9830554 -0.00030428666 1.403766 75 17.512407 3.5
79820 106.62538115689136 -20.977857867420514 17.49119 0.021528855 16.218388 0.0069098887 16.018373 0.0045965808 16.450485 0.0063931323 16.536085 0.0084436415 16.974562 0.021365458 16.794603 0.028689118 16.484406 0.020609675 16.369915 0.0176838 16.002855 0.011065025 15.722764 0.0044659604 15.512451 0.005894015 0 2.2492254 1.5 1.1311402 0.11593628 0.98584294 -0.0060685086 1.2284979 48 16.924831 16.515844 0.006001715 16.363668 0.008434025 16.29346 0.01116446 17.194479 0.6849205 634.64154 8.231351 926.7093 7.4166355 621.4637 6.3888645 331.58365 4.9359255 14.606143 0.51842165 16.23669 0.73283356 53.483448 2.0025828 67.736435 2.1412442 133.30281 2.4216144 127.72548 0.902122 260.86765 2.3962817 959.1786 6424.7617 d142 1.5620434 1.3809459 -85.81523 3.5 0 4.195972 1.35 1.1311402 0.11593628 0.9844392 -0.004458892 1.337295 59 16.884567 3.5
56 97.46783288255736 -23.228259966752358 99.0 99.0 17.038288 0.008938628 16.643177 0.0063683614 16.359644 0.0052562514 16.351818 0.006428924 19.387161 0.09919127 18.427893 0.06340503 17.509537 0.029468479 18.118444 0.04554293 16.47249 0.01678263 16.33259 0.0066084177 99.0 99.0 0 2.3803587 1.44 1.2020576 0.16809314 0.99441946 -0.00013021687 1.2612665 53 17.286955 16.55564 0.0056486945 16.457346 0.007596362 16.426216 0.010074385 0.010946237 0.37825298 345.52557 6.5176716 467.17706 5.4208007 499.24487 4.631294 296.31393 3.7008152 2.33881 0.35232887 4.266808 0.5450546 25.044476 1.5574677 17.88611 1.6869986 57.531406 1.8785459 56.57521 0.6494257 8.661814 1.5548754 6458.6626 834.62897 d152 1.5547844 1.2934358 6.564812 3.5 0 2.6014245 1.56 1.2020576 0.16809314 0.9834743 -0.0073932917 1.2117456 39 17.55709 3.5
178 97.94555346375203 -23.22344965463108 99.0 99.0 16.132465 0.0050333077 16.891071 0.007457961 15.481771 0.0032330882 17.84076 0.016997356 17.228588 0.019282943 17.679026 0.03630198 16.325151 0.013121727 16.767607 0.017183274 15.281187 0.007970518 15.592859 0.0042826934 16.730383 0.011685113 0 4.5586042 1.44 1.1891737 0.15907991 0.99982643 0.011085051 1.4737843 84 16.4516 15.530463 0.0031016357 15.432157 0.003620441 15.405695 0.0044425493 0.13678935 0.37844962 900.4569 6.9509015 526.7556 5.4676027 1277.975 5.22787 116.95573 3.5465457 13.046071 0.3757812 9.596842 0.5591933 83.1389 1.6636747 63.17642 1.7668513 184.26302 2.0619562 124.73433 0.7100661 99.601906 1.6768394 3584.921 864.54565 d152 1.7549095 1.4757386 -15.5039215 0.0 0 2.8892462 1.56 1.1891737 0.15907991 0.9825004 -0.0015182201 1.5767848 59 17.18122 3.5
38082 98.2323532450466 -22.51100138743595 18.420273 0.027336113 17.210993 0.010185249 16.860895 0.0072013135 16.818521 0.006857888 16.66718 0.0077562453 17.96325 0.03288377 17.604336 0.036307864 17.510735 0.03097036 17.327755 0.02612169 16.471857 0.01712716 16.630066 0.007972898 16.644655 0.010757427 0 2.892105 1.44 1.2172595 0.17848253 0.9666056 0.01076383 1.7811978 82 18.00033 16.917929 0.0071459324 16.656343 0.008873204 16.599144 0.011653542 8.948203 0.39579654 345.4983 6.5139046 438.43103 5.39477 425.73868 4.5684743 275.63608 3.681395 6.663816 0.36179706 8.259671 0.55541855 26.7761 1.5598276 39.659363 1.7249722 56.10779 1.8753089 49.3831 0.6423388 97.339485 1.6732373 1840.704 5522.778 d152 1.8538144 1.5229409 -85.31491 3.5 0 3.0431032 1.56 1.2172595 0.17848253 0.9808292 0.0068288795 1.7738647 75 18.165037 3.5
40125 97.32454380454077 -22.473947532754785 18.61366 0.031967558 17.076536 0.009507499 16.373337 0.005450229 16.166416 0.004801743 16.109686 0.005667239 18.32263 0.043724395 18.110826 0.05350783 17.632828 0.034316767 17.515453 0.03045616 16.346092 0.015943414 16.10878 0.005836704 16.107433 0.007962912 0 2.779027 1.44 1.0608109 0.057324886 0.9839553 0.0021187935 1.4727249 87 17.129398 16.395506 0.0051088533 16.219208 0.0063326457 16.186924 0.008250536 7.7629395 0.39345604 358.815 6.5241985 633.26324 5.549059 622.344 4.7280593 397.67245 3.7827237 5.0659432 0.3582238 5.404628 0.5477539 23.15345 1.5528446 25.718233 1.699982 62.954777 1.8855722 75.61642 0.6665705 132.37471 1.7179892 7330.593 5770.8657 d152 1.6297419 1.5363171 41.2377 3.5 0 2.7207017 1.56 1.0608109 0.057324886 0.98451364 0.0001290614 1.6311237 84 17.510227 3.5
92 99.17809643260132 -23.22251454382381 20.304007 0.1123102 16.92309 0.005972657 16.559082 0.0046210345 15.962868 0.0036273096 15.830201 0.004436349 19.910673 0.0922228 20.398376 0.19316263 19.663755 0.08288906 19.832947 0.090227745 18.458975 0.028256629 16.151062 0.0043666987 15.84746 0.0060348962 0 2.4069486 1.19 1.0523272 0.049725115 0.9863263 0.0033839997 1.5315534 83 16.928036 16.135527 0.0037287436 15.889931 0.0039128345 15.743989 0.004309268 1.3390372 0.2783545 579.41327 3.2909234 959.3952 3.7699952 1115.8469 4.427701 738.6648 4.4469595 1.9259465 0.20567222 0.8843415 0.30407673 10.19401 0.7234689 8.160515 0.7596344 37.031574 0.8837904 113.44656 0.4622764 256.22113 1.8876344 5346.778 872.753 d153 1.5053031 1.4304518 -19.794157 3.5 0 2.282382 1.31 1.0523272 0.049725115 0.99500984 -0.0016074589 1.3064368 66 17.1954 3.5
17620 98.75631457567955 -22.978778996857823 18.056984 0.016421225 17.673145 0.009195731 17.1388 0.0062857317 17.055529 0.0067658974 16.97922 0.009017604 19.266283 0.06294747 18.30764 0.040403802 18.231628 0.032775145 17.745237 0.023459941 17.638103 0.017361501 16.832653 0.006139233 17.031208 0.012233643 0 2.154664 1.19 1.0595263 0.056182027 0.96234375 0.00043809082 1.2869924 63 17.903734 17.258497 0.00717372 17.1172 0.009345695 17.025005 0.011741893 34.123356 0.35764602 455.38715 3.0866327 752.4411 3.523839 342.9243 3.7077167 182.72493 4.0410123 3.6547842 0.21225822 16.054594 0.37041688 34.872894 0.81816626 76.08536 0.99616647 75.72088 1.0010753 126.93786 0.4795116 56.589508 1.6421381 7888.3047 2465.0718 d153 1.4206014 1.3407891 -40.68001 3.5 0 2.35413 1.31 1.0595263 0.056182027 0.966408 0.005602122 1.6823338 63 18.218037 3.5
62784 98.95466587338856 -22.371050248758205 19.30974 0.04191613 18.013998 0.010852959 17.48381 0.007495374 17.263876 0.007535109 17.19799 0.0102271335 18.980392 0.04681926 18.907803 0.059526276 18.407608 0.035994187 18.26174 0.031006966 17.841845 0.01968941 17.21663 0.0076279454 17.236105 0.013680181 0 2.0593572 1.19 1.0521147 0.049533367 0.9842405 -0.000116955394 1.2922633 67 18.162775 17.470776 0.008211857 17.313454 0.0108866235 17.295763 0.0147436345 3.533272 0.28428593 172.37738 2.5582752 276.6212 2.8770766 267.23633 3.6280246 167.14206 4.0272417 3.0795994 0.21001652 3.2961538 0.31547964 12.139703 0.7312191 14.281952 0.78370965 29.848885 0.8601311 42.367355 0.3582419 58.637257 1.6441436 6698.2217 6445.437 d153 1.4991728 1.4249138 4.25441 3.5 0 2.3314037 1.31 1.0521147 0.049533367 0.9829746 5.7791876e-05 1.4841589 70 18.58306 3.5
13870 100.85849064140426 -22.98997607799165 18.720177 0.025206868 17.425627 0.0111219585 16.977322 0.0074271387 16.862791 0.007331993 16.810661 0.0107593415 18.300138 0.03169553 18.155117 0.04283618 17.834856 0.034920506 17.644169 0.028300669 17.20977 0.018821599 16.608604 0.0070755533 16.87095 0.012814699 0 2.9282243 1.75 1.0625387 0.0588578 0.98292917 -0.0011677381 1.7240871 79 18.257479 17.185751 0.007986137 16.963911 0.010671873 16.945553 0.014766115 7.4908676 0.27928638 272.443 5.3256993 390.02966 4.9849563 367.94165 5.0028257 221.47878 4.727478 4.835739 0.2648942 4.206471 0.43123677 19.438936 1.2182827 29.425919 1.3794627 49.57164 1.5743041 59.9178 0.6026354 73.97142 1.8772353 4412.6978 2394.331 d154 1.7183585 1.6172197 14.789065 3.5 0 3.121325 1.81 1.0625387 0.0588578 0.98256356 -0.00039467178 1.7746373 76 18.578115 3.5
72394 100.7896596889894 -21.965413937894706 18.796345 0.027516847 17.418867 0.011470189 16.89909 0.007286568 16.804762 0.007268298 16.722336 0.010544855 18.254679 0.031566087 18.062578 0.041720122 17.758877 0.03408878 17.647367 0.02985478 17.201466 0.01927454 16.41244 0.006404213 16.7363 0.012067283 0 3.4495876 1.75 1.0949667 0.08673018 0.98015094 -4.0975898e-05 1.9979075 79 18.334742 17.172672 0.007916062 16.878874 0.009945046 16.825819 0.0133078415 7.0256186 0.2779537 283.08774 5.335512 434.4401 5.0229588 410.84018 5.034435 253.46204 4.747856 5.7743464 0.267665 5.9032035 0.43694788 23.019314 1.2267627 26.971214 1.3738122 50.856533 1.5764118 78.89665 0.6211726 88.01281 1.8931757 4822.453 9101.159 d154 1.8756578 1.7129817 34.492523 3.5 0 3.4477048 1.81 1.0949667 0.08673018 0.9824481 -0.00044241818 2.0017397 85 18.500753 3.5
261 111.71345072487564 -23.221330193512703 17.734684 0.026835347 16.033709 0.0062387055 16.004099 0.0049916287 14.887393 0.002455731 14.780885 0.002788924 17.146856 0.025996964 16.938753 0.031813927 16.509317 0.023631891 16.3969 0.019540003 15.747717 0.009803764 15.211637 0.0034605958 14.755698 0.0038925312 0 2.241358 1.2 1.1328435 0.11726552 0.99689865 -0.001958066 1.1882703 87 15.671145 15.11715 0.0025687187 15.033809 0.0032525167 15.00379 0.0041711577 13.501602 0.8929779 841.54114 10.632081 1135.2368 8.904865 2064.8303 7.9306936 1385.5289 5.927462 12.531076 0.6764392 14.188443 0.94359666 57.271263 2.6411135 65.91365 2.7896519 156.51987 3.0480917 184.36768 1.0815277 487.4066 2.8072836 3349.7698 877.87384 d161 1.5776883 1.3926799 0.71069854 3.5 0 1.8734237 1.34 1.1328435 0.11726552 0.979798 -0.0007160155 1.1272949 59 16.079535 3.5
16400 112.11458518826092 -23.032632692864052 99.0 99.0 19.113464 0.07469641 17.227797 0.011335737 17.321196 0.011132998 17.929453 0.022478001 99.0 99.0 99.0 99.0 99.0 99.0 19.63356 0.29846498 18.479706 0.0804471 16.856274 0.009800782 15.621651 0.006409241 0 2.0002432 1.2 1.1139524 0.10229558 0.98939234 -0.0058716345 0.98307675 23 17.197489 17.336168 0.011994009 17.287506 0.020611499 17.303144 0.030645287 1.0392979 0.8823607 28.842367 10.222883 253.55421 8.463174 248.3949 7.0093303 67.501595 5.192398 -0.40893117 0.6617444 0.40636948 0.92196673 -2.719307 2.5767176 1.6182816 2.7188995 7.3205404 2.9054224 45.247803 1.0012962 214.36885 2.5865397 930.2346 2103.9333 d161 1.3825612 1.2411313 -73.958534 0.0 0 7.832565 1.34 1.1139524 0.10229558 0.96672136 -0.009447771 1.3719107 30 17.85798 3.5
58125 111.5144083282134 -22.55208747839298 20.027203 0.2122892 18.388283 0.039148163 16.840092 0.008530691 15.81642 0.004145725 15.307697 0.003748466 19.955978 0.30235925 19.933613 0.43128088 19.123981 0.22747083 19.059568 0.18309614 18.06505 0.05883561 16.32508 0.00687725 15.427709 0.0056654005 0 2.0479956 1.2 1.0345737 0.033418298 0.9830589 0.00058904226 1.3231305 75 16.807875 16.034868 0.004575802 15.87516 0.006213645 15.817745 0.008227276 -0.38949305 0.8813195 102.35985 10.259121 455.6757 8.565461 975.6679 7.3914266 916.6603 5.67663 0.7009503 0.662477 1.0763884 0.9228926 0.082662456 2.5764074 1.8039037 2.718681 22.012766 2.9193738 74.85251 1.0187837 279.8172 2.6408746 4542.52 5260.743 d161 1.4868915 1.4372021 19.93938 3.5 0 2.3021126 1.34 1.0345737 0.033418298 0.9791658 0.00039897338 1.5177199 59 18.004053 3.5
64735 110.91605315350728 -22.47554701739224 19.1667 0.09629356 17.16743 0.014664519 16.4476 0.0066082296 16.136211 0.005098392 15.987609 0.0057484545 18.813759 0.10967736 18.691797 0.14416699 17.71728 0.06636526 17.760675 0.059511222 17.019081 0.025570411 16.119272 0.0060901055 15.994155 0.008077339 0 2.0275204 1.2 1.0557064 0.05276692 0.98245686 -0.00058851903 1.3898363 71 16.996824 16.365734 0.005751293 16.198677 0.008091393 16.16937 0.0111570535 5.6724286 0.8860985 311.88986 10.364625 637.10925 8.65612 705.752 7.250564 478.59778 5.4310546 1.4386837 0.6632526 1.7446339 0.92381465 19.849157 2.5985532 16.840946 2.7350688 52.091297 2.948198 85.39568 1.024846 159.56145 2.5391352 8161.0522 5758.339 d161 1.5460428 1.4644629 38.399902 3.5 0 2.3084638 1.34 1.0557064 0.05276692 0.9809727 -0.00053319236 1.5362027 71 17.534283 3.5
104171 112.0997938725436 -22.07443117557212 18.687252 0.059885327 17.342934 0.016591301 16.591764 0.007246875 17.325697 0.011312078 18.389166 0.031903397 18.169981 0.059890408 18.070717 0.080293216 17.4746 0.05135947 17.503267 0.04607819 16.737848 0.019737469 16.27267 0.006793458 15.777737 0.007123838 0 2.4254317 1.2 1.1018234 0.092413545 0.9850341 -0.0009081395 1.3886405 42 17.559498 17.378777 0.012392233 17.103868 0.017546128 17.04042 0.024172168 6.01578 0.88618875 239.9542 10.3256035 552.3195 8.611381 316.39645 7.042347 85.96321 5.2006173 5.484002 0.66789985 3.0873802 0.92573804 16.269617 2.5938811 28.19246 2.7470608 66.795334 2.9617364 78.62943 1.020647 200.4887 2.573566 988.16266 8376.777 d161 1.6633835 1.5096643 -43.524708 3.5 0 7.778132 1.34 1.1018234 0.092413545 0.98314345 -0.010825784 1.4874645 46 17.240536 3.5
344 99.11133777478976 -24.607652373050172 16.991531 0.008565371 15.637525 0.0031463348 16.395805 0.0043616784 14.925975 0.0021471486 16.979162 0.008313231 16.630024 0.010379295 16.468082 0.013404375 16.033825 0.009229581 15.974469 0.008483087 15.4462 0.005492279 15.005405 0.0024870131 14.845731 0.0035792633 0 3.1016178 1.22 1.1545023 0.1338259 0.99986994 0.0008102175 1.4377441 145 15.917075 15.098282 0.0021571382 14.993071 0.0022142886 14.960054 0.0024144026 39.48407 0.45547596 1581.0526 5.4898543 1495.3813 4.8022103 2318.3442 5.1541586 403.15955 3.5403173 26.037308 0.34825322 29.322191 0.5030998 119.934906 1.3235167 145.0549 1.4311227 291.46307 1.7062426 265.77304 0.6674271 511.56793 2.0512516 1633.1322 916.1415 d168 1.7815046 1.5430932 3.406024 3.5 0 1.961789 1.23 1.1545023 0.1338259 0.98960537 0.016896619 1.1601706 109 16.068716 3.5
