Ha-emitters-disk/Halpha-disk_splus_13r16-Mine_PerField.ecsv
# %ECSV 1.0
# ---
# datatype:
# - {name: NUMBER, datatype: int64}
# - {name: ALPHA, datatype: float64}
# - {name: DELTA, datatype: float64}
# - {name: u, datatype: float64}
# - {name: uerr, datatype: float64}
# - {name: g, datatype: float64}
# - {name: gerr, datatype: float64}
# - {name: r, datatype: float64}
# - {name: rerr, datatype: float64}
# - {name: i, datatype: float64}
# - {name: ierr, datatype: float64}
# - {name: z, datatype: float64}
# - {name: zerr, datatype: float64}
# - {name: F378, datatype: float64}
# - {name: F378err, datatype: float64}
# - {name: F395, datatype: float64}
# - {name: F395err, datatype: float64}
# - {name: F410, datatype: float64}
# - {name: F410err, datatype: float64}
# - {name: F430, datatype: float64}
# - {name: F430err, datatype: float64}
# - {name: F515, datatype: float64}
# - {name: F515err, datatype: float64}
# - {name: F660, datatype: float64}
# - {name: F660err, datatype: float64}
# - {name: F861, datatype: float64}
# - {name: F861err, datatype: float64}
# - {name: flags_i, datatype: int64}
# - {name: fwhm_i, datatype: float64}
# - {name: fwhm_psf_i, datatype: float64}
# - {name: ellog_i, datatype: float64}
# - {name: ellip_i, datatype: float64}
# - {name: class_i, datatype: float64}
# - {name: spread_i, datatype: float64}
# - {name: flux_radius_i, datatype: float64}
# - {name: area_i, datatype: int64}
# - {name: mumax_i, datatype: float64}
# - {name: mag_aper2_i, datatype: float64}
# - {name: magerr_apper2_i, datatype: float64}
# - {name: mag_aper4_i, datatype: float64}
# - {name: magerr_apper4_i, datatype: float64}
# - {name: mag_aper6_i, datatype: float64}
# - {name: magerr_apper6_i, datatype: float64}
# - {name: flux_aper6_u, datatype: float64}
# - {name: fluxerr_aper6_u, datatype: float64}
# - {name: flux_aper6_g, datatype: float64}
# - {name: fluxerr_aper6_g, datatype: float64}
# - {name: flux_aper6_r, datatype: float64}
# - {name: fluxerr_aper6_r, datatype: float64}
# - {name: flux_aper6_i, datatype: float64}
# - {name: fluxerr_aper6_i, datatype: float64}
# - {name: flux_aper6_z, datatype: float64}
# - {name: fluxerr_aper6_z, datatype: float64}
# - {name: flux_aper6_F378, datatype: float64}
# - {name: fluxerr_aper6_F378, datatype: float64}
# - {name: flux_aper6_F395, datatype: float64}
# - {name: fluxerr_aper6_F395, datatype: float64}
# - {name: flux_aper6_F410, datatype: float64}
# - {name: fluxerr_aper6_F410, datatype: float64}
# - {name: flux_aper6_F430, datatype: float64}
# - {name: fluxerr_aper6_F430, datatype: float64}
# - {name: flux_aper6_F515, datatype: float64}
# - {name: fluxerr_aper6_F515, datatype: float64}
# - {name: flux_aper6_F660, datatype: float64}
# - {name: fluxerr_aper6_F660, datatype: float64}
# - {name: flux_aper6_F861, datatype: float64}
# - {name: fluxerr_aper6_F861, datatype: float64}
# - {name: x, datatype: float64}
# - {name: y, datatype: float64}
# - {name: field, datatype: string}
# - {name: a_image, datatype: float64}
# - {name: b_image, datatype: float64}
# - {name: theta_image, datatype: float64}
# - {name: kron_radius_i, datatype: float64}
# - {name: flags_r, datatype: int64}
# - {name: fwhm_r, datatype: float64}
# - {name: fwhm_psf_r, datatype: float64}
# - {name: ellog_r, datatype: float64}
# - {name: ellip_r, datatype: float64}
# - {name: class_r, datatype: float64}
# - {name: spread_r, datatype: float64}
# - {name: flux_radius_r, datatype: float64}
# - {name: area_r, datatype: int64}
# - {name: mumax_r, datatype: float64}
# - {name: kron_radius_r, datatype: float64}
# schema: astropy-2.0
NUMBER ALPHA DELTA u uerr g gerr r rerr i ierr z zerr F378 F378err F395 F395err F410 F410err F430 F430err F515 F515err F660 F660err F861 F861err flags_i fwhm_i fwhm_psf_i ellog_i ellip_i class_i spread_i flux_radius_i area_i mumax_i mag_aper2_i magerr_apper2_i mag_aper4_i magerr_apper4_i mag_aper6_i magerr_apper6_i flux_aper6_u fluxerr_aper6_u flux_aper6_g fluxerr_aper6_g flux_aper6_r fluxerr_aper6_r flux_aper6_i fluxerr_aper6_i flux_aper6_z fluxerr_aper6_z flux_aper6_F378 fluxerr_aper6_F378 flux_aper6_F395 fluxerr_aper6_F395 flux_aper6_F410 fluxerr_aper6_F410 flux_aper6_F430 fluxerr_aper6_F430 flux_aper6_F515 fluxerr_aper6_F515 flux_aper6_F660 fluxerr_aper6_F660 flux_aper6_F861 fluxerr_aper6_F861 x y field a_image b_image theta_image kron_radius_i flags_r fwhm_r fwhm_psf_r ellog_r ellip_r class_r spread_r flux_radius_r area_r mumax_r kron_radius_r
17140 105.43740148053276 -10.393476312467389 18.19341 0.023608312 16.145845 0.0049987766 15.521931 0.003038748 15.314818 0.0028153856 14.963975 0.002888371 16.962925 0.015407428 16.548836 0.017642276 16.455568 0.0150184985 16.442402 0.014148913 15.889155 0.008235663 15.280792 0.0031010865 15.018863 0.00404927 0 2.5435102 1.16 1.1280366 0.11350393 0.9998904 0.0016647467 1.4385868 120 16.317692 15.519538 0.0029139759 15.344107 0.0032193426 15.277748 0.0037987635 10.399174 0.5290172 858.9842 6.124136 1570.2452 5.859161 1599.929 5.596456 1321.9531 5.1859536 17.096859 0.41493785 22.94103 0.6057024 67.23664 1.5552737 77.48238 1.653679 163.93448 1.8506182 196.26135 0.7141447 431.25916 2.2483423 9995.008 2273.889 d023 1.6610825 1.4725431 -37.64673 3.5 0 2.378425 1.12 1.1280366 0.11350393 0.9936154 0.00035768573 1.4058101 119 16.466778 3.5
71194 105.8692291834228 -9.805597856796158 14.007559 0.0020581975 12.71934 0.0008649836 13.023548 0.0008923683 12.914179 0.0008623167 12.749695 0.00095215376 13.384718 0.002245258 12.8827095 0.002427341 12.625031 0.0019882135 12.598507 0.0018983156 12.453538 0.001465887 12.793786 0.00092349335 12.570611 0.0012287477 0 2.8364224 1.16 1.0554186 0.052508652 0.99864125 0.016788248 1.5600508 471 14.174015 12.997093 0.00083460024 12.816529 0.0007871718 12.755653 0.00079433364 510.88406 1.0240393 20215.066 15.531782 19637.598 13.840145 16328.218 11.942959 10236.008 9.068212 431.8702 0.910313 680.7927 1.5285612 2049.016 3.7569382 2332.5637 4.0625825 3607.5334 4.804258 2033.6714 1.6471229 3835.9866 4.4548907 7217.648 6126.1606 d023 1.9318076 1.830371 -84.80113 3.5 0 3.114188 1.12 1.0554186 0.052508652 0.9982054 0.023136888 1.6224927 472 14.251193 3.5
72651 106.08062286061002 -9.791504544656975 14.552829 0.0027018918 13.146071 0.0010612458 13.045066 0.0009001182 12.886157 0.00084914983 12.594195 0.0008784321 13.915979 0.0029019297 13.606357 0.0034480863 13.442517 0.0029493931 13.346483 0.0027183907 12.928789 0.001833077 12.757349 0.00090527954 12.28446 0.0010720167 0 3.13309 1.16 1.0248965 0.024291694 0.9979943 0.02477486 1.6173851 485 14.194905 12.853089 0.0007799571 12.663907 0.0007304215 12.595513 0.0007309434 314.99564 0.8645478 13220.46 12.945314 19016.945 13.642579 18923.213 12.736462 13757.226 10.201033 270.79788 0.75733566 355.27347 1.1668581 984.77344 2.7985086 1197.5876 3.093821 2369.5605 4.001446 2217.3713 1.7125593 5157.357 5.0577803 5854.1953 6219.0586 d023 1.9428958 1.8956995 -44.851818 3.5 0 2.956133 1.12 1.0248965 0.024291694 0.99846435 0.024098558 1.5752447 484 14.289818 3.5
74171 105.77156751036912 -9.777893443882077 15.065499 0.00352035 13.474228 0.0012430897 13.153763 0.0009464177 12.993124 0.0008938499 12.861637 0.0010021043 14.710045 0.004323872 14.531903 0.005498522 13.924204 0.0037483885 13.811534 0.0034200985 13.252085 0.0021375779 12.87929 0.001066505 12.738077 0.0013346442 0 2.9939766 1.16 1.1877443 0.15806794 0.9952562 0.012726381 1.5761219 412 14.160609 13.151594 0.0008975826 12.917051 0.0008271838 12.846506 0.0008331444 194.95033 0.75066334 9789.448 11.468051 15202.908 12.36794 15017.5 11.520946 9903.009 8.9536915 130.6665 0.5933116 151.82806 0.86773497 630.555 2.3967886 776.4147 2.6464682 1782.1487 3.5584822 1766.8745 1.5469967 3551.8599 4.314209 7847.7666 6306.9126 d023 2.1074457 1.7743261 12.751024 3.5 0 2.9796886 1.12 1.1877443 0.15806794 0.9991965 0.013070785 1.5262094 412 14.211471 3.5
85833 105.98902219789188 -9.657774481563983 18.40399 0.027332926 14.488758 0.002052712 13.154385 0.000950239 12.830084 0.0008263735 12.501677 0.00084045203 17.940714 0.028066754 17.442387 0.029822428 16.362234 0.013929559 15.783244 0.009568545 14.176007 0.0033548388 12.841685 0.0009431017 12.033568 0.0009556193 0 4.057477 1.16 1.0638076 0.059980392 0.99673116 0.030086644 1.7532237 487 14.151077 12.681872 0.00071988953 12.484427 0.00066942524 12.416007 0.0006668487 8.796038 0.52648807 3792.6306 8.267881 14553.597 12.136048 22325.291 13.708647 20197.145 12.001313 6.3902707 0.39384702 11.214351 0.5757902 67.78863 1.5558097 125.80655 1.7400924 747.0021 2.5982153 1937.0636 1.6114601 7059.668 5.8175726 6445.417 7094.218 d023 2.010824 1.890214 -79.08492 3.5 0 2.3752847 1.12 1.0638076 0.059980392 0.99483794 0.011123444 1.4716724 477 14.19142 3.5
87973 106.03370828668842 -9.63877922670936 14.3700485 0.0024670549 13.121022 0.0010490472 13.0617 0.0009098964 12.960773 0.00088182575 12.731353 0.0010500357 13.945481 0.0029484697 13.854938 0.0039023675 13.388039 0.0028752112 13.314704 0.002676991 12.925952 0.0018322754 12.857009 0.00095086463 12.615877 0.0012564154 0 2.7727153 1.16 1.034061 0.032939017 0.99895424 0.016083527 1.5133219 418 14.167861 13.066827 0.00086247094 12.887169 0.0008150856 12.822593 0.00082270807 369.41837 0.91180986 13411.319 13.024214 17041.365 12.998437 15351.935 11.629982 9739.255 8.896588 261.97928 0.74820226 280.76892 1.0672078 1027.9717 2.8441913 1220.6661 3.1170235 2352.463 3.9896748 1890.708 1.5942451 3688.0754 4.3821883 6157.106 7218.6577 d023 1.8525271 1.7915068 -77.3379 3.5 0 2.7522078 1.12 1.034061 0.032939017 0.9986506 0.018437846 1.5068483 418 14.254454 3.5
117527 105.88829431144092 -9.357866655382486 15.401183 0.0042080083 14.217123 0.0017909933 13.4993105 0.0011217677 13.190541 0.0009882947 13.020527 0.0010921009 15.035831 0.005110261 14.769189 0.006209908 14.622442 0.0053415853 14.484222 0.004794316 13.957265 0.0030157901 13.129801 0.001085041 12.9836 0.0015018437 0 2.2569447 1.16 1.0796423 0.073767304 0.99894047 0.006240639 1.405829 368 14.146143 13.409193 0.0010137908 13.227563 0.00096600736 13.151594 0.0009810159 147.56378 0.700307 5068.8594 9.044499 10120.398 10.426864 11338.682 10.242565 7811.896 8.195681 99.886566 0.55058855 126.51743 0.8227165 343.78683 2.0125003 435.63434 2.218255 949.9136 2.8124769 1444.7435 1.4165802 2704.1802 3.8635292 7096.8525 9056.99 d023 1.8690286 1.7311554 75.38598 3.5 0 2.0200164 1.12 1.0796423 0.073767304 0.9985141 0.0030149368 1.3671217 368 14.286933 3.5
119028 105.78068339261608 -9.343538248428086 14.496849 0.0026359444 13.135039 0.001058791 13.02514 0.00089217006 12.920017 0.0008659873 12.707026 0.0010526666 13.976743 0.0029981025 13.755106 0.003722329 13.38194 0.0028728058 13.284755 0.0026459133 12.949865 0.0018543169 12.788897 0.0010275822 12.662994 0.0012940175 0 2.941306 1.16 1.1017733 0.09237224 0.99822104 0.015447921 1.4549848 426 14.168256 13.057713 0.00085872295 12.879092 0.00081173773 12.816428 0.00082000904 325.10574 0.8736001 13151.592 12.918156 16937.994 12.963292 15439.343 11.657827 9567.321 8.835746 254.26334 0.7399354 305.26068 1.1009392 1030.3407 2.8464246 1249.3885 3.144802 2317.5784 3.9644463 1831.5035 1.5717715 3529.2434 4.302518 7791.9907 9150.193 d023 1.9542733 1.7737527 77.602066 3.5 0 2.6849694 1.12 1.1017733 0.09237224 0.99517465 0.016443478 1.461411 426 14.191903 3.5
122677 105.99877669154222 -9.308192048894483 17.463114 0.014135882 14.299694 0.0018697069 13.14488 0.0009473158 12.8069 0.00082151644 12.222025 0.00091126614 16.876251 0.014281799 16.518972 0.016603695 15.671017 0.009401678 15.272302 0.007250927 13.977929 0.0030503462 12.86538 0.0009603193 12.22075 0.0010486066 0 3.3121023 1.16 1.0838305 0.077346444 0.9992531 0.020288546 1.6457014 419 14.142048 12.85553 0.00078088103 12.661095 0.000729435 12.596118 0.00073117134 22.993626 0.5468034 4480.3823 8.694602 14198.218 12.007976 18912.666 12.733333 15096.527 10.600644 17.409025 0.4153954 23.602463 0.6071418 123.2691 1.657689 199.92184 1.8655926 898.3743 2.7594726 1791.1521 1.5562367 5518.1104 5.210387 6383.412 9382.555 d023 1.984308 1.8308288 82.62724 3.5 0 2.3632479 1.12 1.0838305 0.077346444 0.9961691 0.0086836545 1.4563835 415 14.251042 3.5
50825 107.51367018428202 -10.0033248318642 14.428134 0.002855611 13.096012 0.0010539793 13.008969 0.00087728753 13.029528 0.0009102299 12.639181 0.0011599878 13.747776 0.0028680346 13.3461485 0.003265911 13.25232 0.0027755254 13.196266 0.0025943886 12.878671 0.001850879 12.834576 0.00094124716 12.628882 0.0012564815 0 2.6076863 1.05 1.0418371 0.04015696 0.9986863 0.016481288 1.455958 396 14.149184 13.082456 0.0008689901 12.9194 0.0008316455 12.862424 0.00084850047 300.85117 0.9145329 13422.451 13.346489 16894.22 13.10317 14839.889 11.594523 10067.646 9.114378 279.89972 0.79881126 392.52322 1.2370965 1106.3395 3.0238488 1304.8508 3.2927427 2326.3198 4.058508 1872.036 1.6168938 3727.826 4.4477158 5861.8027 4832.595 d024 1.8139012 1.7410604 80.17651 3.5 0 2.7022204 1.17 1.0418371 0.04015696 0.9994236 0.012759478 1.5112422 395 14.27915 3.5
61293 108.04270890507624 -9.898238957531603 15.058824 0.0040358086 13.593811 0.0013454468 13.223554 0.0009764731 13.206427 0.0009964255 13.027946 0.0010969312 14.55713 0.004362949 14.337735 0.005397268 13.969257 0.0040072883 13.832162 0.0035713082 13.392815 0.0023827376 13.044295 0.001042975 12.88453 0.0014228295 0 2.199573 1.05 1.0573527 0.054241776 0.99897057 0.009746475 1.3235884 297 14.217967 13.361465 0.0009918328 13.207521 0.0009619387 13.153358 0.0009945389 168.22168 0.79391956 8409.207 11.194454 12763.842 11.651666 11351.592 10.395579 7505.6787 8.19379 131.84898 0.63463336 156.36403 0.9126663 568.2541 2.4435315 716.2457 2.6926267 1443.9949 3.3772423 1515.8635 1.4776419 2935.9836 4.041988 2450.5986 5518.2974 d024 1.7002634 1.6080381 -85.92649 3.5 0 2.2295637 1.17 1.0573527 0.054241776 0.9877845 0.0052675493 1.3562814 297 14.2510195 3.5
65472 107.48928882879164 -9.854219753695448 17.030998 0.013972818 14.148377 0.0017683578 13.105816 0.0009177774 12.972877 0.0008842472 12.704837 0.0009306979 16.552351 0.013674717 16.201365 0.015027213 15.40385 0.008732869 15.069758 0.006816541 13.782065 0.0028802413 12.811426 0.0009306025 12.214269 0.0010316178 0 3.6700914 1.05 1.0637373 0.059918225 0.99009484 0.027678128 1.6372732 449 14.216977 12.837068 0.00077408383 12.660592 0.00073153997 12.595614 0.0007366613 28.104036 0.6424017 5125.4053 9.524798 15117.52 12.498897 18973.803 12.870412 15216.682 10.726592 21.849703 0.4774021 30.570803 0.67928755 153.60388 1.877763 237.71149 2.0809186 1026.7505 3.0016565 1939.6298 1.6418946 5745.2095 5.343282 6019.2 5808.525 d024 1.9169202 1.8020617 82.62275 3.5 0 2.6547697 1.17 1.0637373 0.059918225 0.99902695 0.0111284545 1.5148668 441 14.261491 3.5
69622 107.56253476213452 -9.814927160379376 14.670644 0.003252125 13.273916 0.0011486401 13.017841 0.0008812989 13.065703 0.00092352263 12.888263 0.0010152693 14.188032 0.0035859363 14.050077 0.0046342597 13.61978 0.0033371872 13.53511 0.0030646424 13.032008 0.0019921132 12.834378 0.0009411832 12.654393 0.0012709008 0 2.7042007 1.05 1.0065273 0.0064849854 0.9959553 0.019161204 1.4867516 428 14.220291 13.085997 0.0008704945 12.91742 0.00083092315 12.856079 0.00084565947 242.83789 0.8640287 11500.874 12.566437 16668.182 13.028542 14926.866 11.62343 9601.501 8.954743 189.83673 0.7036429 210.70728 0.99690527 799.85406 2.709027 967.28687 2.9639146 2047.1007 3.8562708 1896.3954 1.6260461 3663.9282 4.416628 5546.8506 6065.775 d024 1.8284675 1.8166099 13.375234 3.5 0 2.69167 1.17 1.0065273 0.0064849854 0.9974302 0.011955347 1.5415606 427 14.249143 3.5
72040 107.38604062759065 -9.793473467196153 14.892786 0.003671706 13.308312 0.0011673004 13.007402 0.0008768432 13.033233 0.00090975524 12.838279 0.0009911906 14.299202 0.0037982527 14.106351 0.004774909 13.694613 0.0034702457 13.563985 0.0031099294 13.048759 0.002008131 12.789878 0.0009215665 12.533208 0.0012002564 0 2.774899 1.05 1.0513139 0.04880929 0.9945498 0.019172952 1.521738 415 14.1644335 13.046291 0.00085436297 12.876214 0.0008140813 12.813601 0.000826654 197.7205 0.82253605 11050.112 12.37635 16963.002 13.126718 15522.443 11.815553 10562.341 9.282392 169.24318 0.68001556 196.17906 0.97518367 735.1099 2.6377313 932.12256 2.9275823 1997.5265 3.8192637 1963.8302 1.6509502 4087.907 4.620667 6685.259 6205.877 d024 1.8448725 1.7548256 83.54949 3.5 0 2.785867 1.17 1.0513139 0.04880929 0.96932065 0.013554897 1.5306541 415 14.285476 3.5
72878 107.17266198844536 -9.781113375727095 19.407734 0.09231769 15.15112 0.0029737768 13.26013 0.0009885457 12.885714 0.00084891863 12.614303 0.0008871214 19.39535 0.11542476 18.765738 0.09067325 17.704294 0.039955255 16.914907 0.020636883 14.804892 0.004871544 12.869746 0.00095714116 11.882492 0.00088207744 0 4.213479 1.05 1.1375827 0.12094301 0.95238936 0.0313627 1.8143964 478 14.176674 12.591882 0.00068994326 12.403135 0.00064505945 12.337635 0.00064478524 3.702992 0.6123995 2009.7632 7.6113973 12544.951 11.570026 24062.803 14.286685 25026.705 13.268279 2.56797 0.44429293 3.097194 0.61688566 21.482187 1.6579787 42.459934 1.7722808 394.47522 2.3200986 1801.0684 1.5901139 8803.853 6.4692707 8061.7 6285.595 d024 2.088727 1.8361101 89.3778 3.5 0 2.3985953 1.17 1.1375827 0.12094301 0.9984482 0.0064727324 1.4411575 460 14.4442 3.5
73911 107.5051509797494 -9.776066613217022 14.495614 0.0029539794 13.129926 0.001070326 13.005649 0.0008731442 13.072462 0.0009300059 12.909293 0.0010269497 13.952278 0.0031789253 13.773218 0.0040326333 13.390608 0.0029696908 13.296023 0.0027215474 12.9014 0.0018698365 12.803608 0.0009270196 12.639574 0.0012619912 0 2.7499607 1.05 1.0107563 0.010641813 0.9963083 0.021320032 1.478586 424 14.198899 13.083026 0.0008692081 12.914464 0.0008296469 12.84994 0.00084284646 286.84613 0.9026005 13161.343 13.243292 17317.32 13.242979 15011.501 11.650452 9582.959 8.947765 234.73805 0.75257504 268.71613 1.0793142 1048.455 2.9669669 1199.0262 3.1932845 2302.7349 4.041857 1956.8531 1.6483258 3717.2625 4.4426126 5917.006 6320.096 d024 1.8258275 1.8063973 84.23338 3.5 0 2.8127275 1.17 1.0107563 0.010641813 0.98562086 0.014545515 1.5246778 423 14.273224 3.5
74465 107.45302167967152 -9.768256553841129 17.887901 0.026580919 14.383741 0.0019927411 13.14307 0.00093450735 12.976803 0.0008854463 12.752172 0.00097593677 17.42977 0.024710502 17.013092 0.025078522 16.003538 0.012517106 15.485375 0.008602208 14.072238 0.0033318487 12.845407 0.0009462433 12.210005 0.0010285471 0 3.285253 1.05 1.0315815 0.030614674 0.9948659 0.025785621 1.6070921 430 14.195256 12.866277 0.0007848403 12.69035 0.0007424575 12.625253 0.0007482639 13.916814 0.62553596 4105.9824 8.947045 14345.595 12.229153 18462.863 12.721082 15188.181 10.719985 10.472646 0.45844233 14.933164 0.64490557 88.24861 1.7735034 160.00685 1.964994 786.4257 2.763323 1863.3331 1.6137381 5750.9307 5.3461876 6253.2803 6371.127 d024 1.8847716 1.8270699 89.43304 3.5 0 2.611468 1.17 1.0315815 0.030614674 0.9982773 0.010062425 1.4787712 425 14.268996 3.5
74898 107.36106067321504 -9.769816765406071 15.217099 0.004415703 13.242611 0.0011304907 13.044443 0.0008899082 13.034551 0.00091375026 12.833997 0.000992354 14.148061 0.003512708 13.63404 0.0037662538 13.465257 0.0030871818 13.401748 0.002869479 13.000161 0.0019612394 12.861672 0.0009536882 12.586184 0.001231239 0 2.8155968 1.05 1.0171319 0.016843319 0.9990118 0.016770713 1.5123383 366 14.175995 13.083578 0.00086953264 12.918701 0.00083143 12.858782 0.00084692007 144.8678 0.7711262 11700.933 12.650674 16306.646 12.907768 14889.756 11.611816 10079.324 9.119596 192.98895 0.7072576 300.00635 1.1214525 907.317 2.8237338 1076.5596 3.0745287 2082.8955 3.8830073 1813.3018 1.5948974 3894.8206 4.529037 6846.4805 6360.6284 d024 1.7734691 1.743598 87.58168 3.5 0 2.8162436 1.17 1.0171319 0.016843319 0.99978864 0.012297092 1.5517462 366 14.307228 3.5
