Ha-emitters-disk/Halpha-disk_splus_13r16-Mine_PerField.ecsv
# %ECSV 1.0
# ---
# datatype:
# - {name: NUMBER, datatype: int64}
# - {name: ALPHA, datatype: float64}
# - {name: DELTA, datatype: float64}
# - {name: u, datatype: float64}
# - {name: uerr, datatype: float64}
# - {name: g, datatype: float64}
# - {name: gerr, datatype: float64}
# - {name: r, datatype: float64}
# - {name: rerr, datatype: float64}
# - {name: i, datatype: float64}
# - {name: ierr, datatype: float64}
# - {name: z, datatype: float64}
# - {name: zerr, datatype: float64}
# - {name: F378, datatype: float64}
# - {name: F378err, datatype: float64}
# - {name: F395, datatype: float64}
# - {name: F395err, datatype: float64}
# - {name: F410, datatype: float64}
# - {name: F410err, datatype: float64}
# - {name: F430, datatype: float64}
# - {name: F430err, datatype: float64}
# - {name: F515, datatype: float64}
# - {name: F515err, datatype: float64}
# - {name: F660, datatype: float64}
# - {name: F660err, datatype: float64}
# - {name: F861, datatype: float64}
# - {name: F861err, datatype: float64}
# - {name: flags_i, datatype: int64}
# - {name: fwhm_i, datatype: float64}
# - {name: fwhm_psf_i, datatype: float64}
# - {name: ellog_i, datatype: float64}
# - {name: ellip_i, datatype: float64}
# - {name: class_i, datatype: float64}
# - {name: spread_i, datatype: float64}
# - {name: flux_radius_i, datatype: float64}
# - {name: area_i, datatype: int64}
# - {name: mumax_i, datatype: float64}
# - {name: mag_aper2_i, datatype: float64}
# - {name: magerr_apper2_i, datatype: float64}
# - {name: mag_aper4_i, datatype: float64}
# - {name: magerr_apper4_i, datatype: float64}
# - {name: mag_aper6_i, datatype: float64}
# - {name: magerr_apper6_i, datatype: float64}
# - {name: flux_aper6_u, datatype: float64}
# - {name: fluxerr_aper6_u, datatype: float64}
# - {name: flux_aper6_g, datatype: float64}
# - {name: fluxerr_aper6_g, datatype: float64}
# - {name: flux_aper6_r, datatype: float64}
# - {name: fluxerr_aper6_r, datatype: float64}
# - {name: flux_aper6_i, datatype: float64}
# - {name: fluxerr_aper6_i, datatype: float64}
# - {name: flux_aper6_z, datatype: float64}
# - {name: fluxerr_aper6_z, datatype: float64}
# - {name: flux_aper6_F378, datatype: float64}
# - {name: fluxerr_aper6_F378, datatype: float64}
# - {name: flux_aper6_F395, datatype: float64}
# - {name: fluxerr_aper6_F395, datatype: float64}
# - {name: flux_aper6_F410, datatype: float64}
# - {name: fluxerr_aper6_F410, datatype: float64}
# - {name: flux_aper6_F430, datatype: float64}
# - {name: fluxerr_aper6_F430, datatype: float64}
# - {name: flux_aper6_F515, datatype: float64}
# - {name: fluxerr_aper6_F515, datatype: float64}
# - {name: flux_aper6_F660, datatype: float64}
# - {name: fluxerr_aper6_F660, datatype: float64}
# - {name: flux_aper6_F861, datatype: float64}
# - {name: fluxerr_aper6_F861, datatype: float64}
# - {name: x, datatype: float64}
# - {name: y, datatype: float64}
# - {name: field, datatype: string}
# - {name: a_image, datatype: float64}
# - {name: b_image, datatype: float64}
# - {name: theta_image, datatype: float64}
# - {name: kron_radius_i, datatype: float64}
# - {name: flags_r, datatype: int64}
# - {name: fwhm_r, datatype: float64}
# - {name: fwhm_psf_r, datatype: float64}
# - {name: ellog_r, datatype: float64}
# - {name: ellip_r, datatype: float64}
# - {name: class_r, datatype: float64}
# - {name: spread_r, datatype: float64}
# - {name: flux_radius_r, datatype: float64}
# - {name: area_r, datatype: int64}
# - {name: mumax_r, datatype: float64}
# - {name: kron_radius_r, datatype: float64}
# schema: astropy-2.0
NUMBER ALPHA DELTA u uerr g gerr r rerr i ierr z zerr F378 F378err F395 F395err F410 F410err F430 F430err F515 F515err F660 F660err F861 F861err flags_i fwhm_i fwhm_psf_i ellog_i ellip_i class_i spread_i flux_radius_i area_i mumax_i mag_aper2_i magerr_apper2_i mag_aper4_i magerr_apper4_i mag_aper6_i magerr_apper6_i flux_aper6_u fluxerr_aper6_u flux_aper6_g fluxerr_aper6_g flux_aper6_r fluxerr_aper6_r flux_aper6_i fluxerr_aper6_i flux_aper6_z fluxerr_aper6_z flux_aper6_F378 fluxerr_aper6_F378 flux_aper6_F395 fluxerr_aper6_F395 flux_aper6_F410 fluxerr_aper6_F410 flux_aper6_F430 fluxerr_aper6_F430 flux_aper6_F515 fluxerr_aper6_F515 flux_aper6_F660 fluxerr_aper6_F660 flux_aper6_F861 fluxerr_aper6_F861 x y field a_image b_image theta_image kron_radius_i flags_r fwhm_r fwhm_psf_r ellog_r ellip_r class_r spread_r flux_radius_r area_r mumax_r kron_radius_r
[from data line 95]
9784 101.84324084378076 -27.2252475335954 15.8773775 0.008910277 14.227257 0.0016067644 13.824939 0.0012310346 13.823863 0.0012998389 14.184526 0.0019358685 15.491536 0.0075460295 15.297638 0.009703831 14.779145 0.0050820904 14.669665 0.004521016 13.995426 0.0027359491 13.478031 0.0012058434 13.263477 0.0016525012 0 3.012741 1.38 1.2096834 0.1733374 0.9978284 0.016238868 1.5987412 242 14.774693 13.7343855 0.0011423035 13.571174 0.0010986769 13.529135 0.0011378729 99.97187 0.9701961 5685.428 8.770703 9292.88 9.70479 8549.597 8.95797 4710.3853 6.8370357 68.29545 0.5410897 77.79468 0.7861514 354.54688 1.8228191 443.65414 2.0167897 1055.8083 2.7433538 1098.4406 1.2236608 2183.8896 3.4926395 898.5021 1980.419 d201 2.0260773 1.6748823 88.44537 3.5 0 3.2227278 1.74 1.2096834 0.1733374 0.9888433 0.0035746302 1.8506529 263 15.243757 3.5
81959 101.17745201454971 -25.982282036682083 16.383142 0.011915395 14.622466 0.0019555998 15.547171 0.0029703 14.184629 0.0015305077 15.027964 0.0032788587 15.491377 0.007560803 15.569729 0.011387995 15.427573 0.007217453 15.000989 0.005422238 14.668414 0.0038968988 14.327415 0.0018189712 14.958988 0.0037808428 0 3.0171115 1.38 1.0671321 0.06290895 0.98177266 0.0051453914 1.8200095 265 15.670761 14.479678 0.0016342526 14.232034 0.0015497233 14.159482 0.0016316755 77.262344 0.9148739 3984.7546 7.678258 4076.0664 6.9810724 4784.1753 7.188049 2295.8708 5.632218 74.22192 0.5539086 63.17412 0.7439414 248.8303 1.6422032 346.92957 1.8648187 613.6815 2.2367837 542.1462 0.90983176 822.5076 2.5057988 4766.012 10130.706 d201 2.1300943 1.9960923 -33.179115 3.5 0 3.605495 1.74 1.0671321 0.06290895 0.9905197 -0.004044985 2.3038542 261 16.172396 3.5
38158 111.30970683673002 -27.14259155794703 19.38572 0.075242855 16.613653 0.009697494 15.818528 0.0053936117 16.229757 0.006689975 15.879344 0.0069622337 18.80991 0.0771863 18.511503 0.09736896 17.792313 0.052193843 17.396006 0.038615514 16.30111 0.015587536 15.373816 0.004869512 14.815284 0.0054368316 0 1.3552175 1.05 1.2401054 0.19361693 0.9886839 0.009592921 0.8566416 60 15.461709 15.691494 0.0045556193 15.600382 0.00499871 15.55395 0.0057378593 1.6610836 0.20670968 198.85596 2.818793 553.94696 3.0852933 551.0865 2.9116542 374.5056 2.4595447 0.8876752 0.17897923 2.3091757 0.29136652 7.2225113 0.7215712 11.593804 0.78394914 42.5984 0.92168444 78.94888 0.41233552 218.84254 1.2865694 937.1983 2521.7742 d207 1.5172836 1.2235118 89.46905 3.5 0 2.899989 1.22 1.2401054 0.19361693 0.98829997 0.00035786026 1.2435789 69 16.332363 3.5
75200 114.3253157494104 -26.859253680362052 16.649012 0.012259359 15.752325 0.005882981 14.972096 0.003344093 14.53249 0.0026901693 14.400422 0.0036755954 16.425535 0.019379934 16.252916 0.020801716 16.169128 0.018177576 16.083698 0.017043112 15.530484 0.0100144725 14.382601 0.0028902588 14.426356 0.004323747 0 1.9304796 1.12 1.0237856 0.023232996 0.99569356 0.00019921563 1.1538084 127 15.168075 14.68936 0.0027280394 14.59355 0.0027787266 14.557458 0.0029810735 18.840302 0.31745878 476.30908 3.491274 1105.7031 3.8331134 1422.3851 3.9044518 967.7765 3.8326135 11.202347 0.30353996 12.524842 0.3679136 34.080383 0.9025267 39.893867 0.95650196 89.80286 1.1049684 193.34935 0.5476705 318.06213 1.4305639 1756.7527 4381.1772 d209 1.4353696 1.4020216 77.09436 3.5 0 1.9599887 1.12 1.0237856 0.023232996 0.99299556 0.0005936733 1.1873326 127 15.646241 3.5
579 127.31252776473671 -35.693018511683675 17.814161 0.02193003 15.782489 0.004234886 15.837674 0.0038171979 14.839995 0.0022414678 14.688595 0.0025371807 16.818512 0.015864927 16.646917 0.020794563 16.154257 0.013245184 16.02575 0.011570515 15.454249 0.0067761745 15.04568 0.0028498673 14.719562 0.0035748987 0 2.620822 1.16 1.0420792 0.04038006 0.9987474 0.0071904357 1.3164785 84 15.73795 14.975201 0.0022258803 14.865591 0.0025195668 14.825431 0.0030032315 16.06357 0.697599 1306.444 8.577025 1448.1061 7.1673703 2458.2603 6.7980886 1631.9904 5.448489 17.853302 0.5365567 17.610193 0.7489184 87.89564 2.1063457 109.23899 2.2420588 251.60466 2.4597843 247.2861 0.9010645 555.5515 2.526473 3079.5007 871.95856 d310 1.5243245 1.4627723 -39.18859 3.5 0 1.9694769 1.27 1.0420792 0.04038006 0.9859594 0.0087597985 1.1625891 59 16.112112 3.5
105196 126.83751335681654 -34.99686138861437 15.015379 0.0036365315 13.611621 0.001326162 13.584852 0.0011425547 13.052782 0.0009197347 13.213885 0.0012128961 14.479159 0.00400744 14.273318 0.0051650507 13.952352 0.0037850437 13.842751 0.003422765 13.410956 0.0022761521 13.095061 0.0010663721 12.877397 0.0014342653 0 2.4655757 1.16 1.016545 0.016275823 0.989466 0.007997575 1.4651619 335 14.1762295 13.22137 0.00092692696 13.062816 0.0008992347 13.007447 0.00093232654 210.17429 0.88542986 9162.058 12.503769 12136.506 12.012964 13116.6 11.260547 7285.0347 8.047502 164.76074 0.721271 182.81822 1.0240983 680.6864 2.816508 829.01996 3.0680647 1631.3574 3.7307503 1478.4882 1.512497 2945.9233 4.0958385 5605.7524 5434.461 d310 1.8286104 1.7988483 -44.833466 3.5 0 3.599652 1.27 1.016545 0.016275823 0.943189 0.019213384 1.7803273 334 14.835393 3.5
168416 126.62254496313172 -34.58558208028757 16.327694 0.008055621 15.79948 0.0043725246 15.379272 0.0029152643 14.859933 0.0022648892 14.374577 0.0021782161 15.995514 0.009635763 15.816497 0.012468377 15.948695 0.011945727 15.850439 0.010605028 15.672385 0.0077245403 14.779061 0.0024837865 14.515272 0.0032452033 0 2.1020858 1.16 1.0189085 0.018557608 0.99684113 0.00047693314 1.3578643 121 15.748398 15.06903 0.0023414132 14.912999 0.0025982752 14.842252 0.003040967 61.44956 0.7458636 1214.4945 8.521458 1888.6528 7.4306207 2420.467 6.77768 2142.9097 5.7325697 41.036285 0.56977135 41.845222 0.7953682 106.22818 2.1321447 130.8231 2.2715032 207.14665 2.4080014 319.65625 0.94806266 670.70184 2.623921 6764.721 8125.055 d310 1.5708448 1.5416937 84.39138 3.5 0 2.5628934 1.27 1.0189085 0.018557608 0.98231226 0.0011081179 1.525247 118 16.455202 3.5
579 127.31252776473671 -35.693018511683675 17.814161 0.02193003 15.782489 0.004234886 15.837674 0.0038171979 14.839995 0.0022414678 14.688595 0.0025371807 16.818512 0.015864927 16.646917 0.020794563 16.154257 0.013245184 16.02575 0.011570515 15.454249 0.0067761745 15.04568 0.0028498673 14.719562 0.0035748987 0 2.620822 1.16 1.0420792 0.04038006 0.9987474 0.0071904357 1.3164785 84 15.73795 14.975201 0.0022258803 14.865591 0.0025195668 14.825431 0.0030032315 16.06357 0.697599 1306.444 8.577025 1448.1061 7.1673703 2458.2603 6.7980886 1631.9904 5.448489 17.853302 0.5365567 17.610193 0.7489184 87.89564 2.1063457 109.23899 2.2420588 251.60466 2.4597843 247.2861 0.9010645 555.5515 2.526473 3079.5007 871.95856 d310 1.5243245 1.4627723 -39.18859 3.5 0 1.9694769 1.27 1.0420792 0.04038006 0.9859594 0.0087597985 1.1625891 59 16.112112 3.5
105196 126.83751335681654 -34.99686138861437 15.015379 0.0036365315 13.611621 0.001326162 13.584852 0.0011425547 13.052782 0.0009197347 13.213885 0.0012128961 14.479159 0.00400744 14.273318 0.0051650507 13.952352 0.0037850437 13.842751 0.003422765 13.410956 0.0022761521 13.095061 0.0010663721 12.877397 0.0014342653 0 2.4655757 1.16 1.016545 0.016275823 0.989466 0.007997575 1.4651619 335 14.1762295 13.22137 0.00092692696 13.062816 0.0008992347 13.007447 0.00093232654 210.17429 0.88542986 9162.058 12.503769 12136.506 12.012964 13116.6 11.260547 7285.0347 8.047502 164.76074 0.721271 182.81822 1.0240983 680.6864 2.816508 829.01996 3.0680647 1631.3574 3.7307503 1478.4882 1.512497 2945.9233 4.0958385 5605.7524 5434.461 d310 1.8286104 1.7988483 -44.833466 3.5 0 3.599652 1.27 1.016545 0.016275823 0.943189 0.019213384 1.7803273 334 14.835393 3.5
168416 126.62254496313172 -34.58558208028757 16.327694 0.008055621 15.79948 0.0043725246 15.379272 0.0029152643 14.859933 0.0022648892 14.374577 0.0021782161 15.995514 0.009635763 15.816497 0.012468377 15.948695 0.011945727 15.850439 0.010605028 15.672385 0.0077245403 14.779061 0.0024837865 14.515272 0.0032452033 0 2.1020858 1.16 1.0189085 0.018557608 0.99684113 0.00047693314 1.3578643 121 15.748398 15.06903 0.0023414132 14.912999 0.0025982752 14.842252 0.003040967 61.44956 0.7458636 1214.4945 8.521458 1888.6528 7.4306207 2420.467 6.77768 2142.9097 5.7325697 41.036285 0.56977135 41.845222 0.7953682 106.22818 2.1321447 130.8231 2.2715032 207.14665 2.4080014 319.65625 0.94806266 670.70184 2.623921 6764.721 8125.055 d310 1.5708448 1.5416937 84.39138 3.5 0 2.5628934 1.27 1.0189085 0.018557608 0.98231226 0.0011081179 1.525247 118 16.455202 3.5
579 127.31252776473671 -35.693018511683675 17.814161 0.02193003 15.782489 0.004234886 15.837674 0.0038171979 14.839995 0.0022414678 14.688595 0.0025371807 16.818512 0.015864927 16.646917 0.020794563 16.154257 0.013245184 16.02575 0.011570515 15.454249 0.0067761745 15.04568 0.0028498673 14.719562 0.0035748987 0 2.620822 1.16 1.0420792 0.04038006 0.9987474 0.0071904357 1.3164785 84 15.73795 14.975201 0.0022258803 14.865591 0.0025195668 14.825431 0.0030032315 16.06357 0.697599 1306.444 8.577025 1448.1061 7.1673703 2458.2603 6.7980886 1631.9904 5.448489 17.853302 0.5365567 17.610193 0.7489184 87.89564 2.1063457 109.23899 2.2420588 251.60466 2.4597843 247.2861 0.9010645 555.5515 2.526473 3079.5007 871.95856 d310 1.5243245 1.4627723 -39.18859 3.5 0 1.9694769 1.27 1.0420792 0.04038006 0.9859594 0.0087597985 1.1625891 59 16.112112 3.5
105196 126.83751335681654 -34.99686138861437 15.015379 0.0036365315 13.611621 0.001326162 13.584852 0.0011425547 13.052782 0.0009197347 13.213885 0.0012128961 14.479159 0.00400744 14.273318 0.0051650507 13.952352 0.0037850437 13.842751 0.003422765 13.410956 0.0022761521 13.095061 0.0010663721 12.877397 0.0014342653 0 2.4655757 1.16 1.016545 0.016275823 0.989466 0.007997575 1.4651619 335 14.1762295 13.22137 0.00092692696 13.062816 0.0008992347 13.007447 0.00093232654 210.17429 0.88542986 9162.058 12.503769 12136.506 12.012964 13116.6 11.260547 7285.0347 8.047502 164.76074 0.721271 182.81822 1.0240983 680.6864 2.816508 829.01996 3.0680647 1631.3574 3.7307503 1478.4882 1.512497 2945.9233 4.0958385 5605.7524 5434.461 d310 1.8286104 1.7988483 -44.833466 3.5 0 3.599652 1.27 1.016545 0.016275823 0.943189 0.019213384 1.7803273 334 14.835393 3.5
168416 126.62254496313172 -34.58558208028757 16.327694 0.008055621 15.79948 0.0043725246 15.379272 0.0029152643 14.859933 0.0022648892 14.374577 0.0021782161 15.995514 0.009635763 15.816497 0.012468377 15.948695 0.011945727 15.850439 0.010605028 15.672385 0.0077245403 14.779061 0.0024837865 14.515272 0.0032452033 0 2.1020858 1.16 1.0189085 0.018557608 0.99684113 0.00047693314 1.3578643 121 15.748398 15.06903 0.0023414132 14.912999 0.0025982752 14.842252 0.003040967 61.44956 0.7458636 1214.4945 8.521458 1888.6528 7.4306207 2420.467 6.77768 2142.9097 5.7325697 41.036285 0.56977135 41.845222 0.7953682 106.22818 2.1321447 130.8231 2.2715032 207.14665 2.4080014 319.65625 0.94806266 670.70184 2.623921 6764.721 8125.055 d310 1.5708448 1.5416937 84.39138 3.5 0 2.5628934 1.27 1.0189085 0.018557608 0.98231226 0.0011081179 1.525247 118 16.455202 3.5
579 127.31252776473671 -35.693018511683675 17.814161 0.02193003 15.782489 0.004234886 15.837674 0.0038171979 14.839995 0.0022414678 14.688595 0.0025371807 16.818512 0.015864927 16.646917 0.020794563 16.154257 0.013245184 16.02575 0.011570515 15.454249 0.0067761745 15.04568 0.0028498673 14.719562 0.0035748987 0 2.620822 1.16 1.0420792 0.04038006 0.9987474 0.0071904357 1.3164785 84 15.73795 14.975201 0.0022258803 14.865591 0.0025195668 14.825431 0.0030032315 16.06357 0.697599 1306.444 8.577025 1448.1061 7.1673703 2458.2603 6.7980886 1631.9904 5.448489 17.853302 0.5365567 17.610193 0.7489184 87.89564 2.1063457 109.23899 2.2420588 251.60466 2.4597843 247.2861 0.9010645 555.5515 2.526473 3079.5007 871.95856 d310 1.5243245 1.4627723 -39.18859 3.5 0 1.9694769 1.27 1.0420792 0.04038006 0.9859594 0.0087597985 1.1625891 59 16.112112 3.5
105196 126.83751335681654 -34.99686138861437 15.015379 0.0036365315 13.611621 0.001326162 13.584852 0.0011425547 13.052782 0.0009197347 13.213885 0.0012128961 14.479159 0.00400744 14.273318 0.0051650507 13.952352 0.0037850437 13.842751 0.003422765 13.410956 0.0022761521 13.095061 0.0010663721 12.877397 0.0014342653 0 2.4655757 1.16 1.016545 0.016275823 0.989466 0.007997575 1.4651619 335 14.1762295 13.22137 0.00092692696 13.062816 0.0008992347 13.007447 0.00093232654 210.17429 0.88542986 9162.058 12.503769 12136.506 12.012964 13116.6 11.260547 7285.0347 8.047502 164.76074 0.721271 182.81822 1.0240983 680.6864 2.816508 829.01996 3.0680647 1631.3574 3.7307503 1478.4882 1.512497 2945.9233 4.0958385 5605.7524 5434.461 d310 1.8286104 1.7988483 -44.833466 3.5 0 3.599652 1.27 1.016545 0.016275823 0.943189 0.019213384 1.7803273 334 14.835393 3.5
168416 126.62254496313172 -34.58558208028757 16.327694 0.008055621 15.79948 0.0043725246 15.379272 0.0029152643 14.859933 0.0022648892 14.374577 0.0021782161 15.995514 0.009635763 15.816497 0.012468377 15.948695 0.011945727 15.850439 0.010605028 15.672385 0.0077245403 14.779061 0.0024837865 14.515272 0.0032452033 0 2.1020858 1.16 1.0189085 0.018557608 0.99684113 0.00047693314 1.3578643 121 15.748398 15.06903 0.0023414132 14.912999 0.0025982752 14.842252 0.003040967 61.44956 0.7458636 1214.4945 8.521458 1888.6528 7.4306207 2420.467 6.77768 2142.9097 5.7325697 41.036285 0.56977135 41.845222 0.7953682 106.22818 2.1321447 130.8231 2.2715032 207.14665 2.4080014 319.65625 0.94806266 670.70184 2.623921 6764.721 8125.055 d310 1.5708448 1.5416937 84.39138 3.5 0 2.5628934 1.27 1.0189085 0.018557608 0.98231226 0.0011081179 1.525247 118 16.455202 3.5
579 127.31252776473671 -35.693018511683675 17.814161 0.02193003 15.782489 0.004234886 15.837674 0.0038171979 14.839995 0.0022414678 14.688595 0.0025371807 16.818512 0.015864927 16.646917 0.020794563 16.154257 0.013245184 16.02575 0.011570515 15.454249 0.0067761745 15.04568 0.0028498673 14.719562 0.0035748987 0 2.620822 1.16 1.0420792 0.04038006 0.9987474 0.0071904357 1.3164785 84 15.73795 14.975201 0.0022258803 14.865591 0.0025195668 14.825431 0.0030032315 16.06357 0.697599 1306.444 8.577025 1448.1061 7.1673703 2458.2603 6.7980886 1631.9904 5.448489 17.853302 0.5365567 17.610193 0.7489184 87.89564 2.1063457 109.23899 2.2420588 251.60466 2.4597843 247.2861 0.9010645 555.5515 2.526473 3079.5007 871.95856 d310 1.5243245 1.4627723 -39.18859 3.5 0 1.9694769 1.27 1.0420792 0.04038006 0.9859594 0.0087597985 1.1625891 59 16.112112 3.5
105196 126.83751335681654 -34.99686138861437 15.015379 0.0036365315 13.611621 0.001326162 13.584852 0.0011425547 13.052782 0.0009197347 13.213885 0.0012128961 14.479159 0.00400744 14.273318 0.0051650507 13.952352 0.0037850437 13.842751 0.003422765 13.410956 0.0022761521 13.095061 0.0010663721 12.877397 0.0014342653 0 2.4655757 1.16 1.016545 0.016275823 0.989466 0.007997575 1.4651619 335 14.1762295 13.22137 0.00092692696 13.062816 0.0008992347 13.007447 0.00093232654 210.17429 0.88542986 9162.058 12.503769 12136.506 12.012964 13116.6 11.260547 7285.0347 8.047502 164.76074 0.721271 182.81822 1.0240983 680.6864 2.816508 829.01996 3.0680647 1631.3574 3.7307503 1478.4882 1.512497 2945.9233 4.0958385 5605.7524 5434.461 d310 1.8286104 1.7988483 -44.833466 3.5 0 3.599652 1.27 1.016545 0.016275823 0.943189 0.019213384 1.7803273 334 14.835393 3.5
