Ha-emitters-disk/Halpha-disk_splus_16r175-Mine_PerField.ecsv
# %ECSV 1.0
# ---
# datatype:
# - {name: NUMBER, datatype: int64}
# - {name: ALPHA, datatype: float64}
# - {name: DELTA, datatype: float64}
# - {name: u, datatype: float64}
# - {name: uerr, datatype: float64}
# - {name: g, datatype: float64}
# - {name: gerr, datatype: float64}
# - {name: r, datatype: float64}
# - {name: rerr, datatype: float64}
# - {name: i, datatype: float64}
# - {name: ierr, datatype: float64}
# - {name: z, datatype: float64}
# - {name: zerr, datatype: float64}
# - {name: F378, datatype: float64}
# - {name: F378err, datatype: float64}
# - {name: F395, datatype: float64}
# - {name: F395err, datatype: float64}
# - {name: F410, datatype: float64}
# - {name: F410err, datatype: float64}
# - {name: F430, datatype: float64}
# - {name: F430err, datatype: float64}
# - {name: F515, datatype: float64}
# - {name: F515err, datatype: float64}
# - {name: F660, datatype: float64}
# - {name: F660err, datatype: float64}
# - {name: F861, datatype: float64}
# - {name: F861err, datatype: float64}
# - {name: flags_i, datatype: int64}
# - {name: fwhm_i, datatype: float64}
# - {name: fwhm_psf_i, datatype: float64}
# - {name: ellog_i, datatype: float64}
# - {name: ellip_i, datatype: float64}
# - {name: class_i, datatype: float64}
# - {name: spread_i, datatype: float64}
# - {name: flux_radius_i, datatype: float64}
# - {name: area_i, datatype: int64}
# - {name: mumax_i, datatype: float64}
# - {name: mag_aper2_i, datatype: float64}
# - {name: magerr_apper2_i, datatype: float64}
# - {name: mag_aper4_i, datatype: float64}
# - {name: magerr_apper4_i, datatype: float64}
# - {name: mag_aper6_i, datatype: float64}
# - {name: magerr_apper6_i, datatype: float64}
# - {name: flux_aper6_u, datatype: float64}
# - {name: fluxerr_aper6_u, datatype: float64}
# - {name: flux_aper6_g, datatype: float64}
# - {name: fluxerr_aper6_g, datatype: float64}
# - {name: flux_aper6_r, datatype: float64}
# - {name: fluxerr_aper6_r, datatype: float64}
# - {name: flux_aper6_i, datatype: float64}
# - {name: fluxerr_aper6_i, datatype: float64}
# - {name: flux_aper6_z, datatype: float64}
# - {name: fluxerr_aper6_z, datatype: float64}
# - {name: flux_aper6_F378, datatype: float64}
# - {name: fluxerr_aper6_F378, datatype: float64}
# - {name: flux_aper6_F395, datatype: float64}
# - {name: fluxerr_aper6_F395, datatype: float64}
# - {name: flux_aper6_F410, datatype: float64}
# - {name: fluxerr_aper6_F410, datatype: float64}
# - {name: flux_aper6_F430, datatype: float64}
# - {name: fluxerr_aper6_F430, datatype: float64}
# - {name: flux_aper6_F515, datatype: float64}
# - {name: fluxerr_aper6_F515, datatype: float64}
# - {name: flux_aper6_F660, datatype: float64}
# - {name: fluxerr_aper6_F660, datatype: float64}
# - {name: flux_aper6_F861, datatype: float64}
# - {name: fluxerr_aper6_F861, datatype: float64}
# - {name: x, datatype: float64}
# - {name: y, datatype: float64}
# - {name: field, datatype: string}
# - {name: a_image, datatype: float64}
# - {name: b_image, datatype: float64}
# - {name: theta_image, datatype: float64}
# - {name: kron_radius_i, datatype: float64}
# - {name: flags_r, datatype: int64}
# - {name: fwhm_r, datatype: float64}
# - {name: fwhm_psf_r, datatype: float64}
# - {name: ellog_r, datatype: float64}
# - {name: ellip_r, datatype: float64}
# - {name: class_r, datatype: float64}
# - {name: spread_r, datatype: float64}
# - {name: flux_radius_r, datatype: float64}
# - {name: area_r, datatype: int64}
# - {name: mumax_r, datatype: float64}
# - {name: kron_radius_r, datatype: float64}
# schema: astropy-2.0
NUMBER ALPHA DELTA u uerr g gerr r rerr i ierr z zerr F378 F378err F395 F395err F410 F410err F430 F430err F515 F515err F660 F660err F861 F861err flags_i fwhm_i fwhm_psf_i ellog_i ellip_i class_i spread_i flux_radius_i area_i mumax_i mag_aper2_i magerr_apper2_i mag_aper4_i magerr_apper4_i mag_aper6_i magerr_apper6_i flux_aper6_u fluxerr_aper6_u flux_aper6_g fluxerr_aper6_g flux_aper6_r fluxerr_aper6_r flux_aper6_i fluxerr_aper6_i flux_aper6_z fluxerr_aper6_z flux_aper6_F378 fluxerr_aper6_F378 flux_aper6_F395 fluxerr_aper6_F395 flux_aper6_F410 fluxerr_aper6_F410 flux_aper6_F430 fluxerr_aper6_F430 flux_aper6_F515 fluxerr_aper6_F515 flux_aper6_F660 fluxerr_aper6_F660 flux_aper6_F861 fluxerr_aper6_F861 x y field a_image b_image theta_image kron_radius_i flags_r fwhm_r fwhm_psf_r ellog_r ellip_r class_r spread_r flux_radius_r area_r mumax_r kron_radius_r
[from data line 97]
104984 111.90329327571376 -18.12242994567429 20.525341 0.28984934 18.264364 0.031354513 16.832857 0.009614554 15.8793125 0.0056053665 15.415417 0.005353034 19.537735 0.17428821 19.466719 0.24429561 19.379387 0.22221328 19.15524 0.17320243 17.924126 0.04882801 16.36001 0.008461647 15.555325 0.008030216 0 1.8728198 1.07 1.0327574 0.031718433 0.9825441 0.00046532814 1.2439522 83 16.630226 16.11645 0.005812037 15.96668 0.006542211 15.914129 0.007820691 0.7428836 0.3126222 42.58507 3.3168912 193.27164 2.9890177 388.99887 2.801326 347.3249 2.2896698 0.7378453 0.24104461 0.8395638 0.35353115 1.2178885 0.9059297 1.4398016 0.9463952 7.057076 0.99510944 31.218678 0.36572033 107.77101 1.1025133 3428.6714 6829.924 d115 1.4724697 1.4257653 66.59996 3.5 0 2.1738026 1.23 1.0327574 0.031718433 0.9760537 -5.9781145e-05 1.4322853 72 17.891249 3.5
145292 111.83828737884666 -17.70863975751921 19.540283 0.11995051 18.135036 0.028649049 16.819078 0.009558765 16.10312 0.0063042273 15.508107 0.0055895844 19.095226 0.11914992 18.741985 0.1321882 19.096434 0.17344101 18.719604 0.11969066 17.982681 0.05117519 15.878744 0.006501288 15.429247 0.0074975486 0 1.9627463 1.07 1.050051 0.047665298 0.9758335 0.00028402195 1.302883 75 16.830183 16.337198 0.0065612257 16.17179 0.007503621 16.119055 0.009133073 0.5832239 0.31208453 57.688442 3.3392808 198.53806 2.995523 322.09042 2.708725 326.0688 2.2600284 0.80616814 0.24115708 1.1712341 0.35474986 3.8785815 0.9141198 4.165891 0.95470023 9.748237 1.0023342 48.737526 0.3932643 122.93547 1.1317079 3829.0854 9539.203 d115 1.486352 1.4155046 35.84413 3.5 0 2.299401 1.23 1.050051 0.047665298 0.97354853 0.00035214226 1.4584248 68 17.806335 3.5
56658 96.3986170900265 -19.01435054588509 99.0 99.0 18.463905 0.031845775 16.725523 0.006693548 16.190985 0.0051541277 15.89342 0.0054387324 99.0 99.0 17.283127 0.033539727 18.06257 0.063198745 17.016611 0.025287379 17.910662 0.038619075 15.834916 0.0043335967 16.234766 0.009155152 0 4.1723847 2.08 1.0855689 0.07882404 0.9830556 -0.0028662772 1.7416323 76 17.351429 16.306143 0.0045843595 16.124937 0.00570402 16.08255 0.007400374 0.8646789 0.6067762 129.47733 6.1616917 700.8813 5.5164757 805.712 5.4903955 571.23236 5.304074 2.774304 0.44242668 14.969585 0.64269614 19.280233 1.6635697 51.091892 1.7928013 37.44765 1.8059292 123.3717 0.6737528 149.71265 2.0058815 3033.5093 10143.605 d120 1.8602653 1.7136316 20.266699 3.5 0 3.6693094 2.08 1.0855689 0.07882404 0.9852838 0.0040913806 1.7119118 73 17.821493 3.5
43755 97.57939585910842 -19.72152110582907 18.266283 0.017695453 16.76558 0.005394541 16.342594 0.004095207 16.400963 0.005658623 15.943338 0.004867348 17.86897 0.019727912 17.73257 0.02569208 17.272001 0.017453434 17.141079 0.015444278 16.58436 0.00968777 16.177668 0.0044399193 15.974255 0.006683614 0 3.256835 1.21 1.0084457 0.008374989 0.75345266 0.015507095 1.657665 122 17.547337 16.490982 0.005553428 16.272503 0.006122788 16.199831 0.007309556 11.414566 0.2778635 564.94366 3.159487 822.28546 3.5335548 723.88293 4.8722496 536.32 4.3554387 8.374346 0.21234366 9.640739 0.3295883 36.00446 0.785127 46.399063 0.86351985 96.80463 1.0254279 91.53387 0.43020177 182.83308 1.8664844 5011.3003 5517.2964 d121 1.6366806 1.6229734 -88.32454 3.5 0 2.2685905 1.2 1.0084457 0.008374989 0.95892215 0.0055523524 1.5274788 126 17.426052 3.5
76799 97.9509426120011 -19.175582421365625 18.941256 0.027652409 17.586582 0.008302677 16.758831 0.0050965077 16.418617 0.0058080726 16.209375 0.005653588 18.674974 0.032372788 18.711271 0.04738283 18.14247 0.0290233 18.051905 0.026154283 17.346249 0.014555227 16.387794 0.004938194 15.947263 0.0066007855 0 2.1258266 1.21 1.0348151 0.033643723 0.93025446 0.0018464319 1.4640471 102 17.392149 16.644917 0.0060531804 16.44017 0.006872104 16.373415 0.008350084 6.3789043 0.26337418 262.88657 2.605641 543.5591 3.1707835 616.92804 4.743463 454.1379 4.293356 3.550738 0.19341382 3.436693 0.3003226 15.922697 0.70523125 18.631268 0.75859976 46.90464 0.8754424 76.27403 0.40819657 188.99292 1.8724065 2712.4666 9087.333 d121 1.6108301 1.5566357 -68.64002 3.5 0 2.2078366 1.2 1.0348151 0.033643723 0.9624933 0.0024363382 1.4782771 107 17.795656 3.5
83335 97.53881719523524 -19.01638692648967 18.048996 0.015952049 15.942502 0.0036234467 16.185047 0.004012519 15.428963 0.0035782743 15.222868 0.0031930935 17.636417 0.01855506 16.81345 0.015954837 17.645868 0.023032399 16.40894 0.010836402 17.413675 0.01700854 15.471321 0.0031165215 16.358425 0.008011684 0 2.2486217 1.21 1.0805242 0.07452327 0.99626034 -0.0017344512 1.332843 178 16.13782 15.585557 0.0034263702 15.429502 0.0035819884 15.36251 0.00400038 15.675792 0.2892464 1155.2968 4.0252943 1551.5436 4.337853 1565.2958 5.7659097 1376.6404 4.915231 14.738514 0.23473683 19.494253 0.370893 57.32818 0.8610962 91.149185 1.0089271 146.5666 1.1550635 225.85748 0.58839655 248.34538 1.9402041 5260.2715 10133.044 d121 1.8264067 1.6902969 40.12641 3.5 0 2.3609571 1.2 1.0805242 0.07452327 0.9822241 -0.0036085271 1.429851 176 16.381376 3.5
84004 97.4396430037188 -19.01720608861868 19.318459 0.035182063 18.651855 0.015572703 17.359304 0.00688737 17.748306 0.013479159 18.339577 0.02354172 99.0 99.0 19.597956 0.08539924 18.836636 0.04335634 19.365618 0.06237819 18.930658 0.03548698 17.365477 0.008154993 17.419903 0.015733393 0 2.7905376 1.21 1.2484678 0.19901818 0.97602504 -0.012260236 1.1963946 43 18.21497 17.988829 0.0141528 17.783216 0.019140193 17.741901 0.025961986 5.759031 0.26150566 134.35681 2.3306134 465.63098 3.0616887 174.92 4.1816487 99.30828 4.0278807 -1.4895427 0.17827037 2.9895034 0.29805553 6.8160124 0.6659428 8.012515 0.7144769 20.285631 0.78392404 36.12537 0.34407955 67.70283 1.7254773 5874.0303 10127.644 d121 1.9179409 1.5362358 -9.262733 3.5 0 6.870993 1.2 1.2484678 0.19901818 0.9546961 0.03412661 2.032306 67 18.810776 3.5
15925 111.74784827851144 -20.30651369775245 19.072184 0.08533612 17.671328 0.02251437 17.029812 0.011337103 17.172682 0.012434087 17.074543 0.014115851 19.069069 0.123728484 18.845306 0.19326916 18.035303 0.07771703 18.104662 0.07827793 17.396894 0.034489077 16.903566 0.011980813 16.562057 0.014192895 0 2.1249478 1.23 1.248064 0.19875908 0.9830104 -0.0047484576 1.1079615 33 17.58681 17.288465 0.012738169 17.145458 0.017914288 17.106283 0.024341453 0.5247631 0.42972097 82.181435 4.4114885 156.04655 3.5625775 131.42767 2.9458017 76.021645 2.349794 1.0620037 0.3229745 1.9259163 0.5539134 3.3430943 1.1940229 4.707283 1.2399852 19.271988 1.2841346 20.008883 0.4145017 45.9195 1.0761198 909.2682 1677.8378 d130 1.5445682 1.2375712 81.760216 3.5 0 2.578565 1.33 1.248064 0.19875908 0.98304784 -0.00041439757 1.3263581 44 17.929129 3.5
102755 111.73918316908428 -19.61428794167368 19.246256 0.10789818 17.56544 0.02100312 17.304604 0.013640877 18.089642 0.022701185 17.977266 0.025554255 18.430021 0.07846232 18.134462 0.11414378 17.783554 0.06612607 17.895742 0.06764205 17.326593 0.033415716 16.959032 0.012479929 16.596355 0.014586362 0 2.2927246 1.23 1.1723813 0.14703518 0.98257893 -0.013202502 1.3202602 21 18.094006 18.108177 0.023249626 17.91589 0.034324676 17.734673 0.042324856 2.0008388 0.4324809 80.57258 4.4108925 133.4077 3.5358827 73.67681 2.8714182 47.46873 2.3124673 2.7555575 0.32720116 0.27428007 0.5474645 7.5905495 1.2048253 11.083489 1.2559518 17.692406 1.281004 18.934477 0.41305876 40.410973 1.065227 942.7396 6209.432 d130 1.4273914 1.2175146 -86.55947 3.5 0 2.8080888 1.33 1.1723813 0.14703518 0.9892811 -0.008004278 1.2013185 30 18.08743 3.5
110940 110.50113935091416 -19.547547212768198 18.897985 0.082286306 17.632988 0.022571916 16.786991 0.009753812 16.39964 0.007773035 16.236572 0.008389316 18.710258 0.10237287 18.392004 0.14296669 18.351612 0.10651692 18.058483 0.07996628 17.4735 0.03790039 16.420376 0.009044829 15.884563 0.009719702 0 2.2190456 1.23 1.0230926 0.022571445 0.99882936 -0.00013773823 1.3756307 64 17.463444 16.641335 0.008311713 16.469007 0.010482691 16.437643 0.013776123 2.0429895 0.43242204 83.77183 4.4133873 204.90341 3.6216402 243.30026 3.0863116 175.3223 2.4774568 1.393298 0.3237862 2.3839185 0.55573523 3.459624 1.1943104 5.5684614 1.242102 15.6506605 1.2760772 30.25638 0.42905414 83.078476 1.1486696 8577.652 6651.6704 d130 1.4856119 1.4520795 41.389893 3.5 0 2.3922098 1.33 1.0230926 0.022571445 0.97760826 -0.0008281062 1.4910042 58 18.023483 3.5
149011 110.62208914206016 -19.22867735660404 18.883179 0.08163438 18.087606 0.031967826 17.103079 0.011996429 16.644531 0.009040501 16.252748 0.008515181 18.881447 0.11740002 18.346209 0.13913313 18.536835 0.12524147 18.212217 0.090594724 17.838774 0.0502172 16.20627 0.008021417 16.172466 0.011497692 0 2.2597744 1.23 1.0416242 0.03996092 0.97128564 0.00067013566 1.4613013 59 17.726883 16.891441 0.009738638 16.682003 0.012354698 16.59946 0.015767323 1.9525125 0.43202755 60.39198 4.3830624 160.66328 3.5664527 209.61182 3.043294 186.68271 2.4905303 1.9430894 0.32495508 2.438932 0.55565846 4.1567893 1.1953825 6.598403 1.2439622 10.108343 1.2629759 38.634518 0.44041035 67.18318 1.11774 7836.216 8740.841 d130 1.4764588 1.4174582 58.09208 3.5 0 2.5101266 1.33 1.0416242 0.03996092 0.976882 -0.00019221686 1.5218418 54 18.300444 3.5
10059 100.58615212141436 -21.656517394242453 20.365845 0.07654395 17.536957 0.010187921 16.647472 0.004972405 16.33556 0.0048505347 16.296011 0.007149437 20.10034 0.09062824 19.515713 0.09870644 18.400007 0.042986147 18.307636 0.03476764 17.37555 0.016521277 16.270767 0.0050132317 15.666475 0.006964542 0 4.5842667 2.45 1.1869608 0.15751219 0.98353505 -0.0050027296 2.0550184 89 18.07094 16.609888 0.004838405 16.34345 0.005202411 16.32434 0.0064737047 2.1822603 0.20263584 211.16035 2.48335 599.50146 3.185364 640.7131 3.8193252 358.29297 3.9196434 1.2550232 0.17049854 2.0931036 0.28192148 10.224156 0.66995716 15.29427 0.73667365 43.40986 0.85990745 76.5869 0.40985057 180.8523 1.7534276 911.8475 1981.9185 d138 2.0830343 1.754931 -87.463745 3.5 0 5.243599 2.73 1.1869608 0.15751219 0.98352665 0.00032217053 2.3676474 110 18.699799 3.5
326 101.79837938655064 -21.822759483274428 99.0 99.0 15.731457 0.0036071814 16.033955 0.0037837136 15.284037 0.002610826 15.249755 0.0031658476 18.633049 0.04174783 99.0 99.0 16.975658 0.018452695 16.393711 0.0123354895 15.523619 0.0062166043 15.3291235 0.003036061 15.208357 0.004429101 0 3.278275 1.35 1.1283056 0.11371529 0.99528724 0.0030313036 1.6803088 145 16.663708 15.498351 0.0026784544 15.330601 0.0027214966 15.295246 0.0030324874 1.0826108 0.33803248 1276.9152 5.121196 1399.0156 4.6718616 1636.4456 4.569522 977.42816 3.7994304 5.0685606 0.27396545 3.110053 0.39347696 59.89201 1.1488686 97.05449 1.2950624 228.71251 1.5717986 188.20367 0.5991219 354.76465 1.7986362 2742.5266 900.7462 d139 1.8385628 1.6294901 5.4810147 3.5 0 2.6155047 1.37 1.1283056 0.11371529 0.9953895 -0.0015078003 1.3565279 111 16.812431 3.5
56336 100.86113612441686 -21.122976284839623 20.61977 0.12404589 18.22535 0.01527566 17.089825 0.006506133 16.946896 0.0061638146 16.215315 0.005367026 20.212563 0.13742013 19.909418 0.1499289 18.928005 0.06928015 18.678978 0.054072022 17.904348 0.024229402 16.786177 0.006447067 15.949642 0.006598008 0 3.0527022 1.35 1.0616542 0.0580737 0.9196777 0.018284874 1.8713048 104 17.871603 16.881506 0.0055880635 16.60363 0.0060601123 16.537397 0.0073523205 0.49482945 0.33669752 158.07176 3.7968793 452.66437 3.688695 521.2443 3.5288725 458.69485 3.3485935 0.49672356 0.26044363 1.831624 0.38866428 7.433487 1.0044028 9.429452 1.0683755 27.360613 1.150582 56.791267 0.44873494 184.60905 1.5769719 8452.043 5480.949 d139 1.7760967 1.6729522 9.227514 3.5 0 3.0496006 1.37 1.0616542 0.0580737 0.9678264 0.0049397373 1.8332405 94 18.128761 3.5
206 106.0232766208289 -21.829833993985865 18.250694 0.039733145 16.888613 0.011220732 17.381723 0.011485706 16.868357 0.008420756 17.025787 0.012031188 17.563536 0.033712685 16.965345 0.033022217 16.812551 0.026604826 16.910295 0.026592886 16.82904 0.019956023 17.029848 0.010506897 16.914383 0.014932565 0 3.5894227 1.5 1.0535265 0.05080694 0.98032343 0.00011296724 1.6214179 50 18.320179 17.118153 0.0093118735 16.993471 0.014325784 16.993105 0.020679068 8.44867 0.67511696 350.01025 8.047776 262.5943 7.017134 326.25604 6.2124043 159.31827 4.8272038 8.304089 0.50879264 12.495635 0.7253684 39.413593 1.9819956 37.31706 2.09775 59.564537 2.333487 35.349094 0.8382345 61.58668 2.2082489 4644.167 858.1025 d142 1.5697505 1.4899963 21.813807 3.5 0 2.1335418 1.35 1.0535265 0.05080694 0.98201275 -0.0072106705 1.2900637 35 17.983978 3.5
245 106.04348039602078 -21.829652515791288 19.746775 0.14674993 17.66741 0.020668458 17.445766 0.012032915 16.577408 0.006982456 16.453377 0.008037985 19.384674 0.15877692 18.954697 0.17343655 18.501902 0.10594976 18.710379 0.11691023 17.636732 0.037289347 16.842228 0.009222927 16.301376 0.00980542 0 3.4553258 1.5 1.1224191 0.10906726 0.98657674 -0.0051870267 1.4280586 44 17.91071 16.838888 0.0075615775 16.716944 0.011317538 16.683388 0.01570124 2.0603368 0.6673719 175.59752 7.9276066 254.2985 7.0077753 433.95535 6.274067 293.01382 4.909489 2.1437562 0.49881542 1.5758398 0.7023678 6.218788 1.9306436 8.477457 2.0540855 30.571918 2.2963767 43.772945 0.84378034 111.60198 2.2557106 4521.396 859.17017 d142 1.5227959 1.3567088 9.345887 3.5 0 2.1707172 1.35 1.1224191 0.10906726 0.9815714 -0.007229519 1.2156017 35 18.049984 3.5
19943 106.63407469931715 -21.61093702343349 19.871412 0.16253898 17.428696 0.017382748 16.49847 0.0062375474 16.578253 0.007099406 17.079073 0.012793882 19.466093 0.16991073 19.292269 0.23694727 18.293858 0.08988144 18.089565 0.069749966 17.249004 0.027602384 16.305618 0.006459777 15.952834 0.0077670976 0 2.736652 1.5 1.2352026 0.19041622 0.9854814 -0.006776584 1.3110802 41 17.493685 16.755888 0.0071168286 16.647783 0.010681469 16.621761 0.014874176 1.3488176 0.66670686 194.23857 7.9418335 547.5558 7.189147 459.29892 6.2906938 166.5817 4.830053 1.9875852 0.49868393 0.009298285 0.6992342 11.478853 1.939131 15.480852 2.064942 42.161327 2.3112483 76.111534 0.86675996 181.4732 2.3226013 925.6324 2280.3792 d142 1.6435603 1.3305998 81.9632 3.5 0 3.851794 1.35 1.2352026 0.19041622 0.98998934 -0.001211035 1.4922602 50 17.617348 3.5
28504 106.63312887890888 -21.519411146983376 20.023655 0.18719414 17.954271 0.026415827 17.004604 0.008669846 16.95652 0.00913039 17.340689 0.015348333 19.36526 0.1556606 19.197605 0.21455866 18.66916 0.123343214 18.764982 0.12321847 17.670635 0.03822983 16.752565 0.0086339675 16.15534 0.008797631 0 2.618443 1.5 1.1327182 0.11716789 0.98406005 -0.006777525 1.2714399 36 17.825705 17.15224 0.009564956 17.002907 0.014455798 16.920336 0.019384239 2.053206 0.66788495 112.82976 7.891748 366.01788 7.0820355 348.8716 6.2270813 143.92918 4.8180346 1.9127811 0.49883637 0.8482037 0.70138603 7.2942996 1.9337922 9.808706 2.057657 29.479351 2.2967668 50.92005 0.8494829 148.74026 2.292836 928.5599 2879.5596 d142 1.4716433 1.299214 69.17677 3.5 0 4.3899755 1.35 1.1327182 0.11716789 0.9993617 -0.001974143 1.4924688 37 18.161833 3.5
