Ha-emitters-disk/Halpha-disk_splus_16r175-Mine_PerField.ecsv
# %ECSV 1.0
# ---
# datatype:
# - {name: NUMBER, datatype: int64}
# - {name: ALPHA, datatype: float64}
# - {name: DELTA, datatype: float64}
# - {name: u, datatype: float64}
# - {name: uerr, datatype: float64}
# - {name: g, datatype: float64}
# - {name: gerr, datatype: float64}
# - {name: r, datatype: float64}
# - {name: rerr, datatype: float64}
# - {name: i, datatype: float64}
# - {name: ierr, datatype: float64}
# - {name: z, datatype: float64}
# - {name: zerr, datatype: float64}
# - {name: F378, datatype: float64}
# - {name: F378err, datatype: float64}
# - {name: F395, datatype: float64}
# - {name: F395err, datatype: float64}
# - {name: F410, datatype: float64}
# - {name: F410err, datatype: float64}
# - {name: F430, datatype: float64}
# - {name: F430err, datatype: float64}
# - {name: F515, datatype: float64}
# - {name: F515err, datatype: float64}
# - {name: F660, datatype: float64}
# - {name: F660err, datatype: float64}
# - {name: F861, datatype: float64}
# - {name: F861err, datatype: float64}
# - {name: flags_i, datatype: int64}
# - {name: fwhm_i, datatype: float64}
# - {name: fwhm_psf_i, datatype: float64}
# - {name: ellog_i, datatype: float64}
# - {name: ellip_i, datatype: float64}
# - {name: class_i, datatype: float64}
# - {name: spread_i, datatype: float64}
# - {name: flux_radius_i, datatype: float64}
# - {name: area_i, datatype: int64}
# - {name: mumax_i, datatype: float64}
# - {name: mag_aper2_i, datatype: float64}
# - {name: magerr_apper2_i, datatype: float64}
# - {name: mag_aper4_i, datatype: float64}
# - {name: magerr_apper4_i, datatype: float64}
# - {name: mag_aper6_i, datatype: float64}
# - {name: magerr_apper6_i, datatype: float64}
# - {name: flux_aper6_u, datatype: float64}
# - {name: fluxerr_aper6_u, datatype: float64}
# - {name: flux_aper6_g, datatype: float64}
# - {name: fluxerr_aper6_g, datatype: float64}
# - {name: flux_aper6_r, datatype: float64}
# - {name: fluxerr_aper6_r, datatype: float64}
# - {name: flux_aper6_i, datatype: float64}
# - {name: fluxerr_aper6_i, datatype: float64}
# - {name: flux_aper6_z, datatype: float64}
# - {name: fluxerr_aper6_z, datatype: float64}
# - {name: flux_aper6_F378, datatype: float64}
# - {name: fluxerr_aper6_F378, datatype: float64}
# - {name: flux_aper6_F395, datatype: float64}
# - {name: fluxerr_aper6_F395, datatype: float64}
# - {name: flux_aper6_F410, datatype: float64}
# - {name: fluxerr_aper6_F410, datatype: float64}
# - {name: flux_aper6_F430, datatype: float64}
# - {name: fluxerr_aper6_F430, datatype: float64}
# - {name: flux_aper6_F515, datatype: float64}
# - {name: fluxerr_aper6_F515, datatype: float64}
# - {name: flux_aper6_F660, datatype: float64}
# - {name: fluxerr_aper6_F660, datatype: float64}
# - {name: flux_aper6_F861, datatype: float64}
# - {name: fluxerr_aper6_F861, datatype: float64}
# - {name: x, datatype: float64}
# - {name: y, datatype: float64}
# - {name: field, datatype: string}
# - {name: a_image, datatype: float64}
# - {name: b_image, datatype: float64}
# - {name: theta_image, datatype: float64}
# - {name: kron_radius_i, datatype: float64}
# - {name: flags_r, datatype: int64}
# - {name: fwhm_r, datatype: float64}
# - {name: fwhm_psf_r, datatype: float64}
# - {name: ellog_r, datatype: float64}
# - {name: ellip_r, datatype: float64}
# - {name: class_r, datatype: float64}
# - {name: spread_r, datatype: float64}
# - {name: flux_radius_r, datatype: float64}
# - {name: area_r, datatype: int64}
# - {name: mumax_r, datatype: float64}
# - {name: kron_radius_r, datatype: float64}
# schema: astropy-2.0
NUMBER ALPHA DELTA u uerr g gerr r rerr i ierr z zerr F378 F378err F395 F395err F410 F410err F430 F430err F515 F515err F660 F660err F861 F861err flags_i fwhm_i fwhm_psf_i ellog_i ellip_i class_i spread_i flux_radius_i area_i mumax_i mag_aper2_i magerr_apper2_i mag_aper4_i magerr_apper4_i mag_aper6_i magerr_apper6_i flux_aper6_u fluxerr_aper6_u flux_aper6_g fluxerr_aper6_g flux_aper6_r fluxerr_aper6_r flux_aper6_i fluxerr_aper6_i flux_aper6_z fluxerr_aper6_z flux_aper6_F378 fluxerr_aper6_F378 flux_aper6_F395 fluxerr_aper6_F395 flux_aper6_F410 fluxerr_aper6_F410 flux_aper6_F430 fluxerr_aper6_F430 flux_aper6_F515 fluxerr_aper6_F515 flux_aper6_F660 fluxerr_aper6_F660 flux_aper6_F861 fluxerr_aper6_F861 x y field a_image b_image theta_image kron_radius_i flags_r fwhm_r fwhm_psf_r ellog_r ellip_r class_r spread_r flux_radius_r area_r mumax_r kron_radius_r
[from data line 423]
159564 126.2680562702512 -31.81376522493781 19.171305 0.06698479 17.875538 0.019067623 17.370377 0.010570285 17.152802 0.008983226 17.058397 0.010770271 18.622158 0.0670333 18.328978 0.07539329 18.325302 0.073055334 18.09096 0.055422843 17.652325 0.02993734 17.0982 0.0103089465 17.089727 0.014760361 0 2.2893631 1.3 1.0726072 0.06769222 0.9810454 -0.00058277143 1.4894397 52 18.217491 17.424706 0.010251665 17.248465 0.014953749 17.203646 0.020635756 5.0535307 0.6737067 181.80121 7.584065 287.47113 6.2960563 282.1899 5.3620644 190.44951 4.6085033 4.2334313 0.49906301 4.630941 0.6929546 9.738128 1.9098392 17.039736 2.0222578 33.417717 2.1119199 38.683292 0.7251672 61.015503 1.9554851 4470.8857 8218.294 d279 1.5176553 1.4149218 14.396015 3.5 0 2.7787974 1.46 1.0726072 0.06769222 0.97843367 -0.00037691687 1.6431806 56 18.710936 3.5
88 127.49795762486109 -32.93668406705629 18.787687 0.029361097 16.769007 0.0062020244 16.596416 0.005249229 15.659986 0.003354256 15.425415 0.0037042575 18.146666 0.028117424 18.25494 0.047185536 17.77717 0.029916184 17.660872 0.02573319 17.040041 0.014111942 15.947969 0.004097528 15.45166 0.005009456 0 2.2903767 1.12 1.087968 0.08085531 0.99830395 -0.001482672 1.2002187 75 16.182268 15.8122225 0.0033989071 15.7314005 0.004096001 15.697462 0.0050693247 5.007197 0.43060672 495.99936 5.0598187 736.51154 4.821919 1081.9706 5.0505157 772.6589 4.778726 4.561223 0.3180453 3.8449886 0.45258602 20.145767 1.222027 28.117458 1.3239404 67.29717 1.4573138 108.515816 0.5952322 267.2525 1.9309455 6840.8784 867.3212 d280 1.4588164 1.3408633 -18.05231 3.5 0 2.004674 1.24 1.087968 0.08085531 0.99954253 -0.0017846337 1.1248192 60 16.846516 3.5
693 128.237489165984 -32.92927175664813 99.0 99.0 18.252974 0.01556144 17.410963 0.008456069 16.064537 0.004159567 15.712423 0.004317727 20.90223 0.24020542 20.13272 0.19880863 20.278826 0.21092114 19.225353 0.078982286 18.23603 0.029354304 16.617414 0.005906666 15.793117 0.005992099 0 1.9745796 1.12 1.0527192 0.050079107 0.98374975 0.0006875804 1.1849648 66 16.675404 16.2647 0.004400442 16.172245 0.005596618 16.150112 0.0072550466 -0.43808103 0.42126337 123.56717 4.652205 299.73145 4.4074974 713.1082 4.7639346 575.6854 4.6459885 -0.2605828 0.30627242 0.2042432 0.44022092 0.45869046 1.1726907 3.8294718 1.2657907 17.934166 1.3564187 55.93518 0.5394158 192.2044 1.8435638 2777.7473 910.99603 d280 1.4002988 1.3301731 32.508564 0.0 0 1.9612002 1.24 1.0527192 0.050079107 0.9817178 -0.008460418 1.1559812 48 17.697868 3.5
67310 128.56346774300755 -32.49230182063867 19.3155 0.041204024 18.009308 0.012825238 17.300568 0.007667272 16.865732 0.0064950893 16.741575 0.007871156 18.938456 0.047790334 18.677567 0.060261987 18.294569 0.04134362 18.146639 0.034162227 17.523191 0.0183697 17.01226 0.0074972496 16.71636 0.010260877 0 1.4721354 1.12 1.0460572 0.044029355 0.98316 -0.0040626815 1.0932041 54 17.208488 17.043032 0.0071851294 16.89873 0.009795677 16.814629 0.012640728 4.921211 0.43045357 199.98274 4.741382 360.9151 4.4704113 386.6775 4.500815 212.00652 4.399556 2.3527973 0.31251493 3.4191327 0.4511966 14.015508 1.2071593 19.290329 1.3034533 41.295246 1.4055831 39.877457 0.52162087 78.61469 1.7057736 964.7158 3760.3115 d280 1.3466171 1.2873265 45.36251 3.5 0 2.3581412 1.24 1.0460572 0.044029355 0.9835995 0.0034601267 1.2536478 51 18.088112 3.5
96600 128.5625978983281 -32.30062668025933 19.607378 0.05169168 17.4857 0.009563447 16.568083 0.005164653 16.092989 0.004269157 16.49849 0.0071234736 19.13391 0.055411592 19.089342 0.08142957 18.356714 0.043356024 18.094305 0.033257093 17.082043 0.014234924 16.231405 0.004861833 15.718691 0.005923545 0 2.100704 1.12 1.2046477 0.1698817 0.9865203 -0.0018205314 1.0742486 56 16.49606 16.255861 0.004379287 16.178541 0.0056231325 16.1617 0.007328054 3.7004194 0.42827305 246.2596 4.7925596 582.1683 4.6806707 705.538 4.7607927 302.25705 4.4627686 2.3687851 0.31255534 2.3160992 0.44757771 12.95653 1.2045723 20.301598 1.3058167 58.69868 1.4404128 80.97534 0.56684583 199.75221 1.8535178 959.934 5015.016 d280 1.4355319 1.1916612 83.55898 3.5 0 2.3160894 1.24 1.2046477 0.1698817 0.98181677 -0.0047115018 1.1356819 54 17.117926 3.5
108356 127.61725917227704 -32.22690892730318 19.493385 0.048207175 17.837408 0.011753358 17.240992 0.0074102143 17.032291 0.0070710396 16.81512 0.008251676 19.10785 0.056111783 19.067087 0.08090056 18.391005 0.04563816 18.401155 0.04191968 17.94897 0.024060031 17.04705 0.0074658315 16.68411 0.00990627 0 2.259462 1.12 1.0753059 0.07003212 0.9915491 0.0062426617 1.312046 58 17.991657 17.143446 0.007684735 16.99063 0.01054388 16.936037 0.01402713 3.312228 0.4275447 214.97792 4.7576895 353.75574 4.4631457 345.76865 4.46606 235.60568 4.4158516 2.5611308 0.31301725 3.144688 0.45026514 13.725347 1.2063614 15.394465 1.2942121 32.28942 1.3871179 40.99122 0.52286434 89.75578 1.7197745 6190.843 5514.509 d280 1.4608421 1.3585362 16.250463 3.5 0 2.2030904 1.24 1.0753059 0.07003212 0.9840161 0.0049799415 1.4211429 58 18.230381 3.5
141504 127.58515806837568 -32.00058091443643 19.536846 0.050837707 17.977095 0.013055782 17.388136 0.008221884 17.104506 0.0074980883 16.994001 0.009305914 18.972956 0.05150367 18.799006 0.068163 18.331394 0.04433306 18.277447 0.038771354 17.721464 0.02134835 17.166683 0.0081071835 16.99648 0.011922838 0 2.071013 1.12 1.0829159 0.07656729 0.9996417 0.000304346 1.1630671 47 17.962328 17.291494 0.008508924 17.174044 0.012254204 17.152319 0.016916722 3.303747 0.42756215 173.3041 4.711626 283.36728 4.394336 283.31705 4.413256 174.92375 4.373318 3.4555912 0.3152887 2.2892969 0.4474894 14.885543 1.2092805 17.471016 1.2991906 31.976534 1.3865739 34.842014 0.51580715 61.081585 1.6833156 6370.752 6995.706 d280 1.4151187 1.3067669 26.61337 3.5 0 2.236734 1.24 1.0829159 0.07656729 0.9890965 -0.0003340059 1.3229699 53 18.487707 3.5
147974 127.91618921144732 -31.954751192796436 18.898443 0.031293288 16.832384 0.0064485427 16.433195 0.0047462727 16.190296 0.0044677625 16.036509 0.0052562784 18.005426 0.025900438 17.548315 0.028340813 17.320446 0.021965556 17.138533 0.018068993 16.730705 0.011682903 16.187157 0.0047176485 15.897905 0.0064652176 0 2.066763 1.12 1.0524961 0.049877644 0.9989464 -0.0004212353 1.1601443 81 16.946062 16.38685 0.004739117 16.271717 0.0060253036 16.231627 0.007757561 6.75135 0.43366972 499.12152 5.0627546 687.67114 4.777397 661.5309 4.725475 430.86536 4.5510197 7.0736156 0.32419938 10.290676 0.4730861 30.674545 1.2470623 45.28911 1.3628213 84.71798 1.4908769 85.835884 0.57192725 168.70653 1.8166876 4532.7515 7295.5405 d280 1.4737191 1.4002135 32.409946 3.5 0 2.201645 1.24 1.0524961 0.049877644 0.98270774 0.0007968422 1.3319644 87 17.49507 3.5
200333 127.82064718708271 -31.518707357217934 19.415207 0.046196807 17.790075 0.011610649 17.193768 0.0073721893 17.176891 0.007815261 16.795908 0.00831384 19.088116 0.056565452 18.956589 0.07527254 18.349693 0.045305196 18.273777 0.03932643 17.709116 0.021160217 17.094576 0.007772295 16.79715 0.010678717 0 2.4223676 1.12 1.0854076 0.07868719 0.94371015 0.008347813 1.4016106 59 17.97074 17.22862 0.008147458 17.09113 0.011449023 17.14128 0.016758483 1.9730707 0.42526716 181.82967 4.7221723 329.01602 4.4401703 286.21268 4.416658 244.06645 4.423076 1.8364936 0.31127897 3.3942583 0.4512164 6.720234 1.1894962 13.55886 1.2902657 36.395958 1.3959153 35.90869 0.51714635 65.349525 1.6891682 5061.27 10150.491 d280 1.5559425 1.4335098 49.444714 3.5 0 2.4509983 1.24 1.0854076 0.07868719 0.9887165 0.0015237061 1.5092787 65 18.197945 3.5
33108 105.27152478054184 -33.6826303905765 19.1002 0.06993815 17.757812 0.017677 17.381203 0.010496657 17.185686 0.00863166 17.137465 0.01106832 18.587029 0.06484777 18.210558 0.064306326 18.05953 0.05841689 17.885622 0.05757447 17.589592 0.02766531 17.0859 0.009579931 17.139734 0.015219102 0 2.7122505 1.58 1.1379827 0.121252 0.9869373 -1.6790591e-05 1.6494287 68 18.572386 17.473906 0.009452543 17.254116 0.01269369 17.20552 0.017160257 3.579255 0.5212024 182.2731 5.781858 280.3581 4.8885727 275.03757 4.345963 174.83696 3.8272843 2.9124324 0.39744323 4.6844406 0.5682396 14.172194 1.5118341 19.733078 1.9624282 30.899828 1.6858695 37.239132 0.56162447 61.336815 1.6639307 2870.879 5013.224 d282 1.7915615 1.574331 -88.534134 3.5 0 4.078842 2.31 1.1379827 0.121252 0.98309106 0.00027850055 2.1428506 75 19.310081 3.5
44234 105.45087288467482 -33.473978773367165 19.678009 0.11582518 18.087864 0.023013748 17.407715 0.010693919 17.105642 0.008213621 16.974941 0.009914612 19.335745 0.12286481 19.354782 0.16757315 18.64328 0.096145965 18.634928 0.10568146 17.936224 0.036046006 17.096697 0.009601659 17.003155 0.013972139 0 2.719738 1.58 1.1172884 0.10497588 0.98074853 -0.0004505069 1.6950272 70 18.574585 17.39621 0.008943776 17.17526 0.011901029 17.119293 0.015919983 2.620307 0.5196975 136.9024 5.739225 267.2689 4.876123 297.77133 4.365115 200.12195 3.847225 1.4377974 0.3944153 2.2413125 0.56175816 7.2897687 1.4980893 10.863159 1.9411845 24.463453 1.6746646 40.66747 0.5652122 66.34956 1.6702813 1885.2473 6373.568 d282 1.7505603 1.5667937 -85.26909 3.5 0 4.2666845 2.31 1.1172884 0.10497588 0.982887 0.00066079356 2.1517122 69 19.38089 3.5
417 107.11556620314842 -34.312191062034096 19.24962 0.09148089 17.515701 0.013349041 17.09822 0.008064166 16.544722 0.005870423 16.480844 0.007661551 18.736137 0.083225995 18.47389 0.07322001 17.890985 0.048708327 18.041674 0.055909548 17.224539 0.021884318 16.781605 0.007805035 16.478498 0.010613357 0 2.82174 1.67 1.1148217 0.102995574 0.9832524 -0.00076565106 1.7484585 65 18.089073 16.88376 0.006229438 16.628782 0.007512442 16.533728 0.009391757 5.5890756 0.63017386 240.39745 5.6082025 392.3042 4.7703066 519.1697 4.4897933 337.16522 4.0413857 2.5744145 0.46866456 3.4417107 0.5472446 16.315151 1.472423 15.84992 1.5388376 50.85283 1.6612045 51.709812 0.57023984 114.613686 1.7373253 2057.9465 887.59406 d283 1.646507 1.4769241 -1.8957872 3.5 0 2.9732306 1.65 1.1148217 0.102995574 0.99046034 -0.0049569323 1.5414538 44 18.423668 3.5
6483 106.41739738157573 -34.21390608904675 18.969015 0.07098621 17.745354 0.015507391 17.396475 0.009610313 17.246428 0.009124001 17.25993 0.013263092 18.426273 0.06383706 18.209919 0.05856272 17.98024 0.051800687 17.992302 0.053312607 17.541275 0.027520973 17.218122 0.010353396 17.269514 0.018263822 0 2.867188 1.67 1.0127891 0.012627661 0.97788936 0.00061943533 1.7837204 66 18.763016 17.573112 0.009930682 17.319439 0.01304443 17.269194 0.017588336 5.440282 0.63038063 191.36427 5.565843 276.47983 4.6667857 263.7075 4.27088 152.60298 3.8999512 3.9159837 0.47239923 5.3072743 0.5526568 16.102278 1.4731015 16.167816 1.540629 32.190487 1.6298149 33.733616 0.5513601 50.587776 1.6562368 5833.271 1541.6805 d283 1.6233958 1.6028961 81.299095 3.5 0 2.7866204 1.65 1.0127891 0.012627661 0.9732949 -0.0005449958 1.7326002 68 18.88621 3.5
23092 107.31567142663472 -33.95030023745632 19.29907 0.09519339 17.588104 0.0140199745 16.860935 0.006893708 16.920229 0.007560693 17.290834 0.013805507 19.12817 0.11564705 18.73544 0.08925948 18.204807 0.062188923 18.068092 0.05645004 17.350998 0.024008859 16.718973 0.0074642585 16.339117 0.009715131 0 2.8111253 1.67 1.2490784 0.19940972 0.98782945 -0.0073349494 1.3721015 54 17.906733 17.103323 0.0071880934 16.933296 0.009533157 16.89792 0.012762893 5.466274 0.6299486 196.09288 5.5662513 423.36862 4.7985425 371.22034 4.362657 151.74878 3.896397 2.393581 0.46820724 3.4918337 0.54737955 15.3315935 1.4704431 19.913258 1.5468851 42.81961 1.6472589 55.579033 0.5743 119.89511 1.7439396 956.7667 3248.7908 d283 1.7637583 1.4120477 84.335625 3.5 0 3.5294683 1.65 1.2490784 0.19940972 0.986702 -0.005082315 1.6104934 58 18.154215 3.5
57486 105.61317715460596 -33.41264191206711 99.0 99.0 18.154211 0.021544239 17.386469 0.009650784 17.098986 0.0083649615 16.901928 0.010320068 19.321033 0.13604385 99.0 99.0 19.089573 0.1331154 18.645628 0.09396686 17.758722 0.032987595 17.190435 0.010353106 17.072695 0.016037688 0 3.0462153 1.67 1.0365584 0.035269022 0.9815689 0.00037782884 1.8538309 74 18.717228 17.4491 0.009076915 17.17479 0.011567632 17.111917 0.015337896 -0.031942844 0.6199364 124.377335 5.498494 281.4956 4.66885 304.81302 4.304963 222.01971 3.9525392 2.816111 0.46934667 1.9832317 0.54338723 4.686282 1.4490668 8.364254 1.5241354 28.752485 1.622789 30.78824 0.54784065 64.598694 1.6736293 10230.596 6766.893 d283 1.6992065 1.6392771 50.96335 0.0 0 2.9868388 1.65 1.0365584 0.035269022 0.9725544 0.0005985179 1.8754596 72 18.980236 3.5
80783 106.4992911311205 -33.05737509698525 19.525055 0.117115796 17.35101 0.011817102 16.581308 0.005761369 16.298027 0.005040744 16.182552 0.006293769 18.94547 0.09962059 18.722143 0.08991237 18.011248 0.053416867 17.87547 0.049334668 17.15261 0.021021577 16.304995 0.005921038 16.21696 0.008938333 0 2.9835567 1.67 1.0189979 0.018643677 0.9815747 0.00038724608 1.8290336 102 17.907063 16.643278 0.0053663515 16.384893 0.006250535 16.33247 0.007961183 4.4068456 0.62843496 271.20282 5.6408176 581.8691 4.9428687 624.9022 4.5809956 419.9597 4.10693 2.4691324 0.46872106 3.1613011 0.54686385 15.453448 1.4716855 18.553806 1.5452385 49.20392 1.6594048 75.37628 0.5949535 137.87689 1.7672832 5388.485 9112.05 d283 1.7579244 1.7251502 60.587925 3.5 0 3.0432255 1.65 1.0189979 0.018643677 0.9817301 0.0006360158 1.8637067 100 18.203772 3.5
81824 115.75661462772962 -33.664326719164364 20.23211 0.08698114 18.02731 0.01712632 17.120537 0.008146158 16.666548 0.006359027 17.335852 0.012803004 19.696371 0.108907074 19.555153 0.14870882 18.683859 0.074192196 18.430466 0.05687266 17.625967 0.025917022 16.655111 0.007211068 16.174335 0.007905998 0 2.3563488 1.3 1.1681031 0.14391118 0.9841039 -0.009902444 1.132481 40 17.154287 16.788363 0.0062781274 16.700327 0.008732788 16.649559 0.011516059 1.9752228 0.27666602 124.1104 5.20338 310.4033 4.7702465 433.48785 4.596751 151.76833 3.93236 0.9177559 0.26661575 2.1217191 0.44442275 3.6686242 1.2090847 9.889107 1.3563693 26.681866 1.5426797 52.925312 0.60957736 134.84644 1.7922833 994.81433 5121.1484 d288 1.4105777 1.2075797 88.05924 3.5 0 3.0422792 1.34 1.1681031 0.14391118 0.98232603 -0.006198894 1.1749485 36 17.741703 3.5
98575 115.25764637371648 -33.53729445253333 20.543846 0.11996694 18.472822 0.024394466 17.430292 0.009829827 16.94348 0.0073561445 16.670336 0.008144153 20.960981 0.3455689 20.345352 0.311327 19.535223 0.16126823 19.605492 0.15986015 18.376347 0.047003902 17.07957 0.009586236 16.599874 0.010029088 0 3.0020175 1.3 1.2394425 0.19318563 0.9792327 0.0027929738 1.6584215 67 17.980955 17.116987 0.007817878 16.902182 0.010259847 16.859665 0.013776723 0.54709077 0.27252877 92.44057 5.168771 262.83118 4.724703 357.2188 4.531588 270.6656 4.0238314 0.5106164 0.2652733 0.25965443 0.43799755 0.2098574 1.200064 4.8880835 1.3444399 12.624609 1.5157322 36.777515 0.5931052 100.27067 1.7491635 3710.607 5967.8276 d288 1.7473617 1.4097965 13.539788 3.5 0 2.773704 1.34 1.2394425 0.19318563 0.92550296 0.0032651147 1.6526601 61 18.60916 3.5
