Ha-emitters-disk/Halpha-disk_splus_185r195-Mine_PerField.ecsv
# %ECSV 1.0
# ---
# datatype:
# - {name: NUMBER, datatype: int64}
# - {name: ALPHA, datatype: float64}
# - {name: DELTA, datatype: float64}
# - {name: u, datatype: float64}
# - {name: uerr, datatype: float64}
# - {name: g, datatype: float64}
# - {name: gerr, datatype: float64}
# - {name: r, datatype: float64}
# - {name: rerr, datatype: float64}
# - {name: i, datatype: float64}
# - {name: ierr, datatype: float64}
# - {name: z, datatype: float64}
# - {name: zerr, datatype: float64}
# - {name: F378, datatype: float64}
# - {name: F378err, datatype: float64}
# - {name: F395, datatype: float64}
# - {name: F395err, datatype: float64}
# - {name: F410, datatype: float64}
# - {name: F410err, datatype: float64}
# - {name: F430, datatype: float64}
# - {name: F430err, datatype: float64}
# - {name: F515, datatype: float64}
# - {name: F515err, datatype: float64}
# - {name: F660, datatype: float64}
# - {name: F660err, datatype: float64}
# - {name: F861, datatype: float64}
# - {name: F861err, datatype: float64}
# - {name: flags_i, datatype: int64}
# - {name: fwhm_i, datatype: float64}
# - {name: fwhm_psf_i, datatype: float64}
# - {name: ellog_i, datatype: float64}
# - {name: ellip_i, datatype: float64}
# - {name: class_i, datatype: float64}
# - {name: spread_i, datatype: float64}
# - {name: flux_radius_i, datatype: float64}
# - {name: area_i, datatype: int64}
# - {name: mumax_i, datatype: float64}
# - {name: mag_aper2_i, datatype: float64}
# - {name: magerr_apper2_i, datatype: float64}
# - {name: mag_aper4_i, datatype: float64}
# - {name: magerr_apper4_i, datatype: float64}
# - {name: mag_aper6_i, datatype: float64}
# - {name: magerr_apper6_i, datatype: float64}
# - {name: flux_aper6_u, datatype: float64}
# - {name: fluxerr_aper6_u, datatype: float64}
# - {name: flux_aper6_g, datatype: float64}
# - {name: fluxerr_aper6_g, datatype: float64}
# - {name: flux_aper6_r, datatype: float64}
# - {name: fluxerr_aper6_r, datatype: float64}
# - {name: flux_aper6_i, datatype: float64}
# - {name: fluxerr_aper6_i, datatype: float64}
# - {name: flux_aper6_z, datatype: float64}
# - {name: fluxerr_aper6_z, datatype: float64}
# - {name: flux_aper6_F378, datatype: float64}
# - {name: fluxerr_aper6_F378, datatype: float64}
# - {name: flux_aper6_F395, datatype: float64}
# - {name: fluxerr_aper6_F395, datatype: float64}
# - {name: flux_aper6_F410, datatype: float64}
# - {name: fluxerr_aper6_F410, datatype: float64}
# - {name: flux_aper6_F430, datatype: float64}
# - {name: fluxerr_aper6_F430, datatype: float64}
# - {name: flux_aper6_F515, datatype: float64}
# - {name: fluxerr_aper6_F515, datatype: float64}
# - {name: flux_aper6_F660, datatype: float64}
# - {name: fluxerr_aper6_F660, datatype: float64}
# - {name: flux_aper6_F861, datatype: float64}
# - {name: fluxerr_aper6_F861, datatype: float64}
# - {name: x, datatype: float64}
# - {name: y, datatype: float64}
# - {name: field, datatype: string}
# - {name: a_image, datatype: float64}
# - {name: b_image, datatype: float64}
# - {name: theta_image, datatype: float64}
# - {name: kron_radius_i, datatype: float64}
# - {name: flags_r, datatype: int64}
# - {name: fwhm_r, datatype: float64}
# - {name: fwhm_psf_r, datatype: float64}
# - {name: ellog_r, datatype: float64}
# - {name: ellip_r, datatype: float64}
# - {name: class_r, datatype: float64}
# - {name: spread_r, datatype: float64}
# - {name: flux_radius_r, datatype: float64}
# - {name: area_r, datatype: int64}
# - {name: mumax_r, datatype: float64}
# - {name: kron_radius_r, datatype: float64}
# schema: astropy-2.0
NUMBER ALPHA DELTA u uerr g gerr r rerr i ierr z zerr F378 F378err F395 F395err F410 F410err F430 F430err F515 F515err F660 F660err F861 F861err flags_i fwhm_i fwhm_psf_i ellog_i ellip_i class_i spread_i flux_radius_i area_i mumax_i mag_aper2_i magerr_apper2_i mag_aper4_i magerr_apper4_i mag_aper6_i magerr_apper6_i flux_aper6_u fluxerr_aper6_u flux_aper6_g fluxerr_aper6_g flux_aper6_r fluxerr_aper6_r flux_aper6_i fluxerr_aper6_i flux_aper6_z fluxerr_aper6_z flux_aper6_F378 fluxerr_aper6_F378 flux_aper6_F395 fluxerr_aper6_F395 flux_aper6_F410 fluxerr_aper6_F410 flux_aper6_F430 fluxerr_aper6_F430 flux_aper6_F515 fluxerr_aper6_F515 flux_aper6_F660 fluxerr_aper6_F660 flux_aper6_F861 fluxerr_aper6_F861 x y field a_image b_image theta_image kron_radius_i flags_r fwhm_r fwhm_psf_r ellog_r ellip_r class_r spread_r flux_radius_r area_r mumax_r kron_radius_r
[from data line 21]
137575 107.52769960159438 -9.196247947967471 99.0 99.0 99.0 99.0 19.469389 0.04114654 18.1521 0.015866714 17.580301 0.01418608 99.0 99.0 99.0 99.0 99.0 99.0 99.0 99.0 99.0 99.0 18.516344 0.024077663 17.73629 0.020631963 0 2.4803975 1.05 1.1563368 0.13520002 0.97871244 -0.003041652 1.1014844 21 18.828678 18.435146 0.02201032 18.249924 0.03419745 18.106989 0.044184815 -0.017891318 0.6080225 1.3667977 6.0681934 43.768227 5.0175185 118.468895 4.8200054 131.30412 4.618606 -0.07113241 0.43991885 0.10312776 0.61001366 0.70031357 1.6215079 1.7873325 1.701777 0.69546 1.768086 9.512528 0.6017841 41.83912 1.9389153 5772.036 10115.528 d024 1.3320624 1.1519675 -4.800108 0.0 0 7.403326 1.17 1.1563368 0.13520002 0.93843037 0.003546258 1.3787727 18 20.095825 3.5
27230 108.60817592789788 -10.329105674525172 19.766006 0.06864965 20.085236 0.09907673 19.45096 0.051162016 19.117344 0.044893987 18.88237 0.054491095 99.0 99.0 99.0 99.0 99.0 99.0 99.0 99.0 20.288921 0.23681186 18.914433 0.038924813 18.782217 0.06607844 0 3.1892114 1.38 1.1962342 0.1640433 0.71035385 0.0002652613 1.4378726 17 20.352234 19.428726 0.05886409 19.279228 0.09998681 19.149914 0.13227773 17.770157 0.40741786 82.35259 5.5322466 59.76809 5.4523377 45.628323 5.557653 19.101591 4.9238815 1.5617625 0.31670678 1.24053 0.48350817 -3.2169466 1.2931577 11.747146 1.4375231 1.2512668 1.63687 21.137075 0.68394136 6.5074115 2.201493 8049.369 2698.6123 d025 1.3367738 1.1174849 -51.231224 3.8343978 0 3.527034 1.46 1.1962342 0.1640433 0.94550174 -0.0019095817 1.779106 20 20.780298 3.8343978
47506 109.57317083350136 -10.117806964202783 99.0 99.0 20.082003 0.09402901 19.099522 0.037184928 18.664028 0.030001657 18.4253 0.035656556 21.74995 0.60154265 99.0 99.0 99.0 99.0 20.106356 0.23824634 19.792099 0.14299446 18.444126 0.026080495 18.504333 0.04958197 0 2.2229497 1.38 1.0303397 0.029446304 0.9686594 -0.0017975175 1.3456002 26 19.744286 18.964792 0.03923283 18.893944 0.07048206 18.967 0.11196147 0.017542781 0.37273514 18.098505 5.4744134 44.877327 5.4442444 54.000813 5.567229 45.261177 4.943794 0.5912467 0.3144825 0.35977477 0.48114425 -0.9577112 1.2940731 1.9489266 1.4175714 6.8271465 1.6477041 9.131122 0.67377377 19.2128 2.2155528 1832.7112 4080.0818 d025 1.2338607 1.1975281 12.281337 3.5 0 2.9781253 1.46 1.0303397 0.029446304 0.97115207 -0.0031193579 1.4321201 20 20.287504 3.5
82286 109.5446273590536 -9.774291241788744 99.0 99.0 20.641085 0.15127641 19.269642 0.042604864 18.15049 0.01933081 17.643534 0.018239437 99.0 99.0 99.0 99.0 20.715122 0.44113448 99.0 99.0 20.251823 0.21226612 18.526627 0.027210526 17.61821 0.02350066 0 2.344924 1.38 1.0424247 0.04069805 0.9731715 0.001091323 1.4726534 34 19.221601 18.391624 0.023902228 18.201183 0.037705787 18.161272 0.05365816 0.30502462 0.37309277 -7.5721393 5.453495 31.110498 5.4298477 113.42034 5.603984 108.96597 4.9805627 0.19490741 0.3132829 0.33470204 0.48076597 1.621091 1.2969588 0.69294107 1.413978 4.446352 1.6425549 9.114514 0.67334557 40.739952 2.2352338 2013.005 6328.9634 d025 1.3416839 1.2870799 -61.531544 3.5 0 2.8887835 1.46 1.0424247 0.04069805 0.91242933 -0.0005042911 1.4654661 21 20.42062 3.5
84012 108.79817087498536 -9.757514521153013 21.658144 0.31618255 19.949957 0.08241451 19.228756 0.04150039 18.748762 0.031636223 18.506607 0.0373355 20.79641 0.25836697 20.771248 0.42767853 20.533659 0.37274423 99.0 99.0 19.611153 0.121782765 18.479218 0.028442992 18.569664 0.051606726 0 2.4379504 1.38 1.145471 0.12699664 0.96955204 -8.354175e-05 1.4902693 26 19.86512 19.002506 0.040468443 18.856363 0.06812139 18.74114 0.09105085 0.02153059 0.3726555 26.30771 5.4810467 46.553387 5.4443173 66.48816 5.5744047 52.778694 4.947358 0.6912511 0.31466174 0.39689082 0.4811455 0.74954593 1.2954792 1.9914606 1.4173309 4.8291473 1.6438589 16.316345 0.6799992 14.684972 2.2105882 6828.163 6441.1646 d025 1.3471951 1.1761059 -80.87876 3.5 0 2.7882955 1.46 1.145471 0.12699664 0.8765702 -0.0009504193 1.5292277 22 20.306404 3.5
115427 109.13041421937938 -9.443040743028906 21.485104 0.28069222 20.234184 0.106442235 18.753729 0.028478483 17.947916 0.016632954 17.378935 0.014938397 99.0 99.0 20.195148 0.26335368 99.0 99.0 99.0 99.0 20.42606 0.25045907 17.89543 0.017012108 17.578363 0.022940325 0 2.1175995 1.38 1.0423802 0.040657103 0.98163754 -0.001760134 1.3740083 34 18.91947 18.23409 0.02100674 18.04966 0.03293485 17.977009 0.04542424 0.031049656 0.37276295 5.0605073 5.4618216 47.46236 5.4463096 134.39926 5.621533 129.69452 4.996498 0.069293424 0.3131608 0.7147261 0.4822345 -2.382169 1.2940731 1.4683496 1.4165368 1.7140785 1.6388311 22.584375 0.68566895 36.900116 2.2328522 4684.1445 8499.856 d025 1.3585987 1.303362 82.16806 3.5 0 2.521575 1.46 1.0423802 0.040657103 0.89539003 -0.00074491045 1.3806503 33 19.913427 3.5
119523 109.15700394615202 -9.401009051936535 21.781454 0.3627195 20.642824 0.15190628 19.191475 0.040543973 18.548399 0.026564902 18.05209 0.02537045 99.0 99.0 99.0 99.0 99.0 99.0 99.0 99.0 20.408413 0.24578115 18.469158 0.026012177 18.209875 0.037772276 0 2.6213143 1.38 1.0726975 0.06777078 0.98040485 0.002261631 1.516056 27 19.67204 18.758293 0.032738708 18.598326 0.053951778 18.520542 0.07447346 1.2915654 0.37540784 19.959684 5.477063 116.26604 5.5018277 81.46736 5.5867004 66.19158 4.957677 1.6648495 0.3172323 1.491404 0.48468632 1.1448045 1.2968879 1.4612633 1.416743 2.20041 1.6399336 59.921917 0.7177471 23.303274 2.219907 4512.328 8774.925 d025 1.304112 1.2157313 87.17623 3.5 0 3.3604865 1.46 1.0726975 0.06777078 0.51775366 0.002142331 1.9156556 27 20.451681 3.5
6580 96.00205055523634 -11.912283263112943 99.0 99.0 20.764103 0.11337717 19.205753 0.032708593 18.607697 0.02652286 18.173656 0.02894503 99.0 99.0 99.0 99.0 99.0 99.0 99.0 99.0 20.726963 0.27866238 18.750895 0.030579383 18.247665 0.03864383 0 2.6016312 1.26 1.1390371 0.122065485 0.9559227 -0.00044421275 1.4093965 30 19.774405 18.84751 0.029963728 18.705868 0.04473558 18.678316 0.06260865 -0.16682008 0.13849622 5.182349 1.2273616 22.925465 1.3237383 29.831413 1.7198017 25.64942 1.9026049 -0.0036744522 0.12669533 -0.23945706 0.21976916 0.3687043 0.4880318 -0.28518945 0.51213795 1.8210523 0.5238336 5.985423 0.17976448 8.343688 0.75406206 8561.762 1551.8279 d029 1.3928581 1.2228383 -35.422832 0.0 0 2.2692473 1.26 1.1390371 0.122065485 0.9781564 -0.0016059773 1.3931601 30 20.222935 3.5
19755 97.17562025499618 -11.687704989303697 21.527248 0.3481127 20.045399 0.06631787 19.225788 0.032780252 18.7209 0.028166216 18.56851 0.03733723 99.0 99.0 99.0 99.0 20.292755 0.27888554 20.65214 0.36188564 19.796745 0.13382971 18.678602 0.029606974 18.63707 0.049744222 0 2.2131484 1.26 1.093305 0.08534217 0.9809763 -0.0013593386 1.4146466 27 19.720121 18.967747 0.03284132 18.730932 0.045679547 18.643772 0.06074048 0.24816339 0.13990936 7.198631 1.2363558 21.092594 1.3180745 30.795767 1.7224214 19.38847 1.8929183 -0.07994559 0.12673517 0.11603861 0.22061552 0.5115611 0.48904467 1.8012869 0.5229089 1.073412 0.51990986 3.7362478 0.1720966 5.7598066 0.7467938 1041.4497 3019.0564 d029 1.3607323 1.2446045 18.74694 3.5 0 2.4097695 1.26 1.093305 0.08534217 0.9590486 0.0010561739 1.4728013 31 20.219593 3.5
28459 96.06104969319706 -11.5421124870454 99.0 99.0 20.211313 0.076687336 19.161596 0.03193242 18.76824 0.029731646 18.19407 0.02910236 99.0 99.0 99.0 99.0 20.470081 0.32813022 21.282946 0.60509527 20.441778 0.22316423 18.778803 0.030619416 18.290909 0.039079685 0 2.3306952 1.26 1.0184386 0.018104732 0.9829303 -0.0041978424 1.0735564 20 19.808327 19.09594 0.03618704 19.827372 0.11926853 99.0 99.0 0.10946927 0.13916725 7.018523 1.2357727 26.511267 1.3360134 -3.2893822 1.6536304 52.919506 1.9475075 -0.19486587 0.12675509 -0.2809783 0.2198728 0.86650896 0.49125242 1.1293523 0.5190559 -1.3567227 0.5140731 5.804402 0.179222 26.607784 0.8053478 8187.334 3975.5713 d029 1.2495185 1.2268963 76.242935 3.5 0 2.5036561 1.26 1.0184386 0.018104732 0.89013356 0.0029902116 1.526133 31 20.31035 3.5
29942 96.05396640859558 -11.517622904179722 99.0 99.0 20.473913 0.094067775 19.109663 0.032123797 17.943 0.018123327 17.64299 0.020293323 99.0 99.0 99.0 99.0 99.0 99.0 99.0 99.0 20.042276 0.15893184 18.4338 0.025503242 17.77882 0.028858678 0 2.4926322 1.26 1.0325246 0.0315001 0.9622138 0.010397355 1.6855092 40 19.067974 18.091276 0.017606562 17.46662 0.016442737 17.038464 0.015576232 -0.14808191 0.13848533 21.088585 1.2937528 118.97899 1.6085289 135.08723 1.9375232 4.716437 1.8679298 -0.09085772 0.12668537 -0.32636148 0.2197519 0.14165065 0.486622 -0.93528825 0.51209766 7.955094 0.55616784 24.235012 0.23308997 6.68308 0.74919957 8232.996 4135.806 d029 1.2937348 1.252982 -46.506176 0.0 0 5.2651024 1.26 1.0325246 0.0315001 0.9692496 0.017487273 2.029962 40 20.374607 3.5
36242 96.21420405489312 -11.412689751785155 99.0 99.0 20.041786 0.06589649 18.796389 0.025176143 18.175201 0.019886695 17.882149 0.023001283 99.0 99.0 99.0 99.0 99.0 99.0 20.604128 0.34360978 19.782343 0.13019094 17.793386 0.017441453 17.944458 0.03110171 0 2.2753983 1.26 1.006489 0.0064472556 0.98082525 0.00041242846 1.3782438 35 19.202831 18.417692 0.022017445 18.241356 0.03035568 18.240229 0.042631462 -0.13228855 0.13858329 6.0396724 1.2317778 30.626287 1.3495208 44.658924 1.7531079 33.141537 1.9159484 -0.15973967 0.126775 -0.2299052 0.21990734 -0.1391801 0.48610786 0.45083 0.5151351 2.4063985 0.5273235 9.803755 0.19223413 11.475709 0.7634839 7205.87 4823.8926 d029 1.3123444 1.3038834 -56.41539 0.0 0 2.3287892 1.26 1.006489 0.0064472556 0.9790922 0.0016688303 1.3932928 33 19.836987 3.5
49349 96.72432126721708 -11.191835282599175 21.440674 0.34453088 19.72558 0.052591514 18.943287 0.027508494 18.473917 0.023701945 18.33319 0.030798817 20.851688 0.3201211 20.345251 0.33371305 20.247454 0.27215368 19.842915 0.183226 19.541573 0.10800502 17.864529 0.0187144 18.445621 0.042878684 0 2.2318835 1.26 1.0354556 0.034241557 0.99057496 0.0009863429 1.4071823 31 19.559998 18.69197 0.026753893 18.421795 0.03518758 18.274914 0.04391452 0.44011948 0.14091682 13.935132 1.264376 33.759457 1.35886 43.254807 1.749092 31.754286 1.9125577 0.1851023 0.12785111 0.5032062 0.22312126 0.5394281 0.48906067 1.2589378 0.51957846 2.455973 0.52727646 12.462014 0.20032424 8.889535 0.7556353 3931.706 6269.6206 d029 1.2763202 1.232617 40.995056 3.5 0 2.4151769 1.26 1.0354556 0.034241557 0.927338 0.0033884838 1.5011624 32 20.10367 3.5
52141 97.19186550556238 -11.139915285421468 99.0 99.0 19.559713 0.04824248 19.384075 0.037420344 18.817461 0.030485112 19.360104 0.06843085 99.0 99.0 19.887466 0.22737962 20.06676 0.23423111 20.727396 0.38618314 19.05698 0.077104375 18.570223 0.027110726 17.972675 0.03151975 0 2.2728941 1.26 1.2038213 0.16931194 0.9799677 -0.009885296 1.052223 22 19.26704 18.97996 0.033085532 18.864317 0.05120708 19.014936 0.084473655 0.025066229 0.13860257 10.515465 1.2497712 14.946693 1.2969825 21.878895 1.7018327 11.147047 1.878316 0.07813035 0.1271547 0.4806802 0.22292118 1.8513815 0.49678394 0.64407355 0.515838 3.6264892 0.5334488 3.7881663 0.17219833 10.673721 0.7605901 928.5674 6604.6245 d029 1.4140462 1.1746312 85.28004 3.5 0 2.4530337 1.26 1.2038213 0.16931194 0.96140134 -0.009030699 1.0551075 25 19.679213 3.5
49477 105.04404911163708 -11.502364020679323 99.0 99.0 19.865728 0.03916526 19.04017 0.021036873 18.601965 0.01931776 18.363207 0.027062241 21.322077 0.2940389 20.893959 0.31438828 20.628881 0.21919365 20.269331 0.14643173 19.851744 0.07772731 18.496395 0.019997934 18.378506 0.03509032 0 2.168489 1.22 1.0301654 0.029282153 0.9993296 0.0025950745 1.3564142 29 19.572733 18.725927 0.023809271 18.365198 0.03135941 17.94889 0.031515587 0.72214526 0.23488542 66.70804 2.538281 117.70521 2.9808502 134.9098 3.9150662 89.93971 4.387023 1.10013 0.1954017 0.61594653 0.31443766 3.9648373 0.7256095 5.0043406 0.7845677 10.109934 0.85547227 22.049747 0.497086 31.836382 2.1425836 5987.652 4237.648 d035 1.2197664 1.184049 -24.817818 3.5 0 2.1833262 1.25 1.0301654 0.029282153 0.99616134 0.0032080286 1.4547107 31 20.13456 3.5
50566 104.60645884034334 -11.491020146980729 99.0 99.0 20.544928 0.06743812 19.367817 0.026737394 18.77571 0.02242673 18.477097 0.030415203 22.304749 0.693332 99.0 99.0 99.0 99.0 99.0 99.0 20.327349 0.11576926 18.123356 0.017303033 18.584627 0.042994663 0 2.361937 1.22 1.0257967 0.025147855 0.9692977 0.00062507694 1.2145727 25 19.74642 18.963428 0.028895218 19.02954 0.05652135 19.206194 0.09793985 -0.059765838 0.2323125 3.8580737 2.4020667 30.660358 2.8490696 42.376255 3.8216612 37.521088 4.346277 0.14384282 0.19132362 -0.55443126 0.3112839 0.5636552 0.7111079 -0.022102334 0.7642833 1.7171319 0.82642627 13.10156 0.48502946 9.400033 2.1180594 8794.585 4309.023 d035 1.2675364 1.2356606 -35.54554 3.5 0 2.1536992 1.25 1.0257967 0.025147855 0.9783176 -0.0013032092 1.2070324 24 20.283031 3.5
65336 105.74211810783416 -11.348978928363124 22.369074 0.53908736 20.192352 0.050124932 18.541542 0.015396959 17.364767 0.008508871 16.62422 0.007763153 21.57959 0.370351 21.027136 0.36132687 20.797453 0.2525718 20.963102 0.26650375 20.068245 0.093216784 17.529926 0.010767827 16.635118 0.010348159 0 2.0425704 1.22 1.0817382 0.07556194 0.98348916 -0.00040298156 1.2264045 47 18.138306 17.535458 0.009658749 17.433128 0.014152089 17.399403 0.019409936 0.2555468 0.23332566 16.9436 2.4323387 89.16128 2.938767 223.789 3.9997516 275.85645 4.5167456 0.3346841 0.1922487 0.34964678 0.313159 1.6975725 0.716288 1.2418821 0.7697563 2.2037785 0.82867676 24.412146 0.5000955 91.8977 2.2024875 1507.927 5237.427 d035 1.4177414 1.3106141 -13.155872 3.5 0 2.1525385 1.25 1.0817382 0.07556194 0.98285556 0.00022014299 1.352992 37 19.461222 3.5
94805 104.54070844974744 -11.0802505966852 99.0 99.0 19.847073 0.039724384 18.850334 0.018867675 18.379068 0.016904384 18.132172 0.022974294 21.129095 0.2530277 99.0 99.0 20.263628 0.16412818 20.67887 0.21128815 19.401543 0.058490597 18.156984 0.016433818 18.13794 0.029918881 0 2.1163428 1.22 1.0197593 0.019376397 0.9793731 -0.00013583605 1.2723857 30 19.250223 18.575777 0.02108698 18.46951 0.034365274 18.474281 0.050477028 0.42324612 0.23391724 25.045786 2.4502375 63.144302 2.9004974 83.1549 3.8650203 61.978455 4.3674655 0.38981667 0.1925062 0.47371706 0.31379265 2.4889042 0.71964586 1.071505 0.7692011 5.7550035 0.8409159 13.73547 0.4862573 24.068012 2.1348555 9221.694 6997.0337 d035 1.2986888 1.2735249 7.1233444 3.5 0 2.2248232 1.25 1.0197593 0.019376397 0.97977364 -0.00015051739 1.2927207 29 19.791424 3.5
103172 104.76618299165467 -11.009915742582258 19.319307 0.044047948 19.127125 0.024097038 18.706526 0.017160174 18.491232 0.018099219 18.125702 0.022605212 19.199648 0.05687502 19.300097 0.089580305 19.743685 0.10956845 19.360966 0.07446488 18.698318 0.036477637 18.22689 0.017009651 18.170042 0.03016057 0 2.0241368 1.22 1.0299181 0.029049039 0.9868729 -0.00010337341 1.2918882 30 19.321188 18.674107 0.022819499 18.574028 0.037674442 18.604685 0.056765746 3.3248737 0.2432529 46.892044 2.496164 73.00414 2.9143727 73.74393 3.854631 60.715992 4.36522 1.7515486 0.1979898 1.4575142 0.31829733 2.744542 0.7204724 4.790544 0.78356093 11.904341 0.8612393 10.263692 0.4815059 20.597433 2.130664 7773.8257 7459.692 d035 1.3149283 1.2767309 -18.374353 3.5 0 2.052934 1.25 1.0299181 0.029049039 0.99978274 -0.00096579833 1.2869246 33 19.647694 3.5
