Ha-emitters-disk/Halpha-disk_splus_13r16-Mine_PerField.ecsv
# %ECSV 1.0
# ---
# datatype:
# - {name: NUMBER, datatype: int64}
# - {name: ALPHA, datatype: float64}
# - {name: DELTA, datatype: float64}
# - {name: u, datatype: float64}
# - {name: uerr, datatype: float64}
# - {name: g, datatype: float64}
# - {name: gerr, datatype: float64}
# - {name: r, datatype: float64}
# - {name: rerr, datatype: float64}
# - {name: i, datatype: float64}
# - {name: ierr, datatype: float64}
# - {name: z, datatype: float64}
# - {name: zerr, datatype: float64}
# - {name: F378, datatype: float64}
# - {name: F378err, datatype: float64}
# - {name: F395, datatype: float64}
# - {name: F395err, datatype: float64}
# - {name: F410, datatype: float64}
# - {name: F410err, datatype: float64}
# - {name: F430, datatype: float64}
# - {name: F430err, datatype: float64}
# - {name: F515, datatype: float64}
# - {name: F515err, datatype: float64}
# - {name: F660, datatype: float64}
# - {name: F660err, datatype: float64}
# - {name: F861, datatype: float64}
# - {name: F861err, datatype: float64}
# - {name: flags_i, datatype: int64}
# - {name: fwhm_i, datatype: float64}
# - {name: fwhm_psf_i, datatype: float64}
# - {name: ellog_i, datatype: float64}
# - {name: ellip_i, datatype: float64}
# - {name: class_i, datatype: float64}
# - {name: spread_i, datatype: float64}
# - {name: flux_radius_i, datatype: float64}
# - {name: area_i, datatype: int64}
# - {name: mumax_i, datatype: float64}
# - {name: mag_aper2_i, datatype: float64}
# - {name: magerr_apper2_i, datatype: float64}
# - {name: mag_aper4_i, datatype: float64}
# - {name: magerr_apper4_i, datatype: float64}
# - {name: mag_aper6_i, datatype: float64}
# - {name: magerr_apper6_i, datatype: float64}
# - {name: flux_aper6_u, datatype: float64}
# - {name: fluxerr_aper6_u, datatype: float64}
# - {name: flux_aper6_g, datatype: float64}
# - {name: fluxerr_aper6_g, datatype: float64}
# - {name: flux_aper6_r, datatype: float64}
# - {name: fluxerr_aper6_r, datatype: float64}
# - {name: flux_aper6_i, datatype: float64}
# - {name: fluxerr_aper6_i, datatype: float64}
# - {name: flux_aper6_z, datatype: float64}
# - {name: fluxerr_aper6_z, datatype: float64}
# - {name: flux_aper6_F378, datatype: float64}
# - {name: fluxerr_aper6_F378, datatype: float64}
# - {name: flux_aper6_F395, datatype: float64}
# - {name: fluxerr_aper6_F395, datatype: float64}
# - {name: flux_aper6_F410, datatype: float64}
# - {name: fluxerr_aper6_F410, datatype: float64}
# - {name: flux_aper6_F430, datatype: float64}
# - {name: fluxerr_aper6_F430, datatype: float64}
# - {name: flux_aper6_F515, datatype: float64}
# - {name: fluxerr_aper6_F515, datatype: float64}
# - {name: flux_aper6_F660, datatype: float64}
# - {name: fluxerr_aper6_F660, datatype: float64}
# - {name: flux_aper6_F861, datatype: float64}
# - {name: fluxerr_aper6_F861, datatype: float64}
# - {name: x, datatype: float64}
# - {name: y, datatype: float64}
# - {name: field, datatype: string}
# - {name: a_image, datatype: float64}
# - {name: b_image, datatype: float64}
# - {name: theta_image, datatype: float64}
# - {name: kron_radius_i, datatype: float64}
# - {name: flags_r, datatype: int64}
# - {name: fwhm_r, datatype: float64}
# - {name: fwhm_psf_r, datatype: float64}
# - {name: ellog_r, datatype: float64}
# - {name: ellip_r, datatype: float64}
# - {name: class_r, datatype: float64}
# - {name: spread_r, datatype: float64}
# - {name: flux_radius_r, datatype: float64}
# - {name: area_r, datatype: int64}
# - {name: mumax_r, datatype: float64}
# - {name: kron_radius_r, datatype: float64}
# schema: astropy-2.0
NUMBER ALPHA DELTA u uerr g gerr r rerr i ierr z zerr F378 F378err F395 F395err F410 F410err F430 F430err F515 F515err F660 F660err F861 F861err flags_i fwhm_i fwhm_psf_i ellog_i ellip_i class_i spread_i flux_radius_i area_i mumax_i mag_aper2_i magerr_apper2_i mag_aper4_i magerr_apper4_i mag_aper6_i magerr_apper6_i flux_aper6_u fluxerr_aper6_u flux_aper6_g fluxerr_aper6_g flux_aper6_r fluxerr_aper6_r flux_aper6_i fluxerr_aper6_i flux_aper6_z fluxerr_aper6_z flux_aper6_F378 fluxerr_aper6_F378 flux_aper6_F395 fluxerr_aper6_F395 flux_aper6_F410 fluxerr_aper6_F410 flux_aper6_F430 fluxerr_aper6_F430 flux_aper6_F515 fluxerr_aper6_F515 flux_aper6_F660 fluxerr_aper6_F660 flux_aper6_F861 fluxerr_aper6_F861 x y field a_image b_image theta_image kron_radius_i flags_r fwhm_r fwhm_psf_r ellog_r ellip_r class_r spread_r flux_radius_r area_r mumax_r kron_radius_r
[from data line 208]
131786 127.72262894697162 -37.39481421664772 17.980644 0.024235135 14.443587 0.0021430792 13.0616865 0.0009150945 12.738942 0.0007903335 12.445345 0.00081988727 17.498987 0.025351087 16.998888 0.025152951 16.31845 0.016156705 15.725917 0.010611053 14.150536 0.0034795753 12.789823 0.0009367239 11.987865 0.0009357235 0 3.8829694 1.23 1.0502285 0.04782629 0.9997324 0.019616336 1.643854 369 14.152124 12.708761 0.0007371197 12.560633 0.00071349303 12.502539 0.0007314901 12.761484 0.7473445 3808.1555 10.291818 15006.958 13.27036 20444.865 13.770918 18054.78 11.733939 9.44426 0.5554203 15.544418 0.7813383 70.11842 2.1599236 132.85674 2.3541248 753.5269 3.098293 1894.4706 1.7040348 6850.756 5.9483094 5303.4116 7734.437 d343 1.8409213 1.7528769 84.04492 3.5 0 2.7080154 1.26 1.0502285 0.04782629 0.99976933 0.0074911397 1.4787883 360 14.27638 3.5
65 127.51184864686776 -38.446310338759154 17.77446 0.020821787 16.034805 0.0054212897 15.715327 0.003678154 15.441603 0.003183805 16.0407 0.0056388383 17.191835 0.02060981 17.011631 0.025672588 16.57164 0.019439377 16.420876 0.017082246 15.789456 0.008776048 15.195005 0.0031257612 14.72124 0.0036493603 0 2.9282098 1.23 1.1235423 0.109957874 0.9998733 -0.0025557363 1.2135454 68 15.835972 15.322009 0.0027982083 15.240286 0.003499522 15.212215 0.004456869 15.098093 0.74990916 825.0267 8.628052 1448.7603 7.6159153 1685.4407 6.9169316 667.9707 5.449116 11.861867 0.55898684 14.347407 0.77924407 52.710182 2.1364908 60.704445 2.2590404 159.03189 2.4920285 203.72585 0.9348642 534.8588 2.8210497 6386.814 850.8606 d343 1.4959291 1.33144 -4.3906937 3.5 0 2.7995782 1.26 1.1235423 0.109957874 0.9951869 -0.0040071504 1.2074692 68 16.182978 3.5
54746 127.81257091227089 -37.969728709974746 18.287376 0.029915646 16.019194 0.005206955 14.831526 0.0022081418 14.120829 0.0015511396 13.679364 0.0014970222 17.59948 0.026575323 17.202822 0.02828149 16.947834 0.024595281 16.739742 0.02043359 15.711694 0.008177246 14.438186 0.0020970537 13.807764 0.0022543082 0 2.087638 1.23 1.0288465 0.028037727 0.999415 0.00049727055 1.2788069 96 14.8442545 14.273535 0.0015860873 14.139665 0.0016932038 14.078249 0.001915011 14.595933 0.7496214 1088.7742 8.79036 3105.1265 8.51242 4789.61 8.445816 4221.367 7.1959815 13.014808 0.5607855 15.60034 0.7818416 51.192112 2.1350207 70.08442 2.2723453 212.3576 2.5529933 438.13278 1.0750893 1301.114 3.3599586 4840.8286 3970.9124 d343 1.3900559 1.3510818 79.52634 3.5 0 2.0983057 1.26 1.0288465 0.028037727 0.9973053 0.00034234262 1.3135005 96 15.600382 3.5
92562 127.60484734697772 -37.65473093110642 19.445635 0.07891991 15.093769 0.0030462178 13.196377 0.00097267015 12.769334 0.0007956072 12.460288 0.0008162516 19.077696 0.08563013 18.824375 0.0991196 17.510185 0.037901513 16.870047 0.022657743 14.803201 0.0049114604 12.869375 0.00096845516 11.844576 0.00086788886 0 4.2533183 1.23 1.1256851 0.111652076 0.999406 0.025679432 1.7494495 389 14.194449 12.599405 0.00069987157 12.4427595 0.00067237695 12.383479 0.0006857412 2.1490655 0.736138 2130.9048 9.389582 13124.695 12.636268 22814.344 14.405833 22506.234 12.857725 2.0184894 0.54454035 3.6508143 0.75829697 26.467825 2.0988383 48.84312 2.2417805 415.03128 2.7685554 1774.75 1.6612018 8376.917 6.4812174 5914.4546 6033.0015 d343 1.9469037 1.7295278 87.302536 3.5 0 2.4372597 1.26 1.1256851 0.111652076 0.99937075 0.004880687 1.4183837 377 14.320133 3.5
107301 127.1591810809632 -37.55170190781239 19.156412 0.062301017 14.876477 0.0027152312 13.05808 0.0009128638 12.64306 0.0007521233 12.381006 0.0007878598 18.825878 0.071096554 18.465275 0.07537448 17.371254 0.034716237 16.576832 0.018648976 14.578574 0.0043664947 12.704307 0.0008960698 11.686165 0.000808166 0 5.032256 1.23 1.2158976 0.1775623 0.9993456 0.027590211 1.9098712 382 14.1787815 12.392298 0.00063481176 12.208865 0.0005986393 12.152257 0.0006064638 4.8324184 0.7394456 2536.9683 9.620098 14781.407 13.197465 28229.104 15.764208 28530.969 14.240157 2.8581333 0.5461428 2.855943 0.7572756 23.310223 2.0958328 61.316082 2.2601967 497.9994 2.8540764 2066.5684 1.7637646 10369.314 7.118014 8227.754 6699.9297 d343 2.1070685 1.7329326 84.315865 3.5 0 2.6876209 1.26 1.2158976 0.1775623 0.99905455 0.0055789463 1.4751107 368 14.28646 3.5
131786 127.72262894697162 -37.39481421664772 17.980644 0.024235135 14.443587 0.0021430792 13.0616865 0.0009150945 12.738942 0.0007903335 12.445345 0.00081988727 17.498987 0.025351087 16.998888 0.025152951 16.31845 0.016156705 15.725917 0.010611053 14.150536 0.0034795753 12.789823 0.0009367239 11.987865 0.0009357235 0 3.8829694 1.23 1.0502285 0.04782629 0.9997324 0.019616336 1.643854 369 14.152124 12.708761 0.0007371197 12.560633 0.00071349303 12.502539 0.0007314901 12.761484 0.7473445 3808.1555 10.291818 15006.958 13.27036 20444.865 13.770918 18054.78 11.733939 9.44426 0.5554203 15.544418 0.7813383 70.11842 2.1599236 132.85674 2.3541248 753.5269 3.098293 1894.4706 1.7040348 6850.756 5.9483094 5303.4116 7734.437 d343 1.8409213 1.7528769 84.04492 3.5 0 2.7080154 1.26 1.0502285 0.04782629 0.99976933 0.0074911397 1.4787883 360 14.27638 3.5
65 127.51184864686776 -38.446310338759154 17.77446 0.020821787 16.034805 0.0054212897 15.715327 0.003678154 15.441603 0.003183805 16.0407 0.0056388383 17.191835 0.02060981 17.011631 0.025672588 16.57164 0.019439377 16.420876 0.017082246 15.789456 0.008776048 15.195005 0.0031257612 14.72124 0.0036493603 0 2.9282098 1.23 1.1235423 0.109957874 0.9998733 -0.0025557363 1.2135454 68 15.835972 15.322009 0.0027982083 15.240286 0.003499522 15.212215 0.004456869 15.098093 0.74990916 825.0267 8.628052 1448.7603 7.6159153 1685.4407 6.9169316 667.9707 5.449116 11.861867 0.55898684 14.347407 0.77924407 52.710182 2.1364908 60.704445 2.2590404 159.03189 2.4920285 203.72585 0.9348642 534.8588 2.8210497 6386.814 850.8606 d343 1.4959291 1.33144 -4.3906937 3.5 0 2.7995782 1.26 1.1235423 0.109957874 0.9951869 -0.0040071504 1.2074692 68 16.182978 3.5
54746 127.81257091227089 -37.969728709974746 18.287376 0.029915646 16.019194 0.005206955 14.831526 0.0022081418 14.120829 0.0015511396 13.679364 0.0014970222 17.59948 0.026575323 17.202822 0.02828149 16.947834 0.024595281 16.739742 0.02043359 15.711694 0.008177246 14.438186 0.0020970537 13.807764 0.0022543082 0 2.087638 1.23 1.0288465 0.028037727 0.999415 0.00049727055 1.2788069 96 14.8442545 14.273535 0.0015860873 14.139665 0.0016932038 14.078249 0.001915011 14.595933 0.7496214 1088.7742 8.79036 3105.1265 8.51242 4789.61 8.445816 4221.367 7.1959815 13.014808 0.5607855 15.60034 0.7818416 51.192112 2.1350207 70.08442 2.2723453 212.3576 2.5529933 438.13278 1.0750893 1301.114 3.3599586 4840.8286 3970.9124 d343 1.3900559 1.3510818 79.52634 3.5 0 2.0983057 1.26 1.0288465 0.028037727 0.9973053 0.00034234262 1.3135005 96 15.600382 3.5
92562 127.60484734697772 -37.65473093110642 19.445635 0.07891991 15.093769 0.0030462178 13.196377 0.00097267015 12.769334 0.0007956072 12.460288 0.0008162516 19.077696 0.08563013 18.824375 0.0991196 17.510185 0.037901513 16.870047 0.022657743 14.803201 0.0049114604 12.869375 0.00096845516 11.844576 0.00086788886 0 4.2533183 1.23 1.1256851 0.111652076 0.999406 0.025679432 1.7494495 389 14.194449 12.599405 0.00069987157 12.4427595 0.00067237695 12.383479 0.0006857412 2.1490655 0.736138 2130.9048 9.389582 13124.695 12.636268 22814.344 14.405833 22506.234 12.857725 2.0184894 0.54454035 3.6508143 0.75829697 26.467825 2.0988383 48.84312 2.2417805 415.03128 2.7685554 1774.75 1.6612018 8376.917 6.4812174 5914.4546 6033.0015 d343 1.9469037 1.7295278 87.302536 3.5 0 2.4372597 1.26 1.1256851 0.111652076 0.99937075 0.004880687 1.4183837 377 14.320133 3.5
107301 127.1591810809632 -37.55170190781239 19.156412 0.062301017 14.876477 0.0027152312 13.05808 0.0009128638 12.64306 0.0007521233 12.381006 0.0007878598 18.825878 0.071096554 18.465275 0.07537448 17.371254 0.034716237 16.576832 0.018648976 14.578574 0.0043664947 12.704307 0.0008960698 11.686165 0.000808166 0 5.032256 1.23 1.2158976 0.1775623 0.9993456 0.027590211 1.9098712 382 14.1787815 12.392298 0.00063481176 12.208865 0.0005986393 12.152257 0.0006064638 4.8324184 0.7394456 2536.9683 9.620098 14781.407 13.197465 28229.104 15.764208 28530.969 14.240157 2.8581333 0.5461428 2.855943 0.7572756 23.310223 2.0958328 61.316082 2.2601967 497.9994 2.8540764 2066.5684 1.7637646 10369.314 7.118014 8227.754 6699.9297 d343 2.1070685 1.7329326 84.315865 3.5 0 2.6876209 1.26 1.2158976 0.1775623 0.99905455 0.0055789463 1.4751107 368 14.28646 3.5
131786 127.72262894697162 -37.39481421664772 17.980644 0.024235135 14.443587 0.0021430792 13.0616865 0.0009150945 12.738942 0.0007903335 12.445345 0.00081988727 17.498987 0.025351087 16.998888 0.025152951 16.31845 0.016156705 15.725917 0.010611053 14.150536 0.0034795753 12.789823 0.0009367239 11.987865 0.0009357235 0 3.8829694 1.23 1.0502285 0.04782629 0.9997324 0.019616336 1.643854 369 14.152124 12.708761 0.0007371197 12.560633 0.00071349303 12.502539 0.0007314901 12.761484 0.7473445 3808.1555 10.291818 15006.958 13.27036 20444.865 13.770918 18054.78 11.733939 9.44426 0.5554203 15.544418 0.7813383 70.11842 2.1599236 132.85674 2.3541248 753.5269 3.098293 1894.4706 1.7040348 6850.756 5.9483094 5303.4116 7734.437 d343 1.8409213 1.7528769 84.04492 3.5 0 2.7080154 1.26 1.0502285 0.04782629 0.99976933 0.0074911397 1.4787883 360 14.27638 3.5
277 129.96335892580552 -38.44196012624865 20.276518 0.14027621 15.133345 0.0029454036 15.281829 0.0027931058 13.341702 0.001065599 14.372317 0.0021584039 18.24606 0.04054486 17.835934 0.04206472 16.622429 0.017716646 16.249125 0.013305574 14.756251 0.004567939 13.73644 0.0014704871 12.665157 0.0012930515 0 4.663217 1.36 1.2101153 0.17363244 0.99898106 -0.000936821 1.6263615 248 14.218296 13.260408 0.0009393695 13.11467 0.00091144827 13.076004 0.00094608456 1.8355825 0.5635031 2165.1782 7.9995956 4073.1477 8.00808 12370.811 10.77701 5685.744 7.282963 3.7504637 0.42555782 6.827764 0.6042414 53.47421 1.7138807 85.61976 1.8616549 451.59543 2.4148948 986.8018 1.2557096 3609.3389 4.3628926 2910.1316 873.06934 d344 2.0245457 1.6730188 0.8881815 3.5 0 2.0240932 1.39 1.2101153 0.17363244 0.9911871 0.027244486 1.3758999 193 15.090923 3.5
277 129.96335892580552 -38.44196012624865 20.276518 0.14027621 15.133345 0.0029454036 15.281829 0.0027931058 13.341702 0.001065599 14.372317 0.0021584039 18.24606 0.04054486 17.835934 0.04206472 16.622429 0.017716646 16.249125 0.013305574 14.756251 0.004567939 13.73644 0.0014704871 12.665157 0.0012930515 0 4.663217 1.36 1.2101153 0.17363244 0.99898106 -0.000936821 1.6263615 248 14.218296 13.260408 0.0009393695 13.11467 0.00091144827 13.076004 0.00094608456 1.8355825 0.5635031 2165.1782 7.9995956 4073.1477 8.00808 12370.811 10.77701 5685.744 7.282963 3.7504637 0.42555782 6.827764 0.6042414 53.47421 1.7138807 85.61976 1.8616549 451.59543 2.4148948 986.8018 1.2557096 3609.3389 4.3628926 2910.1316 873.06934 d344 2.0245457 1.6730188 0.8881815 3.5 0 2.0240932 1.39 1.2101153 0.17363244 0.9911871 0.027244486 1.3758999 193 15.090923 3.5
277 129.96335892580552 -38.44196012624865 20.276518 0.14027621 15.133345 0.0029454036 15.281829 0.0027931058 13.341702 0.001065599 14.372317 0.0021584039 18.24606 0.04054486 17.835934 0.04206472 16.622429 0.017716646 16.249125 0.013305574 14.756251 0.004567939 13.73644 0.0014704871 12.665157 0.0012930515 0 4.663217 1.36 1.2101153 0.17363244 0.99898106 -0.000936821 1.6263615 248 14.218296 13.260408 0.0009393695 13.11467 0.00091144827 13.076004 0.00094608456 1.8355825 0.5635031 2165.1782 7.9995956 4073.1477 8.00808 12370.811 10.77701 5685.744 7.282963 3.7504637 0.42555782 6.827764 0.6042414 53.47421 1.7138807 85.61976 1.8616549 451.59543 2.4148948 986.8018 1.2557096 3609.3389 4.3628926 2910.1316 873.06934 d344 2.0245457 1.6730188 0.8881815 3.5 0 2.0240932 1.39 1.2101153 0.17363244 0.9911871 0.027244486 1.3758999 193 15.090923 3.5
277 129.96335892580552 -38.44196012624865 20.276518 0.14027621 15.133345 0.0029454036 15.281829 0.0027931058 13.341702 0.001065599 14.372317 0.0021584039 18.24606 0.04054486 17.835934 0.04206472 16.622429 0.017716646 16.249125 0.013305574 14.756251 0.004567939 13.73644 0.0014704871 12.665157 0.0012930515 0 4.663217 1.36 1.2101153 0.17363244 0.99898106 -0.000936821 1.6263615 248 14.218296 13.260408 0.0009393695 13.11467 0.00091144827 13.076004 0.00094608456 1.8355825 0.5635031 2165.1782 7.9995956 4073.1477 8.00808 12370.811 10.77701 5685.744 7.282963 3.7504637 0.42555782 6.827764 0.6042414 53.47421 1.7138807 85.61976 1.8616549 451.59543 2.4148948 986.8018 1.2557096 3609.3389 4.3628926 2910.1316 873.06934 d344 2.0245457 1.6730188 0.8881815 3.5 0 2.0240932 1.39 1.2101153 0.17363244 0.9911871 0.027244486 1.3758999 193 15.090923 3.5
277 129.96335892580552 -38.44196012624865 20.276518 0.14027621 15.133345 0.0029454036 15.281829 0.0027931058 13.341702 0.001065599 14.372317 0.0021584039 18.24606 0.04054486 17.835934 0.04206472 16.622429 0.017716646 16.249125 0.013305574 14.756251 0.004567939 13.73644 0.0014704871 12.665157 0.0012930515 0 4.663217 1.36 1.2101153 0.17363244 0.99898106 -0.000936821 1.6263615 248 14.218296 13.260408 0.0009393695 13.11467 0.00091144827 13.076004 0.00094608456 1.8355825 0.5635031 2165.1782 7.9995956 4073.1477 8.00808 12370.811 10.77701 5685.744 7.282963 3.7504637 0.42555782 6.827764 0.6042414 53.47421 1.7138807 85.61976 1.8616549 451.59543 2.4148948 986.8018 1.2557096 3609.3389 4.3628926 2910.1316 873.06934 d344 2.0245457 1.6730188 0.8881815 3.5 0 2.0240932 1.39 1.2101153 0.17363244 0.9911871 0.027244486 1.3758999 193 15.090923 3.5
71377 131.05564712020464 -37.939523537684906 16.776125 0.009562705 14.000714 0.0016237344 13.018646 0.00088876655 12.818 0.000833688 12.322482 0.0008603931 16.340117 0.0109999245 15.93855 0.012024036 15.132388 0.007105458 14.805052 0.005660754 13.708687 0.0026804379 12.800599 0.00093299284 12.211475 0.0010532902 0 2.9443176 1.11 1.0245795 0.023989916 0.99873614 0.018508418 1.5456398 379 14.115634 12.868422 0.00079595257 12.696476 0.00075606647 12.641284 0.0007683168 41.367466 0.6275451 5965.6865 10.227957 15707.022 12.89311 17761.764 12.565987 13980.515 10.26805 29.40703 0.48050967 40.130222 0.69498867 217.66939 1.9904007 322.7659 2.2300086 1152.2015 3.1520324 1898.2393 1.6377482 5260.4897 5.131121 6408.424 4168.218 d345 1.7947162 1.7516612 38.219677 3.5 0 2.5943148 1.23 1.0245795 0.023989916 0.9997888 0.008532233 1.5183694 379 14.267524 3.5
82310 131.30241574471142 -37.86021774392061 13.811251 0.0018861694 12.59795 0.00088631717 13.144364 0.00093814865 12.796708 0.0008224819 12.928703 0.0010413775 13.343067 0.0022318077 13.219313 0.0029066473 12.818903 0.0021629496 12.75942 0.0020076507 12.449509 0.0014564409 12.374291 0.0008352709 12.23868 0.0010650491 0 3.610157 1.11 1.0355961 0.034372568 0.99455506 0.02739601 1.6362916 476 14.120988 12.690434 0.00073205325 12.510467 0.00068982097 12.449744 0.00069491117 614.3859 1.1278203 21128.516 16.269173 23412.102 15.272302 21188.584 13.558181 12177.562 9.707664 446.4029 0.94434637 488.49142 1.3442285 1769.9882 3.6203227 2112.855 3.986395 3684.1301 4.9362936 2729.392 1.9186232 5257.4297 5.130082 5134.1675 4688.032 d345 1.9961315 1.9275193 -74.48911 3.5 0 5.353388 1.23 1.0355961 0.034372568 0.98985094 0.035239324 1.9427085 474 14.302915 3.5
